9.999999999999840128e-01
9.999911239831280607e-01
9.999716328717194180e-01
9.999588912802842566e-01
9.999509685392110603e-01
9.999330618261348391e-01
9.999168907573158238e-01
9.999088561752641491e-01
9.998938013537417291e-01
9.998762147789084231e-01
9.998669880423407541e-01
9.998549095995654667e-01
9.998371903929296201e-01
9.998258679662194170e-01
9.998152655878975725e-01
9.997980454095855007e-01
9.997843032197094582e-01
9.997740953940984499e-01
9.997583380176435774e-01
9.997431102663008051e-01
9.997328708504983341e-01
9.997192387242580525e-01
9.997037819523535429e-01
9.996928229693812229e-01
9.996806846269432612e-01
9.996654050699843586e-01
9.996531511583541807e-01
9.996415232370917670e-01
9.996267163735446104e-01
9.996134868915365068e-01
9.996021237192544984e-01
9.995885258687344788e-01
9.995751524987662728e-01
9.995639769967497035e-01
9.995516157180251993e-01
9.995385236871344725e-01
9.995270502074000696e-01
9.995152027340286072e-01
9.995023326100460626e-01
9.994904589765014613e-01
9.994788495744314494e-01
9.994664846181705586e-01
9.994547694474905652e-01
9.994436306803916592e-01
9.994321472086566960e-01
9.993766879228284106e-01
9.993089369785496112e-01
9.992363741035823477e-01
9.991598747332295360e-01
9.990787013522448579e-01
9.989923640971345442e-01
9.989018438549762680e-01
9.988068915931104241e-01
9.987066524617255192e-01
9.986019348008596808e-01
9.984931478970092700e-01
9.983795685094543071e-01
9.982615895962301256e-01
9.981398705404107563e-01
9.980139622384679443e-01
9.978840227541940777e-01
9.977507415149828862e-01
9.976137978475327905e-01
9.974731214573495652e-01
9.973294610491473255e-01
9.971828782259964941e-01
9.970330908811949611e-01
9.968807041571864369e-01
9.967261531045290557e-01
9.965692530380201308e-01
9.964103491434996851e-01
9.962499048504919186e-01
9.960878689669050434e-01
9.959245333454104232e-01
9.957603909093165617e-01
9.955954032944143162e-01
9.954297718408802176e-01
9.952640747052942105e-01
9.950984808533055448e-01
9.949176123023658613e-01
9.947261070559778595e-01
9.945360312104545297e-01
9.943501413833008007e-01
9.941682712300555780e-01
9.939901162661013423e-01
9.938154799115376248e-01
9.936428029302684095e-01
9.934704686028382747e-01
9.932975463676434469e-01
9.931229265067765821e-01
9.929467111547781721e-01
9.927711829568254265e-01
9.925981508739838421e-01
9.924278413946341360e-01
9.922612685672907995e-01
9.920998777112512990e-01
9.919428036965335371e-01
9.917877710954159376e-01
9.916334323114048832e-01
9.914787816520590491e-01
9.913226066392933911e-01
9.911647729392800699e-01
9.910059770641405086e-01
9.908467704749144289e-01
9.906885961143969688e-01
9.905332805328582735e-01
9.903805807079070211e-01
9.902293560387205318e-01
9.900796186825077116e-01
9.899305656276596865e-01
9.897799890157306102e-01
9.896270090428507249e-01
9.894720840559610986e-01
9.893155078358265575e-01
9.891583986034678810e-01
9.890027039735731496e-01
9.888495241913494160e-01
9.887551859890862938e-01
9.886429602337405420e-01
9.884664357679331381e-01
9.883592742061927394e-01
9.882477747374996957e-01
9.881725969731108838e-01
9.879959603796971690e-01
9.879080748293336267e-01
9.877598033039300951e-01
9.876728989446305063e-01
9.875516072614698437e-01
9.874560887312502366e-01
9.873722525653385595e-01
9.872950596929679357e-01
9.872394641177317798e-01
9.871737366839196115e-01
9.871440050869515481e-01
9.871006668641111315e-01
9.870939233690838588e-01
9.870717440245062591e-01
9.870799390221294267e-01
9.870862960387261076e-01
9.871276099944552573e-01
9.871594393217594243e-01
9.871675246472885190e-01
9.872019083405652040e-01
9.872515309334879419e-01
9.873345969763174246e-01
9.874394981184156928e-01
9.875796294659782149e-01
9.877525739493521195e-01
9.879636911381403097e-01
9.882193412752934281e-01
9.885096793188485886e-01
9.888578434823656060e-01
9.892408328701817188e-01
9.896904437636718788e-01
9.901719007275716633e-01
9.907289612222403008e-01
9.913180240095064155e-01
9.919850678475152783e-01
9.926854752196401233e-01
9.930176079476189521e-01
9.939072915382790585e-01
9.946756537249482610e-01
9.949385936686861998e-01
9.950399459740272290e-01
9.951994972128629380e-01
9.950559657078140718e-01
9.948390499199977199e-01
9.945899546276163461e-01
9.943590748511468291e-01
9.941106725980929371e-01
9.928305576630008789e-01
9.912225328726660400e-01
9.895573871476202044e-01
9.878713953639093326e-01
9.861449474665781034e-01
9.844089531473956267e-01
9.826729748791122043e-01
9.809117909311060313e-01
9.791629525024668768e-01
9.774267383238183227e-01
9.757118739579118127e-01
9.740078812475335690e-01
9.723513553592851855e-01
9.707256593140023426e-01
9.691452565481113446e-01
9.676299042428218034e-01
9.661671382261671770e-01
9.647732109295790170e-01
9.634450511494331293e-01
9.622080179211615070e-01
9.610316845039864608e-01
9.599424067255927229e-01
9.589311148979138277e-01
9.580103853159700478e-01
9.571620393792726889e-01
9.564034805608848666e-01
9.560287799864288782e-01
9.554416691361503622e-01
9.548218433481377998e-01
9.545946396167572789e-01
9.541830254547838397e-01
9.537626541180028727e-01
9.534979431582090159e-01
9.532242291981979365e-01
9.530625952891126351e-01
9.529056805204596525e-01
9.528574364115756090e-01
9.527768156181762871e-01
9.527572514227740097e-01
9.527424051392282545e-01
9.527352534652465677e-01
9.526930171202753206e-01
9.526316649922587088e-01
9.525528806826343287e-01
9.523999873005548622e-01
9.522286264588997184e-01
9.520068596084216850e-01
9.517309595416049151e-01
9.513824302463085303e-01
9.510147249620169996e-01
9.505493100011642715e-01
9.500058632567737193e-01
9.494026037825313846e-01
9.487157421051597428e-01
9.479371573873248691e-01
9.470865973798265891e-01
9.461822857807928866e-01
9.451929848320115291e-01
9.441674686209773348e-01
9.431019874134370928e-01
9.420015047645449169e-01
9.408602814683959537e-01
9.397283219731090709e-01
9.385801032177526482e-01
9.374254865991895613e-01
9.362986852770295298e-01
9.352165737771976906e-01
9.341751298833352868e-01
9.332069172661019429e-01
9.323477743635942838e-01
9.315780224441349011e-01
9.309352532215851017e-01
9.306490123415368521e-01
9.302493604351397272e-01
9.300252530662489470e-01
9.298563804126828147e-01
9.297382224862383859e-01
9.298644984377051337e-01
9.300587836728587687e-01
9.304622247440441640e-01
9.309856696055127667e-01
9.316615730785741123e-01
9.324814443787585727e-01
9.334205190713003031e-01
9.344916143977589629e-01
9.356283721130735920e-01
9.368939715328931106e-01
9.381814005322608452e-01
9.395421839323031543e-01
9.409090757936693361e-01
9.423138318462371821e-01
9.436856762672786170e-01
9.450552340613391777e-01
9.463775545121844157e-01
9.476481074410819661e-01
9.488477190534581052e-01
9.499533418702911236e-01
9.509538655672160612e-01
9.518166972643218315e-01
9.525493017004598162e-01
9.531153604992985695e-01
9.535129385924902001e-01
9.537317375300499167e-01
9.537725890550243779e-01
9.536274242714957161e-01
9.532916805901696655e-01
9.527776523643707307e-01
9.520747773049319518e-01
9.512055821446345760e-01
9.501625277133300962e-01
9.489764513143690294e-01
9.476376200391490867e-01
9.461951384413401778e-01
9.446452913984274558e-01
9.430319582676874868e-01
9.413628794626197616e-01
9.396826650538616654e-01
9.380051457984905916e-01
9.363623693917820789e-01
9.347749726553424843e-01
9.332707503023085494e-01
9.318684337218088309e-01
9.305905234679332505e-01
9.294599888033012736e-01
9.284922494971389328e-01
9.277081884924023303e-01
9.271229217091054853e-01
9.267483590696332652e-01
9.265915900517166515e-01
9.266622285185468488e-01
9.269640640935404852e-01
9.274920928114510632e-01
9.282460781718747667e-01
9.292167287550598953e-01
9.303995782609800758e-01
9.317761191396524145e-01
9.333394025596439825e-01
9.350652265001260233e-01
9.369389465531606787e-01
9.389340759921825930e-01
9.410297853852391814e-01
9.431894567933017948e-01
9.453873637134384555e-01
9.475895546588343210e-01
9.497629064735554349e-01
9.518714567421314721e-01
9.538842629229125070e-01
9.557682536080862601e-01
9.574913734050598535e-01
9.590270159171289110e-01
9.603467490125872086e-01
9.614262532730767363e-01
9.622452540443577895e-01
9.627867042790952956e-01
9.630342309972498294e-01
9.629791847153087447e-01
9.626171035372426132e-01
9.619475638779946269e-01
9.609739799334283683e-01
9.597076412165015391e-01
9.581629193795618837e-01
9.563568162198007316e-01
9.543128094267101513e-01
9.520560601357288544e-01
9.496143898033718722e-01
9.470199397468891389e-01
9.443081267246050681e-01
9.415147374351608978e-01
9.386768789148680625e-01
9.358365669319146374e-01
9.330336169082379394e-01
9.303097048323684115e-01
9.277056985428582259e-01
9.252635103830565422e-01
9.230199973880263142e-01
9.210135630565935427e-01
9.192763770825583824e-01
9.178398259584947816e-01
9.167293024959451975e-01
9.159700920438764715e-01
9.155792303609167071e-01
9.155714216295880448e-01
9.159549643626959670e-01
9.167337811611141474e-01
9.179037115310666461e-01
9.194563861347214706e-01
9.213765763993505553e-01
9.236429954161826661e-01
9.262288575049189010e-01
9.291018025943951208e-01
9.322241691528995178e-01
9.355538200006874305e-01
9.390461272448312746e-01
9.426522990577894667e-01
9.463214298691950965e-01
9.500014198718192970e-01
9.536375943245380959e-01
9.571749553159782931e-01
9.605587446571129950e-01
9.637355880100856309e-01
9.666546620550334756e-01
9.692683498593489544e-01
9.715330620350917101e-01
9.734087901930159603e-01
9.748607051214019936e-01
9.758602530387164853e-01
9.763844123523344187e-01
9.764164484464810112e-01
9.759461296846082545e-01
9.749704943612768071e-01
9.734934346180870168e-01
9.725592227797104083e-01
9.703771703202408450e-01
9.676814099730749463e-01
9.646123476696126797e-01
9.628876818863234543e-01
9.592506635807886983e-01
9.552166190684636682e-01
9.509777931357351610e-01
9.464788640754602245e-01
9.418451396446212431e-01
9.371192524340000718e-01
9.323758232492868059e-01
9.276790539001968927e-01
9.230916796901815768e-01
9.187270336241452062e-01
9.145868372085355080e-01
9.107920273794288812e-01
9.090055603833556708e-01
9.058582259613093823e-01
9.030945249064815661e-01
9.009250989370196638e-01
9.000069381841186988e-01
8.987105855656138953e-01
8.979455110924344785e-01
8.978941786370503442e-01
8.984551818267642043e-01
8.996707066961779908e-01
9.015423803314605022e-01
9.040566173039087383e-01
9.071686993042351599e-01
9.108444118869553074e-01
9.150989485069472851e-01
9.197983669777649585e-01
9.249269719940171885e-01
9.304213157980231186e-01
9.362137137171777646e-01
9.421707388892393009e-01
9.482751012244823308e-01
9.544245385716086938e-01
9.604918522013479176e-01
9.664226437251285384e-01
9.721307175526398003e-01
9.774991502664560628e-01
9.824400464501079622e-01
9.869216396002095104e-01
9.908173722867921196e-01
9.914927667434864089e-01
9.911937301472579787e-01
9.908556561719011890e-01
9.904460802908039430e-01
9.900029789044629824e-01
9.895464110633426236e-01
9.890445753591554645e-01
9.885106725095230695e-01
9.879914672991453317e-01
9.874476260377292869e-01
9.833799405036695029e-01
9.779751606548465759e-01
9.719266311543282022e-01
9.653066595697226138e-01
9.582184319828364050e-01
9.507692849244291367e-01
9.430327214178337858e-01
9.351423568136181252e-01
9.272150401441666689e-01
9.193503081246464648e-01
9.116710378354081490e-01
9.043097952396380590e-01
8.973675016785498393e-01
8.909467610799166604e-01
8.851696488038797161e-01
8.801259503379208482e-01
8.758901970555285077e-01
8.725497593734045099e-01
8.701747214854065327e-01
8.688038843066532291e-01
8.684783077572962862e-01
8.692347653682385156e-01
8.710715405836199077e-01
8.739841781331380011e-01
8.779603280488430528e-01
8.829635690276870230e-01
8.889331748140780753e-01
8.958159885861747274e-01
9.035284713578646265e-01
9.119701237583531794e-01
9.210337269221051670e-01
9.306064719361415438e-01
9.405467343044646711e-01
9.507171005017120979e-01
9.609785204406093850e-01
9.711721413898500854e-01
9.811385672007472136e-01
9.907272452657330808e-01
9.948681069359236462e-01
9.905139584282024456e-01
9.835892017825802469e-01
9.774423591280761991e-01
9.721830086700341544e-01
9.679079224662672232e-01
9.647016024702573800e-01
9.626327293452778822e-01
9.617547649762787643e-01
9.621051018123413234e-01
9.637018607955666338e-01
9.665486908787526144e-01
9.706262491953419058e-01
9.759012999916730768e-01
9.823156694729097138e-01
9.853415548100139532e-01
9.844844126092467951e-01
9.827064561301576129e-01
9.710088742956073382e-01
9.586491629225323274e-01
9.458067303204854559e-01
9.326713813444051926e-01
9.194280653915087864e-01
9.062790260572702872e-01
8.934245852040754166e-01
8.810600636542796904e-01
8.693810768818236445e-01
8.585713182200097604e-01
8.488038344537501834e-01
8.402396788217835200e-01
8.330284829803475954e-01
8.272955392179311973e-01
8.231437672839808650e-01
8.206479769680133929e-01
8.198572754268376173e-01
8.208031098511029411e-01
8.235113100220503579e-01
8.279946154593360585e-01
8.342430307631049091e-01
8.422173629895125524e-01
8.518439636216136313e-01
8.630163523420032456e-01
8.756045748478323842e-01
8.894579963094562114e-01
9.043990996032866825e-01
9.202280690825659359e-01
9.367274350357771562e-01
9.536584913576456879e-01
9.707787353795244156e-01
9.878148127601649175e-01
9.961239628880984576e-01
9.817658483855120632e-01
9.680519185479753430e-01
9.552085406204264828e-01
9.434512530460295032e-01
9.329729831121361672e-01
9.239524657622310011e-01
9.165486896701380282e-01
9.109018862801859795e-01
9.071283041223772159e-01
9.053196870312072431e-01
9.055419193756243379e-01
9.078342406984930557e-01
9.122076752983048209e-01
9.186435202393453681e-01
9.270925775701981397e-01
9.374742975858333383e-01
9.496773391421945432e-01
9.635588919194216784e-01
9.789432557416686276e-01
9.795716518720617438e-01
9.731698801309549562e-01
9.518273196974597061e-01
9.299381730246467637e-01
9.078345123526970761e-01
8.858634970348341353e-01
8.643743992517169961e-01
8.437139380215359363e-01
8.242492498296787318e-01
8.065040057062253798e-01
7.911988518120923741e-01
7.788040100082634920e-01
7.692229002237842561e-01
7.621548628067899012e-01
7.573356751775123241e-01
7.545695791280662146e-01
7.537321038883004753e-01
7.547742342575128882e-01
7.577287391926360582e-01
7.627158192532214054e-01
7.699471987990772481e-01
7.797324045263683834e-01
7.924871941461166802e-01
8.086677677958720167e-01
8.283087097446916180e-01
8.507175928564097989e-01
8.751785630184448772e-01
9.012589525410481528e-01
9.285778898457567321e-01
9.567201858830872707e-01
9.838718011801671492e-01
9.891522337886824445e-01
9.666447732978575846e-01
9.425403536763061751e-01
9.194995172808674289e-01
8.978912619494567871e-01
8.780699328476297971e-01
8.603598607818353505e-01
8.450550215107848206e-01
8.324191754141696542e-01
8.226813278733489110e-01
8.160164416990312031e-01
8.125353284850275193e-01
8.123114888194903349e-01
8.154146524302576804e-01
8.219134938496784892e-01
8.318414500115739463e-01
8.451590671860870208e-01
8.617563861104421408e-01
8.814704834803240852e-01
9.040860707647050409e-01
9.293280414868030359e-01
9.568585029645265694e-01
9.723042182954921842e-01
9.642593376178435483e-01
9.278125938192794964e-01
8.909584356049465859e-01
8.543474603102435561e-01
8.186897159758211862e-01
7.858329665868353242e-01
7.594497227987035970e-01
7.396828705871796306e-01
7.252322609057515468e-01
7.149400744419270870e-01
7.078325776632046207e-01
7.031278734690316057e-01
7.002678523865983884e-01
6.989214183837274552e-01
6.989275785895362469e-01
7.002298464846152815e-01
7.028390257068733993e-01
7.068351821394401879e-01
7.124146415594124759e-01
7.199840013719958076e-01
7.302666328481253188e-01
7.443420765578223630e-01
7.636276913121785581e-01
7.899153527809941178e-01
8.251551571161870324e-01
8.673560689778885280e-01
9.123850953851665446e-01
9.549343064816917526e-01
9.841490283779558146e-01
9.559598274892928682e-01
9.185661411582927149e-01
8.800398290680516711e-01
8.417589958533554517e-01
8.063447849470049000e-01
7.762920351324840151e-01
7.533679084494326883e-01
7.367726668732366146e-01
7.251312711159576541e-01
7.172297981887958418e-01
7.122288330471426843e-01
7.096184950718276152e-01
7.091571225128572298e-01
7.108314062924196985e-01
7.148597002682527402e-01
7.217494480984870675e-01
7.324010931101393451e-01
7.482615965270098535e-01
7.714390970151202565e-01
8.039368060609459743e-01
8.442292992228537241e-01
8.891924052508509702e-01
9.377395347780222989e-01
9.596926426180990566e-01
9.284023637507443638e-01
8.670476770648457565e-01
8.064625860884053754e-01
7.543121692465728501e-01
7.196380715494317126e-01
6.980577395041406286e-01
6.844405857012232364e-01
6.744887090537335927e-01
6.665818447166398375e-01
6.605048530385577710e-01
6.561866413662114095e-01
6.535172969689388989e-01
6.523900332412870817e-01
6.527303432398515737e-01
6.545029280554914841e-01
6.577163323607336798e-01
6.624281960209472686e-01
6.687522489143173932e-01
6.768644689615880283e-01
6.869810227256917257e-01
6.992891810792171148e-01
7.140560575762667783e-01
7.332436476994643737e-01
7.631767129731651389e-01
8.116635986172338058e-01
8.767751963696436279e-01
9.445050940754657898e-01
9.664672367896643967e-01
9.047016010500497085e-01
8.427035316205674365e-01
7.844113608863872988e-01
7.380597015076971745e-01
7.095507524301588598e-01
6.916577016910732123e-01
6.783455548411719827e-01
6.673136622497544135e-01
6.583552141140287528e-01
6.514724277229974048e-01
6.466420324131506581e-01
6.438500575457445363e-01
6.431088783266112330e-01
6.444591126724641406e-01
6.479707750560087520e-01
6.537427404406436215e-01
6.618929880182325975e-01
6.725166101336828017e-01
6.856572681186262619e-01
7.025175802275114290e-01
7.293179271506243788e-01
7.773343641708638785e-01
8.524550133419556142e-01
9.368688905474599204e-01
9.358975330723416919e-01
8.341346093893314828e-01
7.424531840714521103e-01
6.921723617751512903e-01
6.668054565860362937e-01
6.485282615153529218e-01
6.343323861904813787e-01
6.236904233733332470e-01
6.159677425533182094e-01
6.106467463238011151e-01
6.073461297290336791e-01
6.057854484164092446e-01
6.012828996509025359e-01
5.986681971470622088e-01
5.982988124947558051e-01
6.001794050601259034e-01
6.043693675026975409e-01
6.109950253583925628e-01
6.202754138319178656e-01
6.325717221253184253e-01
6.484932737229222033e-01
6.691359567269762332e-01
6.958461747193694924e-01
7.231388361137129905e-01
7.585968718369300312e-01
8.153938148463062419e-01
9.216408175346930687e-01
9.313289348121712719e-01
8.267247093350589271e-01
7.398880749911971311e-01
6.999818704438306449e-01
6.712244558677813444e-01
6.473355573211201364e-01
6.273076171160228975e-01
6.104895209368098596e-01
5.964406075387046480e-01
5.849328275359564344e-01
5.758807043420819394e-01
5.692779948834180148e-01
5.651675425393420937e-01
5.636185466731645777e-01
5.647167779202695304e-01
5.685574011593937938e-01
5.752486058165940941e-01
5.849228733498585964e-01
5.977699907969088455e-01
6.141040851831408576e-01
6.344676011300279805e-01
6.597159404907250169e-01
6.904868485423835134e-01
7.370630294334682420e-01
8.454257112929404183e-01
9.091769884542471036e-01
7.900741793092487253e-01
6.822307690397777513e-01
6.410625620183223461e-01
6.138075008072265693e-01
5.947436283449012429e-01
5.814537650808712099e-01
5.724164255527994793e-01
5.620383464744425073e-01
5.480223937192186812e-01
5.371195880915468068e-01
5.290628400955007526e-01
5.236815989406241600e-01
5.208814413543946253e-01
5.206309631906536062e-01
5.229515000292396243e-01
5.279069580734525591e-01
5.355995474089978448e-01
5.461791533419211309e-01
5.598780501845315172e-01
5.770908740415822136e-01
5.985400988841268477e-01
6.256177822810435885e-01
6.612484698290803653e-01
7.121186324965974590e-01
7.406328409453506456e-01
8.051286976191415201e-01
8.807487944616734232e-01
8.787873582952522300e-01
7.265212135911573998e-01
6.696577035239187348e-01
6.414219043195948933e-01
6.069053918196422037e-01
5.776533283004121611e-01
5.640347453122998012e-01
5.409014670281088177e-01
5.288321545244517585e-01
5.195750421829504750e-01
5.009674311609120245e-01
4.855274343029724604e-01
4.735916150605572472e-01
4.677033593810828727e-01
4.613318710011614643e-01
4.565195037035985615e-01
4.577882616853020670e-01
4.611423563473409093e-01
4.709277687694171100e-01
4.831686808647767672e-01
5.018565125955990469e-01
5.232892880959801873e-01
5.511754942973567939e-01
5.826821941218113254e-01
6.226009422715693686e-01
6.720032035932521630e-01
7.460506227038582461e-01
8.529484881173469146e-01
7.337862975900684148e-01
6.313819495041699259e-01
5.858513651404888556e-01
5.699083599830891966e-01
5.475044966030430116e-01
5.390674989817488827e-01
5.279067430597151889e-01
5.139621866800984096e-01
4.918553978430493245e-01
4.815091152482802728e-01
4.729904909516348122e-01
4.575802468068293494e-01
4.513398519854138757e-01
4.453917146752228162e-01
4.403955244904638189e-01
4.324775717290531563e-01
4.292785136225450993e-01
4.260657632247353277e-01
4.252353710575863532e-01
4.273772173129488650e-01
4.329082903215529798e-01
4.432556184025489010e-01
4.574994466891666445e-01
4.767654284503687334e-01
5.002517419880405658e-01
5.289495070484623307e-01
5.627234004163268466e-01
6.042802950579208021e-01
6.586780082662884173e-01
7.385266463914869073e-01
8.229282143400750149e-01
7.980002451079614145e-01
7.018487561354471715e-01
6.312046629147031185e-01
5.969475548703300216e-01
5.790851583470626451e-01
5.573861280071865654e-01
5.362050783480108995e-01
5.167665480369686426e-01
4.974249502907218679e-01
4.793294763485402843e-01
4.613905991302477139e-01
4.437809732055970624e-01
4.281652808154376988e-01
4.184710434702877957e-01
4.042233562146790304e-01
3.886293518698575866e-01
3.739809430298381421e-01
3.616982226613841833e-01
3.480863267968576369e-01
3.285656243378124453e-01
3.222344770514014023e-01
3.158492894604519319e-01
3.081373457411879513e-01
3.042490714269734942e-01
2.992480079899247913e-01
3.015244715550505772e-01
3.050394263477723689e-01
3.177210723884856813e-01
3.378307949011693512e-01
3.652248964220346505e-01
4.002448755909109313e-01
4.425347873915144170e-01
4.920460465353359014e-01
5.486466618394229000e-01
6.158474171112965356e-01
7.086283685722960524e-01
7.843258191695013926e-01
6.771709756348981424e-01
6.165858525166787452e-01
5.792501636961207012e-01
5.511607099750466254e-01
5.301724566663585936e-01
5.134760873946343507e-01
5.066526731499372271e-01
4.956173859611128774e-01
4.907990951994777307e-01
4.870723967784535979e-01
4.777732584328223120e-01
4.634677623773145183e-01
4.507391181873892649e-01
4.382982023302088859e-01
4.269009073488182482e-01
4.159805276940021224e-01
3.959595207047801879e-01
3.831033755720859024e-01
3.766219968107948346e-01
3.707288800858580813e-01
3.646323516190583813e-01
3.536019433567768044e-01
3.452691665630374662e-01
3.379673617230055660e-01
3.247196533315460099e-01
3.172343139967339076e-01
3.068111318157776268e-01
3.030776937723811959e-01
3.008964258374025036e-01
3.008366748467065643e-01
3.061466501908176041e-01
3.164843905927838263e-01
3.336661431458078919e-01
3.442565266195609097e-01
3.716186602505632819e-01
4.059981457850463382e-01
4.484432169266636681e-01
4.983534913951934153e-01
5.574625882117889564e-01
6.302905688857154409e-01
7.252304720067738186e-01
7.657557923955773393e-01
7.114387679198651560e-01
6.436943115130731030e-01
6.076206899312190934e-01
5.917422997369244930e-01
5.807969909771579786e-01
5.612994854962394253e-01
5.193868526160650978e-01
5.078231806185424801e-01
4.923154041458425167e-01
4.665821242346448461e-01
4.533928652025178696e-01
4.283641572298222400e-01
4.124202913845985141e-01
4.007163257870922646e-01
3.746058076713665863e-01
3.446896174194100659e-01
3.290436520275860643e-01
3.038952846654733864e-01
2.891283854671741760e-01
2.772007336307351633e-01
2.600429833142173797e-01
2.447877092483696226e-01
2.246533029493781308e-01
2.157058254626647020e-01
1.849146442563376624e-01
1.682902121714545118e-01
1.564781297807734672e-01
1.480966834718466241e-01
1.513744655849447451e-01
1.388595412371344817e-01
1.551745229086384237e-01
1.550742791025199185e-01
1.827035186127044797e-01
2.000887227998838780e-01
2.435369820933674934e-01
2.818198323319459631e-01
3.444717024836691510e-01
4.056328432521155158e-01
4.881393066863591312e-01
5.732883107634567654e-01
6.992137753589214855e-01
7.442833884960763369e-01
7.489760488448069520e-01
7.282177494350825508e-01
6.306840477106827603e-01
5.766748869672303490e-01
5.565668406033518201e-01
5.392366943774069554e-01
5.239382456760153239e-01
5.107864985624399612e-01
4.887442089567838877e-01
4.790447576380244543e-01
4.642141292160713029e-01
4.570101105307809441e-01
4.517970878647956656e-01
4.465089163244119197e-01
4.308297089490334963e-01
4.074644962952560512e-01
3.949227364576221033e-01
3.844720935747632518e-01
3.729108501692655619e-01
3.625134320470794758e-01
3.419399310709324569e-01
3.319913123362620011e-01
3.131351394529139909e-01
3.041065351562630137e-01
2.952190112796936883e-01
2.869300232105472248e-01
2.714958526470116484e-01
2.634417461012451556e-01
2.507672811960904857e-01
2.438187444143380123e-01
2.336911497253762182e-01
2.243496758068604935e-01
2.202822084723877749e-01
2.097754155150098609e-01
1.983519765168232085e-01
1.970309219541134804e-01
1.969906424810877188e-01
2.003059359617024304e-01
2.040979944178796524e-01
2.176287306145597844e-01
2.352229137961366345e-01
2.598480070925764940e-01
2.916306387202005079e-01
3.349416687001681159e-01
3.890973521885005004e-01
4.534381379566675419e-01
5.261934475945124756e-01
6.173451686686347584e-01
7.253891655820025042e-01
7.424076053069346148e-01
7.477056125749482751e-01
6.692204191023011228e-01
6.138197035452942485e-01
5.783735411630767098e-01
5.658045705364631583e-01
5.526966074350208036e-01
5.433640701718636112e-01
5.337600630004946112e-01
5.265994999423029288e-01
5.146072232418937853e-01
4.992834047031802780e-01
4.838474800284497945e-01
4.528090025756363324e-01
4.366784771010434052e-01
4.187647889513554933e-01
3.919377589893472957e-01
3.463846543134206368e-01
3.467795600561405789e-01
3.241224742831185779e-01
3.173040957552779040e-01
3.007635920838999111e-01
2.803431087275742861e-01
2.449176905819016037e-01
2.320456944095115603e-01
2.216877191991718787e-01
2.076599971624064067e-01
1.991192317540529944e-01
1.662277156530865274e-01
1.567303391663095458e-01
1.478484040357125329e-01
1.435000575553804780e-01
1.369078013923212267e-01
1.308385615216254294e-01
1.216998289812188522e-01
1.012031037303724179e-01
8.919455632787877397e-02
6.637770357048725089e-02
7.016267716265779664e-02
6.470419664082584232e-02
6.499788748044561804e-02
6.932615356043196619e-02
7.160582760266925861e-02
7.813304485861068127e-02
9.360207182182841978e-02
1.038963959405705684e-01
1.244869923912530069e-01
1.546524802832502654e-01
1.874223737984171134e-01
2.363892673752260587e-01
2.941791165954927290e-01
3.704965055315902478e-01
4.557360179633006547e-01
5.599824254787915123e-01
6.203182709289771779e-01
7.315394055971322640e-01
7.356102980666833213e-01
6.962346559072499774e-01
6.086542408940273097e-01
5.597298844119706906e-01
5.387610863377377823e-01
5.223150733373054244e-01
4.941666427064597134e-01
4.810458570474616669e-01
4.712582697653089348e-01
4.608468396508275111e-01
4.528047332803585845e-01
4.443760164245473265e-01
4.377348897607601930e-01
4.246325954886202014e-01
4.148971533079092722e-01
4.012715569728512732e-01
3.871577663283926052e-01
3.737926306511422103e-01
3.605471352959893627e-01
3.477065005628525718e-01
3.411509098425911657e-01
3.291851131510197259e-01
3.172604383507741654e-01
3.056593624760893246e-01
2.840424711160726146e-01
2.647786013307993347e-01
2.542969418416544114e-01
2.458717597721095660e-01
2.288945788781116542e-01
2.210262912710744265e-01
2.140687001006285617e-01
2.070341194610187951e-01
2.024290773076836136e-01
1.979092441239961586e-01
1.901386028928350458e-01
1.774556411301927150e-01
1.699795213904317925e-01
1.613238240738069929e-01
1.548637262392182634e-01
1.539919480053195955e-01
1.617738708689143157e-01
1.752271059024383126e-01
1.938490720707502502e-01
2.140718115713724778e-01
2.392114623908059845e-01
2.702371504311577577e-01
3.122851499771054362e-01
3.666371742182341076e-01
4.356707365573876389e-01
5.146930469376801431e-01
6.092238295642642409e-01
6.625071563773712313e-01
7.281488285293767904e-01
7.315495155010166561e-01
7.355469196667719922e-01
7.379766557343655498e-01
6.912239467026241035e-01
6.276525146836111624e-01
6.036291843954483261e-01
5.867728676883618988e-01
5.700509987842837800e-01
5.460276144184962321e-01
5.348198114964219929e-01
5.265334341515182093e-01
5.183788499900493507e-01
5.118053496139637337e-01
4.973828607379437439e-01
4.722123001546634780e-01
4.603700217608347467e-01
4.473814816585323095e-01
4.352990425476961356e-01
4.219636591794149183e-01
4.091423524197486672e-01
3.957997599033791225e-01
3.825150350338302196e-01
3.688333499614113165e-01
3.412159101398377636e-01
3.287748355375534892e-01
2.997664076197167349e-01
2.883548819258286988e-01
2.592909363545262691e-01
2.483173140759977193e-01
2.231384097250259935e-01
2.128233814836109072e-01
2.072512662030154829e-01
1.928106277900053511e-01
1.661937339060242103e-01
1.525649044485447303e-01
1.290435487925296054e-01
1.088223777827511118e-01
8.664662269145399776e-02
8.541592389178664924e-02
7.944880290326930550e-02
7.225086363980341708e-02
6.605360498325724139e-02
6.186405866759513150e-02
5.735188403671156315e-02
4.728875564746633925e-02
4.627830226647253187e-02
4.318891852521539176e-02
4.126048075197424891e-02
3.996109605167532525e-02
4.241830656261707383e-02
5.609454237580205338e-02
7.530677024667145614e-02
9.632987499688019928e-02
1.203772673804294896e-01
1.484021676526464661e-01
1.814489399261808578e-01
2.264670859740875453e-01
2.844006624788966708e-01
3.589299097976682007e-01
4.468597842877003457e-01
5.521577134354633820e-01
6.153132370342477842e-01
6.971397701899130217e-01
7.289972143775963476e-01
6.898021794693307562e-01
6.046303873350288294e-01
5.554204667508245707e-01
5.179724166086810966e-01
5.033344890987043740e-01
4.897820886101436622e-01
4.779640717632065439e-01
4.672153896421458730e-01
4.575086008422238892e-01
4.489330367092752017e-01
4.407441992521450302e-01
4.335697026745541915e-01
4.264139618331607151e-01
4.200305259290121329e-01
3.939993788806041564e-01
3.814687906988733501e-01
3.536686319946249490e-01
3.404664753959690260e-01
3.164953352138379916e-01
2.920409307601619653e-01
2.821222175905991891e-01
2.708381497429082074e-01
2.510107960645292513e-01
2.420857528019313143e-01
2.325470630462796173e-01
2.246029396034137648e-01
2.159905737971660467e-01
2.013362754302026325e-01
1.953348876324975114e-01
1.888281065816610205e-01
1.838336736092865686e-01
1.741810007274227357e-01
1.675832667060381254e-01
1.555187193199787654e-01
1.472274713942402224e-01
1.438692731050990881e-01
1.498870203880456609e-01
1.547986543953557281e-01
1.614842162851226615e-01
1.822845848664569612e-01
2.025185100487447154e-01
2.275665505533086552e-01
2.395986926596763711e-01
2.718358533694192336e-01
3.108166942608510119e-01
3.642521914627901980e-01
4.298204962961773012e-01
5.094345070845304191e-01
6.021758886663066690e-01
6.569473654328712442e-01
7.307922231551847725e-01
7.345627818990815294e-01
7.392699590259533826e-01
6.545229089767986563e-01
6.046097513085095798e-01
5.862043188919032755e-01
5.563508634448667278e-01
5.455425350147340424e-01
5.343337704570260138e-01
5.262913138875017216e-01
5.175483800306233118e-01
5.045112094618030563e-01
4.881196399487115478e-01
4.708938084309773342e-01
4.572649401890127030e-01
4.224188952712899514e-01
4.055117351817868476e-01
3.946835574006539171e-01
3.788585656723394424e-01
3.677817779914168139e-01
3.506788300517087453e-01
3.334480158062497757e-01
3.130260496645402846e-01
3.049678473585273886e-01
2.867862629279270270e-01
2.693214341271601975e-01
2.305090715282402114e-01
2.157853728254999215e-01
1.893977760736921812e-01
1.827162894212636390e-01
1.634549052823422999e-01
1.409700784449454403e-01
1.303026151014745893e-01
9.210817214088948268e-02
9.288622624023089303e-02
7.933028317694680587e-02
7.546696815729138363e-02
7.103180627325708651e-02
6.561530219790870366e-02
6.309926967482319682e-02
5.815184013538212543e-02
5.517685503974641831e-02
5.146118435939166236e-02
4.643634365909630329e-02
4.124026255999135165e-02
3.554590763201500442e-02
3.534484417005254175e-02
3.507775665172432195e-02
3.380477037874887736e-02
3.347295864000432442e-02
3.485957567154159692e-02
4.669630081897303830e-02
6.797138514044681612e-02
9.240793030021067500e-02
9.456924739723229778e-02
9.776316333594275987e-02
1.046298197146636466e-01
1.180971117802876308e-01
1.471052822931264992e-01
1.802571638744662197e-01
2.227011011023432019e-01
2.285212936423887120e-01
2.412810948165395597e-01
2.694306212536698997e-01
3.374968357464672164e-01
4.213730926230503937e-01
4.689831851605185675e-01
5.490523553714071747e-01
6.904702404424876150e-01
7.324010849378193022e-01
6.925257204642151221e-01
6.068230188477103937e-01
5.789108532726935374e-01
5.555019443764670495e-01
5.192790458864874337e-01
5.029996599511591393e-01
4.902582233428089964e-01
4.777618334739792694e-01
4.672472053900654787e-01
4.573786794267991618e-01
4.487208142945998679e-01
4.406973096689069669e-01
4.331995981802589935e-01
4.263080758059075714e-01
4.194961365703712697e-01
3.951359119379883600e-01
3.798866226080290232e-01
3.665741759390084287e-01
3.530840208644848710e-01
3.460612143853845080e-01
3.398012158069543265e-01
3.333256779199240127e-01
3.203894581918276807e-01
2.975824313862771575e-01
2.864034967075861915e-01
2.753503452618147884e-01
2.702564873907578047e-01
2.649154169550204108e-01
2.550075299015057140e-01
2.362217449489608101e-01
2.193332858834699250e-01
2.117983169334178573e-01
1.972936087202872002e-01
1.925311777481374942e-01
1.877732348383734096e-01
1.779455325729051296e-01
1.563445572802149297e-01
1.458325202468704340e-01
1.409207323516431243e-01
1.381155858681583914e-01
1.451829914721292636e-01
1.489948188683834773e-01
1.623601965598739927e-01
1.820373724972926266e-01
2.066124713717798211e-01
2.319974165924064968e-01
2.395166762121163917e-01
2.540768236935627700e-01
2.903101958971435193e-01
3.365312182459823664e-01
3.961772985681915604e-01
4.308398043941728539e-01
5.092026457031385567e-01
6.013657346467802256e-01
6.547600112017245566e-01
7.187882525855492366e-01
7.346172208029018158e-01
7.369356462689627962e-01
7.392769345458041208e-01
6.944152526841935735e-01
6.583414322025027410e-01
6.278548321959881440e-01
5.868301974171239443e-01
5.709949790059287711e-01
5.452829899933188118e-01
5.265296831483743389e-01
5.163135468859963995e-01
5.079752758672727575e-01
4.861065029219387434e-01
4.725337365251570110e-01
4.566372445638147703e-01
4.459186300045433482e-01
4.326341391559216931e-01
4.116976406452536041e-01
3.963016000868353483e-01
3.778219472683913560e-01
3.684715866802454887e-01
3.514616215271216815e-01
3.407282097392670406e-01
3.238670970992443277e-01
3.136402137083353359e-01
2.948289858740202884e-01
2.876817257621678836e-01
2.690951322056437944e-01
2.599493938559696016e-01
2.510058519798830656e-01
2.428739449708787468e-01
2.264840117939101727e-01
2.094792993923774438e-01
1.933069887122635944e-01
1.773364858228469454e-01
1.480415892499154229e-01
1.200974681847305076e-01
9.621842360762636326e-02
9.002850112463879617e-02
8.489409972446262942e-02
7.999270316726811436e-02
7.491676737989014234e-02
7.045486546854334842e-02
6.615161218312283486e-02
6.212295887228861530e-02
5.813712374435871938e-02
5.181697650227073959e-02
4.556569335732880283e-02
4.138825285432998213e-02
3.511276596407725270e-02
3.336469457851621440e-02
3.906753136390888476e-02
5.559141475441433528e-02
7.743209387609430172e-02
9.053507691422045534e-02
1.181104997139682672e-01
1.484575860726210783e-01
1.833420775309973771e-01
2.284523501670283063e-01
2.855807592885706292e-01
3.578389662718733377e-01
4.440609896989771710e-01
5.472539243737299941e-01
6.092186338647409549e-01
7.286460044441479544e-01
7.324220884373473517e-01
6.977918459036277499e-01
6.085674397280063097e-01
5.576111761617467133e-01
5.200127205951917686e-01
5.040914681491190930e-01
4.909456279771129972e-01
4.784623682400573896e-01
4.588053418685889562e-01
4.485315638110285441e-01
4.416605102841082986e-01
4.334085481015013674e-01
4.269297382726680024e-01
4.199232667406810338e-01
4.096087609778157335e-01
3.961215602459963736e-01
3.810416865303641321e-01
3.555150111209051111e-01
3.405351675917500653e-01
3.349470642143280719e-01
3.224492844324275409e-01
3.159282324931667052e-01
3.046968886881877836e-01
2.982418655424033949e-01
2.878123673340827193e-01
2.816403928855821248e-01
2.715750291498145175e-01
2.521011768100481221e-01
2.418196506023343739e-01
2.340640518984566654e-01
2.247053305663446743e-01
2.171726506089379782e-01
2.026665062991070687e-01
1.955038311139527807e-01
1.898032624083898778e-01
1.763765920711870272e-01
1.683656473255397967e-01
1.561581823962961690e-01
1.509631761920790793e-01
1.438615902290830695e-01
1.413324970038863093e-01
1.441214682637618205e-01
1.506887640557895425e-01
1.663958850093850972e-01
1.881429525636981459e-01
2.114943980010085822e-01
2.387888330040804363e-01
2.704589702098630366e-01
3.116876123540879284e-01
3.643978197306906308e-01
4.304716325853338299e-01
5.079298901790303411e-01
5.522164813953303053e-01
6.529203632603787222e-01
7.306455871060013596e-01
7.343899075361915996e-01
7.391177046581950405e-01
6.600013762935309503e-01
6.332617431025551191e-01
6.076126730091022665e-01
5.895755557347510667e-01
5.724416027087376735e-01
5.588699856690958478e-01
5.371701297462350144e-01
5.261360491461458677e-01
5.196682429905582490e-01
5.051975006930390366e-01
4.914801539927505236e-01
4.740005849749658884e-01
4.654188381026009291e-01
4.506744481597184104e-01
4.395454248810586328e-01
4.258052652858695386e-01
4.060112475291888789e-01
3.892036136563102877e-01
3.551394963222744838e-01
3.421241343017867864e-01
3.265991569001849282e-01
3.082346569306851358e-01
2.870736150124139630e-01
2.812816710617541682e-01
2.623799824217482035e-01
2.456692934154822705e-01
2.283753491837734462e-01
2.186726485755799143e-01
1.994344381268697841e-01
1.966175761804156985e-01
1.855975638845757114e-01
1.681376587078578233e-01
1.660255098114543637e-01
1.544007286187399075e-01
1.498500023257836600e-01
1.416651955361593607e-01
1.343195917788251870e-01
1.286276945457291154e-01
1.142347395125278414e-01
1.043552685210162728e-01
8.137735406309712372e-02
7.783941134121820371e-02
7.208127894845120509e-02
6.873105103763303692e-02
6.076616170716880871e-02
5.677545813325122342e-02
5.099895304589668193e-02
4.539053089672067526e-02
4.320562284001666642e-02
3.919736270948471352e-02
3.720207782744414798e-02
3.489226232844096220e-02
3.473416314020386086e-02
3.611894820092771685e-02
4.068281013985705630e-02
4.742369375647677299e-02
6.628001449832729430e-02
9.042512382825056150e-02
1.171467198921990749e-01
1.467272713913524984e-01
1.818215954808714285e-01
2.271161446918202598e-01
2.850070637975908872e-01
3.570284544824159356e-01
4.435035134618736108e-01
5.460008069167805456e-01
6.844623885209489833e-01
7.284821994686617730e-01
7.322735172623481281e-01
7.006919365575455805e-01
6.128086502322070972e-01
5.825235634240123472e-01
5.596116384214195882e-01
5.388615093351546426e-01
5.215162002861508661e-01
4.931519269180711373e-01
4.683700848671718542e-01
4.596690171078913756e-01
4.495946786983761045e-01
4.350982447959599875e-01
4.268137161024889714e-01
4.241879304587445332e-01
4.172872758732139031e-01
4.112616008957541425e-01
3.976711557025536803e-01
3.826914318884637178e-01
3.696334377269642757e-01
3.554402092219183795e-01
3.421904531662014470e-01
3.299999321167522148e-01
3.170145235748997314e-01
3.055902630321671309e-01
2.939796852127993798e-01
2.829078609320023197e-01
2.620122171517187404e-01
2.439370826834733330e-01
2.337312800686046355e-01
2.300442793335486791e-01
2.215176682598550550e-01
2.058648629755039094e-01
1.983238844914962384e-01
1.933877915290987404e-01
1.903741869492448779e-01
1.808829513227331320e-01
1.665368326920682041e-01
1.515779731716621337e-01
1.468377279395799984e-01
1.411839168370029318e-01
1.417887162964209802e-01
1.426802104914882130e-01
1.456813771108414757e-01
1.505779710076717848e-01
1.558490002018017295e-01
1.710655943229909826e-01
1.806732531935088537e-01
2.039333480999316051e-01
2.281460421388778470e-01
2.364325304572641451e-01
2.524287681872467437e-01
2.894854162781940743e-01
3.368187520114503952e-01
3.983993785491400375e-01
4.288896878803239443e-01
4.972304599536888636e-01
5.873672975243083849e-01
6.387207782274179069e-01
6.979838940027656147e-01
7.295647506687253925e-01
7.342554775659672073e-01
7.389484518485652798e-01
7.029542906563699400e-01
6.340838936456195674e-01
6.081421011139213073e-01
5.905106741463980180e-01
5.730869887387916028e-01
5.484962372034410949e-01
5.271598971473717699e-01
5.195045483523418328e-01
5.074037723536597433e-01
4.885392059833491563e-01
4.776214010569666546e-01
4.568378712869413105e-01
4.506550415600038551e-01
4.337458657996702271e-01
4.153218951561783445e-01
3.996879358857716724e-01
3.876931971147998812e-01
3.806735276897417197e-01
3.629748637828803526e-01
3.428892623816448548e-01
3.349031554903862395e-01
3.249780305591428164e-01
3.162597716627527089e-01
3.068655872544109875e-01
2.879739713910684507e-01
2.807863819318110465e-01
2.705262992135519240e-01
2.547818660084708586e-01
2.163731767600620970e-01
1.970113835855802353e-01
1.816725054138033646e-01
1.597831755418532285e-01
1.495182306555535023e-01
1.366998844318872974e-01
1.207595461534051312e-01
1.119101103838061190e-01
1.048729561632717328e-01
9.614744898378227433e-02
7.904532726112527274e-02
7.474680903961132550e-02
6.558731320431945844e-02
6.225904863560203367e-02
5.119301412704200388e-02
3.927192658745536774e-02
3.801127465886000589e-02
3.536583500711642375e-02
3.613375548299065099e-02
3.586658351103188397e-02
3.908644107301558618e-02
4.557298492568085529e-02
6.479423766243172511e-02
8.695585490798327100e-02
9.073426391159122861e-02
9.677051943346273721e-02
1.100110493919262272e-01
1.370582700352835082e-01
1.694822558896915687e-01
2.111941327692927750e-01
2.236955862886499113e-01
2.507978147925585266e-01
3.163792106328136011e-01
3.969413671080919692e-01
4.918909281765943553e-01
5.459901246005915976e-01
6.851137968164721093e-01
7.283177978630994698e-01
7.320697767887828222e-01
6.135086958088808995e-01
5.824613023334630491e-01
5.599358658424601343e-01
5.388313365647263709e-01
5.213711890781967950e-01
5.058451458617032603e-01
4.921696236095672861e-01
4.695886085836954993e-01
4.585604308107752991e-01
4.505154401516747731e-01
4.343902163749557843e-01
4.273173204341306763e-01
4.204568235990630565e-01
4.173178493192005178e-01
4.044683935825557630e-01
3.897927174888544677e-01
3.760001704901150821e-01
3.621523769538327331e-01
3.518801051208685360e-01
3.422227812644035305e-01
3.325127382465496440e-01
3.231032356038124331e-01
3.140022141283452251e-01
3.051025832844990737e-01
2.964314723049600309e-01
2.880336336833561051e-01
2.798844955542331148e-01
2.718974161251113686e-01
2.642349277326395685e-01
2.484538524684687943e-01
2.368535667161715264e-01
2.282102768635645429e-01
2.232229284389973256e-01
2.164498409661353151e-01
2.135144210713978696e-01
2.082149570514206793e-01
2.023398551169973969e-01
1.978500705538042137e-01
1.928580317105451913e-01
1.892296602486296664e-01
1.799603568535392828e-01
1.620823359920088857e-01
1.421822770896222221e-01
1.432868592397041896e-01
1.439339280096623708e-01
1.525704247326156449e-01
1.646560211188975720e-01
1.876332843715584342e-01
2.079148963537497119e-01
2.360167253103885310e-01
2.364433915089124982e-01
2.402006839232729285e-01
2.477626158309317594e-01
2.633253953159961358e-01
3.021434514787573189e-01
3.527707412948069554e-01
4.181541052818586457e-01
4.269588511939100273e-01
4.460495305173788894e-01
4.853689959788248243e-01
5.745521753240487861e-01
6.240195598354173478e-01
6.814707639771916403e-01
7.285381180112635580e-01
7.340503961664683885e-01
7.387349300808114805e-01
6.637674440829302025e-01
6.328890543237003508e-01
5.894934065873557172e-01
5.748155611694846234e-01
5.480120957035252705e-01
5.370339992781385519e-01
5.278538369348160231e-01
5.197016187081363592e-01
5.082676938513620568e-01
4.918065173778328747e-01
4.760806609440578208e-01
4.594792915146045376e-01
4.430321534181126952e-01
4.259684344794886224e-01
4.160667071823376806e-01
3.998003503981110152e-01
3.819394193733010590e-01
3.711595164779532552e-01
3.630917121637263767e-01
3.453068729018929917e-01
3.346559850728996754e-01
3.262991642873560583e-01
3.167454108996031192e-01
3.078905625076255315e-01
2.987487110697442660e-01
2.812902624404130525e-01
2.713131958008417333e-01
2.630105659171453336e-01
2.540006401356856292e-01
2.448859720522832129e-01
2.369124980565347760e-01
2.206217080585531065e-01
2.067796146096450016e-01
1.946269470123213052e-01
1.735061224026733517e-01
1.582048361261557956e-01
1.499628988908010274e-01
1.290802425296335709e-01
1.076787827496439309e-01
1.019134693352600762e-01
9.055273005170821898e-02
8.439706905395995273e-02
7.010513926636686988e-02
5.818777852914856080e-02
5.365289082883076266e-02
4.457482805166175510e-02
4.116750967085440471e-02
3.780890152873820492e-02
3.756275736431479578e-02
3.593250544267229812e-02
3.475812836677670548e-02
3.763261624196019561e-02
4.198553516370840538e-02
6.023607857437046631e-02
8.138133854277114498e-02
9.223305244061849595e-02
1.124893843139039284e-01
1.405280501749538169e-01
1.722887710983287690e-01
2.145360750755066492e-01
2.234598825920378895e-01
2.431882695688963036e-01
2.886568829935238778e-01
3.635784513951024755e-01
4.527516167267929825e-01
5.442411260286197372e-01
6.822688731451818089e-01
7.281295116775733378e-01
7.318474357620713411e-01
7.023843684711487123e-01
6.507580078041864668e-01
5.845669923675523849e-01
5.235199670863875943e-01
4.926735693537285798e-01
4.807363115184740687e-01
4.693910865794499454e-01
4.595701744923917920e-01
4.505170657656540900e-01
4.423254142805587708e-01
4.347624285358142049e-01
4.275833352864421566e-01
4.209044124421183475e-01
4.173312290913849809e-01
4.050568646553474594e-01
3.902875293533017986e-01
3.765558700177358831e-01
3.626195942826035967e-01
3.524721969409693734e-01
3.426413608399062616e-01
3.240140135941426136e-01
3.142191687209291429e-01
3.056181884769427759e-01
2.888944578429881171e-01
2.798592172298947633e-01
2.652212938566890776e-01
2.496895621992588354e-01
2.427328362415095697e-01
2.358823494710222957e-01
2.228557327614380523e-01
2.169699755912729289e-01
2.055296097940831623e-01
1.970027566211914882e-01
1.890095658792496358e-01
1.823403294323889257e-01
1.711692412816690212e-01
1.625140455173377241e-01
1.494952842647353508e-01
1.451453450165375303e-01
1.419939361254912991e-01
1.431648304489040457e-01
1.511352892041774865e-01
1.671275653713430731e-01
1.884105773057238864e-01
2.112211960650477449e-01
2.368522314732851297e-01
2.677432130401831145e-01
3.083594645128053813e-01
3.606872723638402944e-01
4.265021916234547072e-01
5.044315601269434568e-01
5.963536493060317412e-01
6.488885265541068925e-01
7.119142436309715549e-01
7.303270199522469142e-01
7.340341479858080165e-01
7.386730805210905970e-01
6.654184432498135848e-01
6.335547799562155635e-01
6.107392199091582485e-01
5.756144886625819135e-01
5.478308680772752126e-01
5.379956544565405174e-01
5.202933091483524786e-01
5.111295644338783584e-01
5.015905704578184077e-01
4.881346673550635562e-01
4.766249528780385214e-01
4.643257890272073918e-01
4.518387101310735732e-01
4.284128903970656488e-01
4.125484096699759684e-01
4.016709973646352960e-01
3.771226044669490074e-01
3.436921538397701426e-01
3.356793411026632312e-01
3.179229118922142772e-01
2.927501966618469287e-01
2.790741882248293226e-01
2.636752424310453979e-01
2.404232380106530453e-01
2.148737179281058896e-01
2.097064456678729982e-01
1.956459344940195688e-01
1.877130766937462059e-01
1.769862119171162762e-01
1.584292873803224144e-01
1.490922308143992625e-01
1.295866086942278617e-01
1.183613812259513148e-01
1.056204100832070086e-01
1.017887671309350844e-01
9.308412886039744982e-02
7.882647466010593573e-02
7.676795223068404173e-02
6.827208864886000206e-02
6.534764841734888585e-02
5.952601906264561732e-02
5.111035855082229906e-02
4.917372099535273489e-02
4.454367530497177485e-02
4.115378679938838657e-02
3.886834910763362072e-02
3.779522727449245723e-02
3.625412420033977817e-02
3.526471949013916529e-02
3.657117551332926542e-02
4.066156398278888973e-02
5.772453885800764989e-02
7.950168426155070078e-02
9.277713011428488643e-02
1.184816533072692996e-01
1.474640589427149984e-01
1.805314434951984792e-01
2.248476026018873530e-01
2.806638907791533799e-01
3.523972126250604076e-01
4.381956661933932295e-01
5.412019691549248002e-01
6.022572221176234475e-01
6.795160284821443186e-01
7.282642239626428982e-01
7.319203468670021362e-01
7.085870373436188308e-01
6.147213108088752653e-01
5.632194136306419852e-01
5.403975698348367773e-01
5.241695424848515916e-01
4.941362610534940081e-01
4.814524268299990029e-01
4.705690377939433233e-01
4.604868552816621108e-01
4.514297634923138958e-01
4.432120620088680907e-01
4.356723735076413750e-01
4.285713876557419311e-01
4.218454427807257767e-01
4.135530074894648855e-01
3.991504982739483842e-01
3.850347498153893766e-01
3.711160259562045205e-01
3.575534577133020475e-01
3.444764916184135384e-01
3.377085546401740190e-01
3.255011965372032190e-01
3.023940042280926499e-01
2.799664601059424496e-01
2.692907507681293611e-01
2.592524679202494187e-01
2.495551149985028583e-01
2.399077205626611864e-01
2.317531074747679332e-01
2.150963610146606475e-01
2.085842222039628047e-01
1.968136635899410125e-01
1.910863230570856441e-01
1.813511355448200191e-01
1.725495932310693037e-01
1.615889805436757642e-01
1.515690471464431477e-01
1.456460667370656215e-01
1.423227395094167902e-01
1.417405310385357886e-01
1.480159427331024791e-01
1.511422792562309991e-01
1.603897042829830477e-01
1.796059981025854291e-01
2.023452846328828991e-01
2.262713581092431481e-01
2.380676932509712684e-01
2.642203979372694245e-01
3.030055284306010788e-01
3.531508070123861587e-01
4.172533833334631237e-01
4.260237432937421520e-01
4.446855274321950824e-01
4.835114456446836795e-01
5.712892877387196755e-01
6.756990204056612104e-01
7.287411171690968414e-01
7.342075827802372334e-01
7.364638854858324146e-01
7.119384395369550145e-01
6.661343254565105232e-01
6.130207211957166002e-01
5.916456647624063203e-01
5.756724354365033713e-01
5.611752131801222010e-01
5.380394850263198192e-01
5.289922659621922874e-01
5.202544248250541292e-01
5.099896949091506926e-01
4.928304593409068013e-01
4.779255012624369359e-01
4.608685231299425866e-01
4.448476513892496986e-01
4.277118415547226382e-01
3.908563327664165699e-01
3.776521021455077620e-01
3.632618814399284357e-01
3.469775032871603715e-01
3.306973336799793328e-01
3.081473142790869812e-01
2.968167407715764927e-01
2.728348227254568381e-01
2.594769594407555502e-01
2.472684870586414341e-01
2.311853357410386944e-01
2.233511095566193538e-01
2.045463873532886445e-01
1.991678559046396735e-01
1.889305077039573344e-01
1.737860357230831265e-01
1.665315322490343863e-01
1.584914506627981834e-01
1.513629622523600671e-01
1.438573293981807166e-01
1.369434523120962310e-01
1.302644684297282751e-01
1.230932196274412832e-01
1.170307192661041579e-01
1.051220616539126074e-01
9.327704186832279365e-02
8.786812952399118692e-02
8.273353771108769850e-02
7.800628825529209998e-02
7.318739520326932035e-02
6.879084615615238540e-02
6.109877232632869581e-02
5.403512517572909429e-02
4.811241134084989074e-02
4.357087025403035691e-02
3.711592284465797115e-02
3.570788590150941744e-02
3.503624105313053044e-02
3.574307515247202027e-02
4.710537862079770821e-02
6.605645679206487153e-02
9.132626345270314361e-02
1.172564926187432133e-01
1.472965801006057007e-01
1.810156274025403467e-01
2.254681073114820633e-01
2.808658309759857197e-01
3.528069472842622623e-01
4.376730635870639818e-01
5.404784021093929081e-01
6.753684988704981018e-01
7.282835334922724835e-01
7.319126061786712656e-01
7.119546931453577532e-01
6.170711826883982232e-01
5.867138370981003215e-01
5.425825618912769599e-01
5.237886689972515164e-01
5.085026789085352883e-01
4.816093880539732974e-01
4.712454497052375180e-01
4.604923123331314261e-01
4.520813901240364752e-01
4.433352476131700026e-01
4.396422078578623993e-01
4.323974575448220614e-01
4.254622050597156036e-01
4.189506918482429065e-01
4.067278661213248325e-01
3.934648413908674036e-01
3.785777131954943253e-01
3.652302664682045563e-01
3.549015268481701124e-01
3.451000899881805917e-01
3.354955349512924734e-01
3.260204021699607546e-01
3.169651259442585189e-01
3.079700384183667317e-01
2.993735589618651272e-01
2.908661252168115441e-01
2.827539767849540642e-01
2.747069845758713935e-01
2.670184311729555948e-01
2.594551005623060291e-01
2.455471564268423557e-01
2.380972670494649612e-01
2.319066714940148100e-01
2.253388148136106217e-01
2.193222474157325019e-01
2.134378587065445254e-01
2.027638085653825917e-01
1.967771080982081700e-01
1.913555452942909130e-01
1.864525064781987762e-01
1.803007148393080961e-01
1.734303201684514462e-01
1.609434511823626124e-01
1.521139698327441669e-01
1.408315248539257492e-01
1.455101174549082998e-01
1.487466637932105262e-01
1.677771235919882642e-01
1.866417221436446616e-01
2.129393091854304698e-01
2.368698282505192210e-01
2.698548577336814525e-01
3.076697744202682716e-01
3.610213143388936730e-01
4.245981335236348464e-01
5.025355317290398638e-01
5.929077610941420051e-01
6.457867039016544908e-01
7.303202880916324080e-01
7.340068125691735501e-01
7.386032072722183983e-01
7.139321662114093137e-01
6.721232042258167283e-01
6.381670225906388438e-01
6.144322491395823871e-01
5.779312002468891540e-01
5.617461621417935147e-01
5.408802190641255336e-01
5.283161589958924598e-01
5.223125514874424891e-01
5.094966992980221043e-01
4.944787193834423444e-01
4.800366618325740409e-01
4.689836056302051359e-01
4.564082839335872332e-01
4.355570849650571841e-01
4.015228347488240535e-01
3.868541182510266130e-01
3.672216776141824512e-01
3.577030402754856619e-01
3.494040482743762110e-01
3.394108996735049066e-01
3.310144031635973705e-01
3.214926793262238292e-01
2.992288645077856857e-01
2.897531513955881599e-01
2.744714129637511602e-01
2.683594385638334301e-01
2.596143613355189617e-01
2.497372794206072222e-01
2.426696256766021076e-01
2.232003667266981017e-01
2.145079711618817775e-01
1.983233680009729161e-01
1.800819483547262123e-01
1.543379694018572335e-01
1.324790428456519009e-01
1.157241622204957243e-01
1.032718484959632699e-01
9.703070625880634570e-02
8.825491569396262670e-02
8.046700381108555511e-02
7.433855316992794837e-02
6.635139418937992251e-02
6.283273038422669543e-02
5.023916615191614810e-02
4.047269299369470053e-02
3.849656156342225882e-02
3.702298325354736602e-02
3.663387813245806701e-02
3.521569043462565579e-02
4.686694961945587351e-02
5.218361353469617298e-02
7.552621112627257161e-02
8.908434403185219730e-02
1.179604626253713401e-01
1.447547419783688505e-01
1.809319961889876149e-01
2.229571906429418104e-01
2.810843615395408612e-01
3.501294529307935610e-01
4.370857081197129790e-01
5.361161832473283484e-01
5.977208481496467662e-01
6.704678263027565865e-01
7.281640057678725464e-01
7.317419490524127434e-01
7.224199051401383187e-01
6.230127140947349096e-01
5.906632402283926719e-01
5.665699742047234366e-01
5.447553051069761176e-01
5.266849184624259328e-01
5.105692989114634095e-01
4.963706288549717405e-01
4.837757577975829171e-01
4.724134528160121582e-01
4.623257787805152286e-01
4.530364269621405260e-01
4.448075717309158406e-01
4.301656587759881134e-01
4.231059954876961737e-01
4.166968815549143001e-01
4.022706341226837679e-01
3.877863792411619381e-01
3.743312408018144577e-01
3.600979179647710304e-01
3.474686393242712446e-01
3.225292609422105716e-01
3.155867827255053881e-01
3.100135377797739733e-01
2.986938240313897763e-01
2.871863015687897147e-01
2.768667206012412896e-01
2.661659503401457849e-01
2.567069926915992450e-01
2.512810544748154129e-01
2.469022020140193840e-01
2.379068362894668220e-01
2.288939786518499053e-01
2.210190196764897086e-01
2.130118472117173423e-01
2.058525543037801053e-01
1.990182238124868774e-01
1.928369491850278616e-01
1.870149363862766700e-01
1.730391386136775622e-01
1.591083635469437429e-01
1.502627281311562368e-01
1.446227752826444168e-01
1.427545918066580877e-01
1.442336328631950160e-01
1.467745112088595094e-01
1.512399882220364367e-01
1.621530297082788841e-01
1.816534735284587310e-01
2.038236056130708074e-01
2.292641576769251788e-01
2.359106453450128538e-01
2.505567375071482417e-01
2.854297726562511905e-01
3.308506601259958435e-01
3.892837693786831421e-01
4.238956082107354084e-01
5.010425269956023664e-01
5.924139799578604926e-01
7.037932815742565795e-01
7.301023595342359673e-01
7.338491675574209117e-01
7.360492749343827690e-01
7.212072277716775615e-01
6.364822249984711799e-01
6.189992742303893625e-01
5.929514092335252951e-01
5.794916028729966140e-01
5.626224636568687432e-01
5.568827418655059036e-01
5.452468241302796947e-01
5.391925669326987913e-01
5.307727720739705557e-01
5.249953288851969546e-01
5.186382762383132672e-01
5.032882338089441632e-01
4.922416650929257176e-01
4.797004970590885153e-01
4.678684250428132851e-01
4.554781267562898472e-01
4.427569760310773872e-01
4.304761292943117823e-01
4.170625282749768625e-01
4.041864537117940137e-01
3.907598847592705926e-01
3.659786033441388420e-01
3.344431045750924647e-01
3.109630626296464029e-01
2.948528794025497279e-01
2.882431349144887744e-01
2.761219571749333745e-01
2.480557157686971992e-01
2.375184562166268720e-01
2.237226111752294855e-01
2.129023436945844672e-01
2.002969695803815120e-01
1.889154819406365649e-01
1.778626893890987715e-01
1.715164632627732277e-01
1.615090616821044378e-01
1.505192425254035515e-01
1.449215916083284317e-01
1.359937771235368853e-01
1.171802963725453173e-01
1.076206078965575436e-01
1.033308681305350196e-01
9.550475076432456134e-02
9.141198681194878661e-02
8.412377958007381806e-02
8.023045843580932368e-02
7.392034839160409321e-02
6.773139319615922860e-02
5.654717011281352318e-02
4.380675706588827573e-02
3.941189327479425325e-02
3.888311832960940351e-02
3.637433895114963733e-02
3.535581423132187068e-02
3.884830431054729638e-02
4.292548258566015323e-02
6.146166283116333978e-02
8.293620377117044695e-02
8.998567038427056353e-02
1.010760790222094002e-01
1.273853922245529458e-01
1.568360424622985416e-01
1.950911567494006960e-01
2.211569812359037435e-01
2.782453739413778271e-01
3.485588458097375608e-01
4.350987919274962312e-01
5.355920586480724666e-01
5.969057626758877966e-01
6.709840042315206032e-01
7.279245970442493885e-01
7.315238053322015155e-01
7.227280314800157424e-01
6.225875031778781432e-01
5.908991405675376729e-01
5.664839693968232170e-01
5.449754232677639365e-01
5.267872340153838540e-01
5.107241763471310758e-01
4.965256742350971364e-01
4.838826086897271561e-01
4.725523208682297915e-01
4.623902128489930652e-01
4.531190184038427771e-01
4.448231080908941482e-01
4.370378780112598172e-01
4.299595974896386341e-01
4.230200662713677340e-01
4.165068997553817431e-01
4.020275874952417006e-01
3.878600162043454591e-01
3.738135289682331663e-01
3.602728337749712684e-01
3.464259679247044810e-01
3.343601886546749280e-01
3.215026732350149685e-01
3.153873049684108310e-01
3.040009801952117119e-01
2.922421591394911422e-01
2.710980031267624102e-01
2.611109717272903086e-01
2.511791036425660151e-01
2.419368097077340130e-01
2.249533415101608869e-01
2.165801025571502669e-01
2.092834706321093086e-01
2.021021278329292459e-01
1.925653367013791528e-01
1.881177718501175489e-01
1.781424524825013234e-01
1.581259705538461957e-01
1.487213658130218386e-01
1.433320317095126695e-01
1.482194279065872367e-01
1.515245832163285289e-01
1.561023891249388451e-01
1.700268526623216203e-01
1.902815780794596678e-01
2.140155002377005233e-01
2.359718248006510699e-01
2.667860200501392942e-01
3.055743545295304675e-01
3.570952479755197806e-01
4.216788069046887855e-01
