0.000000000000000000e+00
-4.151440279407573239e-10
-1.719610940594042517e-09
-3.986547080881318209e-09
-8.204379164108871766e-09
-1.579059489558618459e-08
-2.730569472384646240e-08
-4.379815415899615314e-08
-6.697823468905919271e-08
-9.744544053104216257e-08
-1.351627317101589157e-07
-1.811180309131513570e-07
-2.369754862467193419e-07
-3.041885102072103260e-07
-3.835643523414507195e-07
-4.758633396868704682e-07
-5.836000569207275692e-07
-7.101953521577345490e-07
-8.575268634135519573e-07
-1.028032575598019923e-06
-1.226530174117161605e-06
-1.456456253078115675e-06
-1.720070099800615871e-06
-2.022396884686500328e-06
-2.368049381836231911e-06
-2.759181813846426657e-06
-3.200452653241069160e-06
-3.697548892735565605e-06
-4.253251817212225401e-06
-4.871664144084875917e-06
-5.558399957479360256e-06
-6.316216999702928206e-06
-7.148370539624623266e-06
-8.060485176189191334e-06
-9.056028449572090666e-06
-1.013722963538628614e-05
-1.130825275694890808e-05
-1.257292888752711856e-05
-1.393388581626321625e-05
-1.539478422674566823e-05
-1.695941757604971491e-05
-1.863048483628808715e-05
-2.041138941748282316e-05
-2.230571208495908011e-05
-2.431550243330155071e-05
-2.644308930486298796e-05
-2.869119980340911191e-05
-3.106089472742986523e-05
-3.355315883829115489e-05
-3.616979905856353047e-05
-3.891097610863934975e-05
-4.177575475414975530e-05
-4.476413007604217544e-05
-4.787538664285067555e-05
-5.110734908289323117e-05
-5.445831194553410047e-05
-5.792616545341879535e-05
-6.150716776558667984e-05
-6.519800359473897609e-05
-6.899573851260904368e-05
-7.289586943808211623e-05
-7.689375752767882021e-05
-8.098571779348777238e-05
-8.516710194314674738e-05
-8.943247661958427452e-05
-9.377712055772707053e-05
-9.819582075900571295e-05
-1.026824188830669085e-04
-1.072312311794811746e-04
-1.118364843806963783e-04
-1.164916542100487165e-04
-1.211904578730175737e-04
-1.259265036401125792e-04
-1.306927678757323070e-04
-1.354826688537418705e-04
-1.402898272203320401e-04
-1.451071384262416658e-04
-1.499277063078820573e-04
-1.547451561318320960e-04
-1.595528041053196353e-04
-1.643442509312787098e-04
-1.691138341698846751e-04
-1.738558905361173637e-04
-1.785651659020576578e-04
-1.832374538873670028e-04
-1.878687352642032795e-04
-1.924550561129488005e-04
-1.969934391965106918e-04
-2.014814342825821088e-04
-2.059165958422694298e-04
-2.102973253659049229e-04
-2.146228339090733924e-04
-2.188923690626849716e-04
-2.231057780863141828e-04
-2.272638359246636184e-04
-2.313674710554019154e-04
-2.354179458050099124e-04
-2.394172408192874054e-04
-2.433673432203314175e-04
-2.472702357903316592e-04
-2.511284365746639918e-04
-2.549444246198442812e-04
-2.587203544732343918e-04
-2.624586434675354671e-04
-2.661615995166495964e-04
-2.698308275101247511e-04
-2.734676160242137930e-04
-2.770726756971981239e-04
-2.806453286516265777e-04
-2.841837940323017420e-04
-2.876852770426095371e-04
-2.911451554961155277e-04
-2.945570599784475344e-04
-2.979132481694236152e-04
-3.012040041240521856e-04
-3.044175958002078583e-04
-3.075408554957527701e-04
-3.105587919110568075e-04
-3.134543427214601095e-04
-3.162091248424594167e-04
-3.188035513299907115e-04
-3.212165685159580337e-04
-3.234263836171696362e-04
-3.254110671881020925e-04
-3.271484843391359422e-04
-3.286168168252443780e-04
-3.297951744732449566e-04
-3.306634156003447492e-04
-3.312022076509986684e-04
-3.313933330110830949e-04
-3.312191896932589860e-04
-3.306622124238678970e-04
-3.297047133925984667e-04
-3.283280847270167078e-04
-3.265116075322458972e-04
-3.242317803707442814e-04
-3.214614846818382205e-04
-3.181687954439303082e-04
-3.143163624070417989e-04
-3.098610858602898863e-04
-3.047537615031587085e-04
-2.989394884676976243e-04
-2.923586314440819673e-04
-2.849476559049858365e-04
-2.766404544141554274e-04
-2.673702404591160619e-04
-2.570710598796139006e-04
-2.456791009436913435e-04
-2.331342495505108110e-04
-2.193812807159811328e-04
-2.043706699180261328e-04
-1.880595259240071130e-04
-1.704122231958864360e-04
-1.514006324690677263e-04
-1.310045378335444053e-04
-1.092119193039720396e-04
-8.601871727246822904e-05
-6.142866708557885569e-05
-3.545326829975037819e-05
-8.111467725871050454e-06
2.057055667767297732e-05
5.055926439133024189e-05
8.181359590959209546e-05
1.142845753781024414e-04
1.479145405520316506e-04
1.826365036041223161e-04
2.183736241569805532e-04
2.550385789417535529e-04
2.925333169263833973e-04
3.307493616764279297e-04
3.695682580711910680e-04
4.088622793270186716e-04
4.484955375500562064e-04
4.883251313124360336e-04
5.282023639709265000e-04
5.679742523836534256e-04
6.074850266784109472e-04
6.465776353863177377e-04
6.850956543947319104e-04
7.228853803957649513e-04
7.597978266662049887e-04
7.956908605015625222e-04
8.304313551583690414e-04
8.638969513784098197e-04
8.959775172721302439e-04
9.265763330856056738e-04
9.556107648069209941e-04
9.830126377128494460e-04
1.008728581163568193e-03
1.032720222324083614e-03
1.054964353948643430e-03
1.075453338892275439e-03
1.094195556046977840e-03
1.111215722267437514e-03
1.126555188119209667e-03
1.140272038345242463e-03
1.152440800944347756e-03
1.163151894842171571e-03
1.172510840881518801e-03
1.180637180264283541e-03
1.187663304770973909e-03
1.193732172820467655e-03
1.198995952722478825e-03
1.203617000631992647e-03
1.207765758085640019e-03
1.211617328520810935e-03
1.215351176248400354e-03
1.219149100066149478e-03
1.223190689820144233e-03
1.227650971119896789e-03
1.232697287160840508e-03
1.238483708117320932e-03
1.245149290395683927e-03
1.252820055283761268e-03
1.261608294951489448e-03
1.271607955832609578e-03
1.282890265739031546e-03
1.295502397560009678e-03
1.309467153917759320e-03
1.324781875069250704e-03
1.341418802629988334e-03
1.359325633072160869e-03
1.378424129050826938e-03
1.398612428503603726e-03
1.419768784574928101e-03
1.441747232907592468e-03
1.464374366053662049e-03
1.487454721650943680e-03
1.510770491686934044e-03
1.534078388746779910e-03
1.557115848324960817e-03
1.579603359763589749e-03
1.601243990684405412e-03
1.621735813977597581e-03
1.640781755937293241e-03
1.658090558555664696e-03
1.673387147353319138e-03
1.686421609760716759e-03
1.696966644776322017e-03
1.704823792497544427e-03
1.709834260223999170e-03
1.711876665494245411e-03
1.710868460256925391e-03
1.706777513679320684e-03
1.699622481476938205e-03
1.689468889663582130e-03
1.676434901156277722e-03
1.660688936918683920e-03
1.642438945025842490e-03
1.621932209318568095e-03
1.599452858024824056e-03
1.575307545851745280e-03
1.549819380610753224e-03
1.523329047968053924e-03
1.496187209326578808e-03
1.468749615652941267e-03
1.441381663752785416e-03
1.414454935437747980e-03
1.388338504204985951e-03
1.363398991917781676e-03
1.339997490063903410e-03
1.318478525451994730e-03
1.299166079023683033e-03
1.282362051209895047e-03
1.268337697063046197e-03
1.257330017868379165e-03
1.249543601848324744e-03
1.245144670173875274e-03
1.244255279429083705e-03
1.246954939444699538e-03
1.253276746488943792e-03
1.263199669474017461e-03
1.276647583154265006e-03
1.293486485194903727e-03
1.313518681488508918e-03
1.336486154259876585e-03
1.362077061613250909e-03
1.389928063639175653e-03
1.419632279523984136e-03
1.450750827304397731e-03
1.482818413594007680e-03
1.515350350345267497e-03
1.547853111638174692e-03
1.579828797075501440e-03
1.610778664817397524e-03
1.640212853800133725e-03
1.667657827806940090e-03
1.692660630732719220e-03
1.714797972048377013e-03
1.733685500324729347e-03
1.748983004975551182e-03
1.760401566940749101e-03
1.767710095788799663e-03
1.770735394668702077e-03
1.769361817391841389e-03
1.763533035554641117e-03
1.753250423594291622e-03
1.738571409719684348e-03
1.719611865918691798e-03
1.696547259008511326e-03
1.669612427951160409e-03
1.639103835792095083e-03
1.605379956258708380e-03
1.568857429177909464e-03
1.530007092910630907e-03
1.489348689328565296e-03
1.447442073345912850e-03
1.404878689026290263e-03
1.362273391937145932e-03
1.320254059543101441e-03
1.279452524563003644e-03
1.240498087070446807e-03
1.204009200591174555e-03
1.170584037248741972e-03
1.140792098358418914e-03
1.115163805695666395e-03
1.094178473283590825e-03
1.078254202827785444e-03
1.067738230780147530e-03
1.062897483149910418e-03
1.063913066160082502e-03
1.070877701683193347e-03
1.083793774759767839e-03
1.102574229846120697e-03
1.127045748199060563e-03
1.156950971218673966e-03
1.191951405280764365e-03
1.231632033907792889e-03
1.275504791805166360e-03
1.323011964399876386e-03
1.373532109219253441e-03
1.426386951420358486e-03
1.480849426572347985e-03
1.536154891960280888e-03
1.591513266371819913e-03
1.646120434881055044e-03
1.699170651548971090e-03
1.749868559752149055e-03
1.797438863098374398e-03
1.841135918229423523e-03
1.880253631578533095e-03
1.914133934782012584e-03
1.942175934422695231e-03
1.963846860543993697e-03
1.978692246302555385e-03
1.986345633961588558e-03
1.986538913605146329e-03
1.979110708200421988e-03
1.964011969140018552e-03
1.941310108247000467e-03
1.911190057384815760e-03
1.873951668044869859e-03
1.830006151550369600e-03
1.779871663433795458e-03
1.724166788061295323e-03
1.663603572947909863e-03
1.598980452545195607e-03
1.531173079675369857e-03
1.461123463430436106e-03
1.389828123063721827e-03
1.318323739172347180e-03
1.247670638221300664e-03
1.178936018565692823e-03
1.113176708291910158e-03
1.051421612555139724e-03
9.946556540024076732e-04
9.438052102266550206e-04
8.997244027084755824e-04
8.631832323833179979e-04
8.348573271893121490e-04
8.153177147181521478e-04
8.050209267295263841e-04
8.043001637085811766e-04
8.133569823888643722e-04
8.322541422084296474e-04
8.609109260463457215e-04
8.991007128668831528e-04
9.464509437688720193e-04
1.002446410209722897e-03
1.066435141435303048e-03
1.137635899347305300e-03
1.215147651458920418e-03
1.297960615644311701e-03
1.384967985163897694e-03
1.474978888616780039e-03
1.566732898704322917e-03
1.658915544861635366e-03
1.750175409056686174e-03
1.839143419858552987e-03
1.924453566125354292e-03
2.004764560952543555e-03
2.078782247487134024e-03
2.145281472552360708e-03
2.203126523127330212e-03
2.251290134018475979e-03
2.288870493483120827e-03
2.315105818952984881e-03
2.329387091745802833e-03
2.331269133938719887e-03
2.320479725115507427e-03
2.296926988936115639e-03
2.260704961557635697e-03
2.212096606203394107e-03
2.151574011234049563e-03
2.079795668054231026e-03
1.997600291511994215e-03
1.905997128043340240e-03
1.806153264433294934e-03
1.699378227771189149e-03
1.587106364062779726e-03
1.470877842035527667e-03
1.352318596534853555e-03
1.233119149379332006e-03
1.115012519527241834e-03
9.997512037337790911e-04
8.890829330271079632e-04
7.847253729131058913e-04
6.883401835867676002e-04
6.015067106120174957e-04
5.256959822283866933e-04
4.622459522771077715e-04
4.123384902834027928e-04
3.769785631421341968e-04
3.569762016838406407e-04
3.529313746434226346e-04
3.652216565008360532e-04
3.939928264903979488e-04
4.391523261378807528e-04
5.003653872059967691e-04
5.770541633117959660e-04
6.684002997907448384e-04
7.733511081596168178e-04
8.906296805557511716e-04
1.018749193535619822e-03
1.156031142919430269e-03
1.300627207695122115e-03
1.450544415773197563e-03
1.603672864567537567e-03
1.757815276056738912e-03
1.910718008399930543e-03
2.060103038432173437e-03
2.203700456396384504e-03
2.339281343160286124e-03
2.464690776560199241e-03
2.577880574057134569e-03
2.676941531084581216e-03
2.760134715381684471e-03
2.825921021947737366e-03
2.872988302081234957e-03
2.900275462044891832e-03
2.906992851295323466e-03
2.892638564724060810e-03
2.857010587983023486e-03
2.800214677655183792e-03
2.722668001321611794e-03
2.625098762590977533e-03
2.508541840109829342e-03
2.374330307587200952e-03
2.224082790747053829e-03
2.059686529197270882e-03
1.883275947548067363e-03
1.697206802232364238e-03
1.504026136088470458e-03
1.306438308882415782e-03
1.107267650646819078e-03
9.094185399476311478e-04
7.158336314185203631e-04
5.294509330989529165e-04
3.531604568556404901e-04
1.897609639044576071e-04
4.191722500934650796e-05
-8.788168705426128329e-05
-1.973625657010653900e-04
-2.845061916280717715e-04
-3.475827031556837782e-04
-3.851834507907605566e-04
-3.962486573563355754e-04
-3.800902074664791377e-04
-3.364089906829747373e-04
-2.653064947121165250e-04
-1.672904852706298922e-04
-4.327470224335096624e-05
1.054273002101068337e-04
2.771139751791444682e-04
4.697131280099130744e-04
6.808046256663348450e-04
9.076483297194448295e-04
1.147217195852234025e-03
1.396235393402936106e-03
1.651221136267463918e-03
1.908533822033154888e-03
2.164424893703643070e-03
2.415091607749865043e-03
2.656732786461462985e-03
2.885605632821224096e-03
3.098082605897486096e-03
3.290707406925720471e-03
3.460249259775597178e-03
3.603754700329084033e-03
3.718596155415391721e-03
3.802516669610895520e-03
3.853670129579369382e-03
3.870656336252505537e-03
3.852550316932903257e-03
3.798925266331070784e-03
3.709868546370250104e-03
3.585990326739805622e-03
3.428424612019147829e-03
3.238822549928533408e-03
3.019338094155227335e-03
2.772606227305351567e-03
2.501714006490832545e-03
2.210164738724023498e-03
1.901835618255412518e-03
1.580929150489062416e-03
1.251918729129612674e-03
9.194888401453698212e-04
5.884704718737373587e-04
2.637725366201951194e-04
-4.968972951039521218e-05
-3.470682645097065283e-04
-6.236563000286101310e-04
-8.749617554508416946e-04
-1.096778563494292319e-03
-1.285254703511792222e-03
-1.436955828711120303e-03
-1.548923507425493994e-03
-1.618727267634016437e-03
-1.644509748027112419e-03
-1.625024320413531731e-03
-1.559664626011142766e-03
-1.448485542286559631e-03
-1.292215143783420920e-03
-1.092257308843242337e-03
-8.506847570016891867e-04
-5.702224149564165618e-04
-2.542211289331617317e-04
9.337811996002936328e-05
4.680892324465303774e-04
8.649348792500395665e-04
1.278508804888729266e-03
1.703045978260438187e-03
2.132499900697713835e-03
2.560626254457903841e-03
2.981071935695326844e-03
3.387468162385183241e-03
3.773526315241041307e-03
4.133134884829647165e-03
4.460455740332425895e-03
4.750017870491131909e-03
4.996806825067579699e-03
5.196348278625575676e-03
5.344784116605947981e-03
5.438939660253037413e-03
5.476381179614474119e-03
5.455463003804636099e-03
5.375363721763402707e-03
5.236111213197606161e-03
5.038596361396495416e-03
4.784575367935326416e-03
4.476660612308484659e-03
4.118300042898031567e-03
3.713745097632820732e-03
3.268007125770143288e-03
2.786802313873576117e-03
2.276485274551753261e-03
1.743971639899215406e-03
1.196650205098207789e-03
6.422853507515478497e-04
8.891067712123081751e-05
-4.552848558655171025e-04
-9.820766437856637970e-04
-1.483328276084741127e-03
-1.951117316466426024e-03
-2.377860849094681154e-03
-2.756438175083757332e-03
-3.080308145827439018e-03
-3.343618840871850906e-03
-3.541307432204331401e-03
-3.669188453416109656e-03
-3.724029153253156921e-03
-3.703611015690781022e-03
-3.606776854194655019e-03
-3.433463319583482387e-03
-3.184718993445553696e-03
-2.862708321021656139e-03
-2.470701541910893823e-03
-2.013050688949621046e-03
-1.495151583528686861e-03
-9.233915024925198932e-04
-3.050821775323243217e-04
3.516220332578881449e-04
1.037820971177039675e-03
1.743980362461887987e-03
2.460057754968355929e-03
3.175641600160624203e-03
3.880101842598485725e-03
4.562749687763197580e-03
5.213003655731947815e-03
5.820558022179580203e-03
6.375550180947581365e-03
6.868725231727068961e-03
7.291591215097274238e-03
7.636561846022669499e-03
7.897084142306365004e-03
8.067748731774487814e-03
8.144381759875725726e-03
8.124117393849708199e-03
8.005451197063863725e-03
7.788274822922833587e-03
7.473893152719837327e-03
7.065024838489424204e-03
6.565787195830104749e-03
5.981665895776588915e-03
5.319469604287561243e-03
4.587269070648406985e-03
3.794319698875779287e-03
2.950966961690372915e-03
2.068534904946821382e-03
1.159192676470666671e-03
2.357990735801231922e-04
-6.882704925415672600e-04
-1.599315215150101102e-03
-2.483515980187027839e-03
-3.327154499932316167e-03
-4.116838978047676102e-03
-4.839729844658110895e-03
-5.483759085880576464e-03
-6.037837352349382201e-03
-6.492046806772922354e-03
-6.837811408204340184e-03
-7.068038691631384554e-03
-7.177234838264189183e-03
-7.161593070859326171e-03
-7.019056606147629565e-03
-6.749358091858260154e-03
-6.354037358311783769e-03
-5.836439672371284207e-03
-5.201696806689486488e-03
-4.456693075155850579e-03
-3.610016936441519126e-03
-2.671896101486919122e-03
-1.654112458023357856e-03
-5.698944702307346018e-04
5.662131470388488512e-04
1.738511811584905059e-03
2.930345503443001261e-03
4.124327874112937095e-03
5.302599854861348230e-03
6.447112245414566775e-03
7.539924682627188214e-03
8.563521326479053147e-03
9.501139072922482748e-03
1.033707312993177238e-02
1.105695866426611822e-02
1.164802259717565361e-02
1.209929722312927218e-02
1.240179130972355985e-02
1.254861739116538456e-02
1.253507781496572722e-02
1.235871349519352021e-02
1.201932097269614585e-02
1.151894550666803484e-02
1.086185758980685173e-02
1.005451759402566439e-02
9.105533250636867887e-03
8.025611635280713654e-03
6.827501681402487095e-03
5.525918006193260637e-03
4.137438379366423918e-03
2.680368501541055895e-03
1.174569260553176130e-03
-3.587439542066702390e-04
-1.897276886305795506e-03
-3.417988273703963416e-03
-4.897465857233124914e-03
-6.312344183202764705e-03
-7.639741360477312303e-03
-8.857699743470046072e-03
-9.945652963845707378e-03
-1.088482795142484832e-02
-1.165858458152200898e-02
-1.225270093496746461e-02
-1.265558532636002972e-02
-1.285841913813892852e-02
-1.285523140864431625e-02
-1.264291916479665621e-02
-1.222122344347016665e-02
-1.159268411698719664e-02
-1.076258912657908698e-02
-9.738927386796016744e-03
-8.532346984179045232e-03
-7.156119597743154301e-03
-5.626110220188914983e-03
-3.960743946419007476e-03
-2.180947408805360144e-03
-3.100358114226205099e-04
1.626466761848845968e-03
3.601065540404205408e-03
5.584634902656747737e-03
7.546868533697100381e-03
9.456813494033586287e-03
1.128348453549631036e-02
1.299659823255375907e-02
1.456724216836986600e-02
1.596851916407968780e-02
1.717614380399579144e-02
1.816893093843459719e-02
1.892916394350974488e-02
1.944281901552264227e-02
1.969966009078956415e-02
1.969320640535548658e-02
1.942061695237415689e-02
1.888252716404770215e-02
1.808287296958337870e-02
1.702872971075596389e-02
1.573020146405557443e-02
1.420037048440804875e-02
1.245530470866783312e-02
1.051411017576748402e-02
8.399004250947897723e-03
6.135380675733848391e-03
3.751831305594262311e-03
1.280063172660344693e-03
-1.245324065914751215e-03
-3.787147139357949915e-03
-6.306217943966067017e-03
-8.762113114490882246e-03
-1.111401940379612430e-02
-1.332175353928805907e-02
-1.534697288763340987e-02
-1.715413874489456203e-02
-1.871140771946218709e-02
-1.999139046188263755e-02
-2.097165902938509519e-02
-2.163500257975204538e-02
-2.196942654253093014e-02
-2.196795168853421867e-02
-2.162824452085533936e-02
-2.095218014820294725e-02
-1.994542638864766140e-02
-1.861712136187839567e-02
-1.697968468764742694e-02
-1.504878716929725253e-02
-1.284346558610098728e-02
-1.038635871746573791e-02
-7.704027387492119565e-03
-4.827298511055117328e-03
-1.791549139552819307e-03
1.363161648966671087e-03
4.592210838766861737e-03
7.846777533633676402e-03
1.107462891461094903e-02
1.422121116444938216e-02
1.723119663188191555e-02
2.005030789905101751e-02
2.262701137821292868e-02
2.491422108274268452e-02
2.687080753906281178e-02
2.846272784128250216e-02
2.966370577229347771e-02
3.045537654331563829e-02
3.082692035576868259e-02
3.077431091583067782e-02
3.029931869406928685e-02
2.940843689177692621e-02
2.811192746545409377e-02
2.642311567391515334e-02
2.435799082066151741e-02
2.193517899795104087e-02
1.917627204551703227e-02
1.610641473263277682e-02
1.275509222570447680e-02
9.157038012689057427e-03
5.353106457614774036e-03
1.390919924807349200e-03
-2.674898386927772147e-03
-6.783019413181289037e-03
-1.086601257757385981e-02
-1.485211281603097781e-02
-1.866712916566863958e-02
-2.223772828596368156e-02
-2.549424459515043859e-02
-2.837345945041621145e-02
-2.966459148884762961e-02
-3.084100112784270500e-02
-3.280874572740428985e-02
-3.361382026179283999e-02
-3.481610553902091121e-02
-3.548777712850356009e-02
-3.563107434887354680e-02
-3.550541640235942847e-02
-3.485639561367707973e-02
-3.369841711068237433e-02
-3.204729307148183187e-02
-2.992216836414323886e-02
-2.734315119849603168e-02
-2.432991167986399764e-02
-2.090561270159527196e-02
-1.709711915826110998e-02
-1.293701935601433706e-02
-8.463090868981533801e-03
-3.721970980314516855e-03
1.228150365241612247e-03
6.317387389571150341e-03
1.146463606118254021e-02
1.658147728001140020e-02
2.157213674747700261e-02
2.400051667022689086e-02
2.635998439473219782e-02
2.863690400995477087e-02
3.081843685584446935e-02
3.289267514859350872e-02
3.484856568717763919e-02
3.667612397750959208e-02
3.836627308065824332e-02
3.991024810003702961e-02
4.130059333096561258e-02
4.253172275359226595e-02
4.359903399981114591e-02
4.449943010110905817e-02
4.523057338691582191e-02
4.579176817115534343e-02
4.618323642737215406e-02
4.640630040588974992e-02
4.646304428674485898e-02
4.607501691519964859e-02
4.506362870320588382e-02
4.345642645398107434e-02
4.127990841778503284e-02
3.856404076524460461e-02
3.533528915236108098e-02
3.161691312395985970e-02
2.743136764691686200e-02
2.280289163966062183e-02
1.776305515083549322e-02
1.235466069658555481e-02
6.629502420696563314e-03
6.516393390045133443e-04
-5.500873542054639763e-03
-1.173617833908675336e-02
-1.794596175313348599e-02
-2.102118861975690867e-02
-2.404486394502483582e-02
-2.699816001946395497e-02
-2.986439877792140471e-02
-3.522198693368699257e-02
-3.773098837967695657e-02
-4.008994017182205410e-02
-4.227740670608157864e-02
-4.330801392604045202e-02
-4.521654810834965094e-02
-4.652207503832987007e-02
-4.771225759317049286e-02
-4.878403411196176320e-02
-5.055071691522027011e-02
-5.146861807339662975e-02
-5.185192222305474996e-02
-5.244888728298618963e-02
-5.298585892483003573e-02
-5.292259768277922383e-02
-5.265577320306038395e-02
-5.219892951912754459e-02
-5.155815114169915586e-02
-4.974658056464431599e-02
-4.728448786528476749e-02
-4.582702348655747632e-02
-4.246381306416031898e-02
-3.853375586695567678e-02
-3.405607353468987492e-02
-2.905276041291955658e-02
-2.354593048436965860e-02
-1.756538379419747553e-02
-1.114588344735092246e-02
-4.339914142866404742e-03
2.769411090185002096e-03
1.007459265052168540e-02
1.746767323656322340e-02
2.117941987011075916e-02
2.486637688827373835e-02
2.850521191801520457e-02
3.207463064553360554e-02
3.555416157245132325e-02
3.725795803463664152e-02
3.893096661941589792e-02
4.056932518706952984e-02
4.217052382296349045e-02
4.373077227263936356e-02
4.670897944067461949e-02
4.882278607272978743e-02
5.081992929651180102e-02
5.269070086444413437e-02
5.442810378531114796e-02
5.602631160539445904e-02
5.748197163936985543e-02
5.879064937845961125e-02
5.939076611605050710e-02
6.047233887277168179e-02
6.139845678483579761e-02
6.217174793114689513e-02
6.279315134450601243e-02
6.332803502309904131e-02
6.366401202475820142e-02
6.380716416467011043e-02
6.376457937674438747e-02
6.354284678224553229e-02
6.315025240887625624e-02
6.259267295733476899e-02
6.100521133000476326e-02
5.984101091211744411e-02
5.698129848149086768e-02
5.348128766117300065e-02
4.938700033552963220e-02
4.471709969766683029e-02
3.949133745136219203e-02
3.372813534139729869e-02
2.743684013365276994e-02
2.063707412098872776e-02
1.337099784661350578e-02
5.698127239227648855e-03
-2.295445477218780676e-03
-1.049723136434770922e-02
-1.466212064664401682e-02
-1.883672861714132465e-02
-2.299893060686897250e-02
-2.712847015667197922e-02
-3.120360318509609460e-02
-3.322110332351670831e-02
-3.521703875737190736e-02
-3.718669903528270398e-02
-3.912753162334187823e-02
-4.103428513411772061e-02
-4.290442264863866123e-02
-4.473409449935801530e-02
-4.824019428578413954e-02
-5.154257258435220035e-02
-5.311856041367574860e-02
-5.463216729927082571e-02
-5.607792877670145920e-02
-5.745362802631515109e-02
-5.875710051296633568e-02
-5.998683742975501748e-02
-6.114127013808796918e-02
-6.221743381590756627e-02
-6.321496368505327701e-02
-6.413179812238635480e-02
-6.496674690490604476e-02
-6.571982189970636268e-02
-6.696851439713721876e-02
-6.789806159394562446e-02
-6.851664069707986970e-02
-6.871505633015104197e-02
-6.888482818310801004e-02
-6.886450707887740996e-02
-6.877569573679967463e-02
-6.861988461431448028e-02
-6.839865431164443565e-02
-6.811557441292613591e-02
-6.777147260557843389e-02
-6.690937408098882044e-02
-6.454226160825252134e-02
-6.307500902233617590e-02
-5.961795819784606459e-02
-5.552335211979468610e-02
-5.083280478827809090e-02
-4.557340162864693262e-02
-3.975785115775284234e-02
-3.337838608498838733e-02
-2.643546624290331673e-02
-1.894156993243364256e-02
-1.092610271442500530e-02
-2.462481240127914386e-03
6.323638040104197222e-03
1.081604626953496830e-02
1.534752687626385510e-02
1.989928279162814576e-02
2.444961095596162592e-02
2.897760595036782613e-02
3.123248561096751696e-02
3.347440000007506633e-02
3.570019437936651496e-02
3.790741063735204863e-02
4.009131131583677093e-02
4.224873515588073447e-02
4.437537132298987469e-02
4.646670008746794922e-02
4.851954103592651807e-02
5.053019668797652936e-02
5.249477645339570980e-02
5.440826914086378113e-02
5.626591700751668035e-02
5.806223270629418814e-02
5.979278683115710202e-02
6.145343513674363795e-02
6.304065988552497168e-02
6.455025979064371588e-02
6.597861566537656375e-02
6.732221097347333705e-02
6.857797443508216462e-02
6.974345369881684853e-02
7.081666080244813921e-02
7.179619134266659874e-02
7.268150056684249960e-02
7.347298694782651574e-02
7.417101638173578815e-02
7.477594565643076729e-02
7.528845713299879561e-02
7.570959984899802708e-02
7.604093119509912346e-02
7.643379191256212402e-02
7.650740191166069404e-02
7.650064064050032808e-02
7.641530175903032962e-02
7.625500407703385275e-02
7.602232335490329007e-02
7.571973310355904763e-02
7.491243164486281747e-02
7.441491670317694485e-02
7.324259859837348174e-02
7.026398280517884287e-02
6.850278518507305070e-02
6.448113514449384243e-02
5.985798702199639221e-02
5.469004200874819782e-02
4.899528677928462889e-02
4.276457685792183633e-02
3.598556194011111320e-02
2.864343608289780796e-02
2.073290559832756397e-02
1.229090437158992383e-02
3.406167770617970787e-03
-1.178518114416335924e-03
-5.829190065920988005e-03
-1.052166955321703380e-02
-1.523502822678972704e-02
-1.995118310016263594e-02
-2.465366097526450889e-02
-2.700143666710893078e-02
-2.933964305722234697e-02
-3.166419318624425633e-02
-3.397374595484393967e-02
-3.626578372250318510e-02
-3.853782952700236103e-02
-4.078724472935441742e-02
-4.300930019666687060e-02
-4.520096162027521791e-02
-4.735699980299210021e-02
-4.947324878151625888e-02
-5.154483590383842490e-02
-5.356698208284097623e-02
-5.553498483398541796e-02
-5.744398322767164250e-02
-5.928954809493356543e-02
-6.106656698698491315e-02
-6.192990998003278236e-02
-6.277442395196311531e-02
-6.359868871343767049e-02
-6.440200833397316527e-02
-6.518469033513904498e-02
-6.594536323391098076e-02
-6.668352934363989959e-02
-6.739970656560757833e-02
-6.809281894673964441e-02
-6.876249954461806368e-02
-6.940869307520927678e-02
-7.003079313760210423e-02
-7.062879608369805606e-02
-7.120222828182579122e-02
-7.175121993042524182e-02
-7.227539760156338755e-02
-7.277478365079471934e-02
-7.324926499482536935e-02
-7.369860688801807558e-02
-7.412321778568993491e-02
-7.452251733646000909e-02
-7.489663020379419556e-02
-7.524569083937578118e-02
-7.556948711683252051e-02
-7.586818365702087397e-02
-7.614185497210505804e-02
-7.639060973452671544e-02
-7.661482188328254395e-02
-7.681470992237306172e-02
-7.699052686738520890e-02
-7.714277141854497533e-02
-7.727167600363113453e-02
-7.737751242477292069e-02
-7.746061582553261105e-02
-7.752138868035073072e-02
-7.757582600950659046e-02
-7.754454572700564263e-02
-7.743016877718744695e-02
-7.734297465883063771e-02
-7.710872342747425445e-02
-7.696335932767159327e-02
-7.661700348797206850e-02
-7.620016099813509136e-02
-7.571690738557411426e-02
-7.531301187474440106e-02
-7.487467584866357162e-02
-7.389847737767321623e-02
-7.279704473056748670e-02
-7.157896421385225028e-02
-6.882453542741846786e-02
-6.458113107615538750e-02
-5.977146122747827028e-02
-5.913382421430338209e-02
-5.783502707810391635e-02
-5.514296001890325177e-02
-4.937653059486162010e-02
-4.308430450620708702e-02
-3.623425328361143394e-02
-3.443150728487455459e-02
-3.071092226110964940e-02
-2.280392299840524467e-02
-1.429198807110250609e-02
-5.245561828871817683e-03
-5.500657444960885571e-04
4.229350728989104968e-03
9.069319543761418870e-03
1.394398779546491066e-02
1.883313658439654537e-02
2.371908759923163634e-02
2.858477103821902010e-02
3.101150041744597796e-02
3.342631743709077036e-02
3.582583244864504662e-02
3.820809283457128613e-02
4.056977178584515731e-02
4.290799322661725118e-02
4.522019227462316382e-02
4.750250662213167246e-02
4.975177888377300267e-02
5.196400416095556946e-02
5.413398677748001292e-02
5.625655709048322378e-02
5.832608271527559701e-02
6.033724805395832003e-02
6.228423933209840252e-02
6.416154806821514067e-02
6.596410559664100948e-02
6.768674640492008954e-02
6.932454981794171356e-02
7.087293011969507395e-02
7.232795738357501725e-02
7.368570473754246231e-02
7.494284197066460040e-02
7.553470009562961163e-02
7.663843969845235415e-02
7.763625783408067971e-02
7.852949987384795494e-02
7.931647478523259909e-02
7.999727616714348566e-02
8.057358923116340887e-02
8.104427417060397487e-02
8.141294887038792727e-02
8.168116536368065506e-02
8.185095089260296941e-02
8.192641557433623378e-02
8.192227277787073048e-02
8.186755587519342625e-02
8.176365799418308655e-02
8.161127706293323791e-02
8.141265006194244036e-02
8.087979113466700620e-02
8.018002966918125196e-02
7.832415195696433574e-02
7.504918195475449028e-02
7.325133203658404368e-02
7.130692384277545481e-02
6.703175177772084659e-02
6.197602369177518389e-02
5.644924462162768941e-02
5.045251701594710703e-02
5.006166591505001318e-02
4.927405228503736745e-02
4.767478523626068193e-02
4.437622261903567678e-02
3.736541464853672390e-02
2.976811872091131295e-02
2.156097295766591995e-02
2.049981965078628496e-02
1.834907567009237336e-02
1.393789206878764259e-02
4.763016069886947916e-03
-2.105739990981831574e-05
-4.876964992159976697e-03
-9.775990422322303891e-03
-1.353450805032007341e-02
-1.729215915731815295e-02
-2.103907637856690035e-02
-2.476646303868606028e-02
-2.846782893801230382e-02
-3.213593790548639056e-02
-3.576292544647310945e-02
-3.934044445269890139e-02
-4.111353675566139371e-02
-4.287081281806034982e-02
-4.460937557008055887e-02
-4.632860985669098181e-02
-4.802688241179071255e-02
-4.970198545091014664e-02
-5.135394226703543508e-02
-5.293431431198745984e-02
-5.448852259134052273e-02
-5.750060350284890570e-02
-5.896605113852032565e-02
-6.039928875366356448e-02
-6.179517650500249148e-02
-6.315301871916706444e-02
-6.573317508220412331e-02
-6.696299131942796967e-02
-6.814916880805520216e-02
-6.928415340535019895e-02
-7.036752010161795301e-02
-7.139962623639740935e-02
-7.189473096272519514e-02
-7.284421618717813740e-02
-7.373864411564352850e-02
-7.457486859278654456e-02
-7.535517322965570863e-02
-7.607701675838060562e-02
-7.674189747542876916e-02
-7.705319594096032843e-02
-7.763068907130138419e-02
-7.792535823357364666e-02
-7.820167300207112038e-02
-7.846120297002499855e-02
-7.870200029048625423e-02
-7.912984419711859008e-02
-7.931864930839499506e-02
-7.948863296535686740e-02
-7.977859903961043164e-02
-7.989799734726975300e-02
-8.000066470473314595e-02
-8.015681112094859284e-02
-8.024672494305962189e-02
-8.027524655324091984e-02
-8.024097026971414859e-02
-8.020158577150270085e-02
-8.007824846275223007e-02
-7.999438921093865451e-02
-7.978340393292064625e-02
-7.965709962075089023e-02
-7.936368273662602890e-02
-7.919700279762771633e-02
-7.882532670799809182e-02
-7.840489496954464177e-02
-7.793749444142114569e-02
-7.742656709058233500e-02
-7.685313508562474638e-02
-7.623646647457607561e-02
-7.487934984739282041e-02
-7.337073770599956968e-02
-6.995599205108551932e-02
-6.535772052690960732e-02
-6.025357044006762058e-02
-5.975653227516203314e-02
-5.875133251234357368e-02
-5.669513704109754859e-02
-5.239838276156476293e-02
-4.621454355591922414e-02
-3.952582332833858014e-02
-3.451823501844003550e-02
-2.682862267876144624e-02
-1.849610348378185470e-02
-9.534919472514299596e-03
-4.834741298028802196e-03
-1.797300442300173151e-05
4.887601564440258520e-03
9.853540641625156693e-03
1.485277981461050924e-02
1.985838149850096060e-02
2.484571133056788853e-02
2.733327858355125498e-02
2.980877892505685509e-02
3.226997828569583976e-02
3.471516390205867109e-02
3.714131394189497393e-02
3.954550146543917011e-02
4.192619511607676569e-02
4.428068989614282469e-02
4.660684873588300664e-02
4.890098071523557577e-02
5.115902304073966650e-02
5.337709748558031042e-02
5.555063293576979061e-02
5.767474984572128899e-02
5.974373026476070825e-02
6.175242108963159560e-02
6.369602274344871029e-02
6.556948152006369934e-02
6.647993225668141770e-02
6.737106379715653015e-02
6.908768206824653091e-02
7.071944044636994942e-02
7.226272439136485759e-02
7.300045331982073227e-02
7.371477429834732975e-02
7.506596758983306861e-02
7.570463014603057150e-02
7.690425025448756335e-02
7.799834935792379631e-02
7.850730770967792593e-02
7.944330591240680861e-02
7.987086499062319433e-02
8.064468342102114329e-02
8.130980560341544150e-02
8.160247295455544392e-02
8.210834862017923896e-02
8.250783582596203647e-02
8.280535687558855662e-02
8.300176940691043892e-02
8.309922247120658800e-02
8.310192119716570958e-02
8.301046411833204464e-02
8.255802649836228857e-02
8.177690974527990209e-02
8.127386456669767612e-02
8.069872191867086264e-02
8.005438417637093795e-02
7.857195209551127990e-02
7.494129737234633826e-02
7.174356539173790126e-02
6.697653817275080190e-02
6.173494473434960883e-02
5.607287341356159693e-02
4.999097461663484093e-02
4.344893757679621493e-02
3.638478959524892725e-02
2.873754503478107014e-02
2.047240426541028016e-02
1.159994067849014383e-02
2.209184047375820602e-03
-2.653995119453379185e-03
-7.585359946276262061e-03
-1.255046307954981767e-02
-1.752104995843099117e-02
-2.247103507099478675e-02
-2.493987793080612581e-02
-2.739493969239828811e-02
-2.983225773045433335e-02
-3.225116394174443873e-02
-3.464790930718899403e-02
-3.702165822329259171e-02
-3.937001107842440922e-02
-4.168937248842835563e-02
-4.397833164664213812e-02
-4.623321740177996353e-02
-5.060345059296299242e-02
-5.273985754655634295e-02
-5.483172184127089316e-02
-5.686804793109143108e-02
-5.786712623318508025e-02
-5.981628024644347619e-02
-6.076690335717561953e-02
-6.170356498215678193e-02
-6.262337146376244224e-02
-6.352234164511175174e-02
-6.526422070549112164e-02
-6.610771429797189513e-02
-6.693167007020800474e-02
-6.773575373767490304e-02
-6.851678506508099287e-02
-6.927764262860801325e-02
-7.001486307943491361e-02
-7.072880767850617256e-02
-7.142019938210579511e-02
-7.208731804798969300e-02
-7.273094373274477387e-02
-7.334930934598644925e-02
-7.394387580262030968e-02
-7.451353359686542499e-02
-7.505687450270277783e-02
-7.557617732426233359e-02
-7.606915413053530473e-02
-7.653646312653060446e-02
-7.697828509347560966e-02
-7.739333067951451040e-02
-7.778323189716461472e-02
-7.814669475087276940e-02
-7.848348752477878054e-02
-7.879440847926140468e-02
-7.907922849612925020e-02
-7.933772245559206349e-02
-7.957034012588519445e-02
-7.977748549894868313e-02
-7.995895789906208584e-02
-8.011541018224530020e-02
-8.024662194060448728e-02
-8.035300548818577471e-02
-8.043514945039825781e-02
-8.049265102398936444e-02
-8.052621999169044809e-02
-8.053627892487617845e-02
-8.052291579427502122e-02
-8.048654064202853675e-02
-8.042741479324416742e-02
-8.034603283226930681e-02
-8.024269294262140195e-02
-8.011774043116867694e-02
-7.997154924514696117e-02
-7.980476744274146716e-02
-7.961788113216823615e-02
-7.918472725747909002e-02
-7.867726997799560917e-02
-7.809994825201717339e-02
-7.762208898682330938e-02
-7.710701638440761729e-02
-7.597140501843868687e-02
-7.470330368742701677e-02
-7.402373123036155855e-02
-7.258070565203966762e-02
-7.103223610022840750e-02
-6.765874700000273911e-02
-6.522779086366937984e-02
-5.999849738360305690e-02
-5.965664996017997629e-02
-5.896728266509734112e-02
-5.757085541700637105e-02
-5.469954780229192848e-02
-4.865416821726025604e-02
-4.216543234467409751e-02
-3.516172915006418598e-02
-3.424773632598919482e-02
-3.239182847554043093e-02
-2.856622351262786200e-02
-2.043659912895814251e-02
-1.167851401542385932e-02
-2.357363223462843188e-03
5.603646161910590644e-05
4.951634437232566889e-03
9.917504353231982456e-03
1.492257650613025219e-02
1.993994545569531887e-02
2.494501558682832645e-02
2.744286813230777805e-02
2.992977941432458516e-02
3.240141850891607722e-02
3.727727633608671209e-02
3.969232792277201799e-02
4.208476703994627061e-02
4.444902951817771702e-02
4.678276278261783716e-02
4.908243287544637734e-02
5.134391250513973409e-02
5.356467197794747420e-02
5.573757784535260384e-02
5.786022009368754077e-02
5.992709469735556932e-02
6.193365352357748516e-02
6.387438162746189585e-02
6.574403509418323688e-02
6.753788074185292090e-02
6.840617698893809717e-02
7.007618311552592238e-02
7.127096197263756150e-02
7.241413438735531949e-02
7.452854351753503137e-02
7.550793784228058969e-02
7.643284830564793519e-02
7.729850521240669292e-02
7.810602961044735282e-02
7.953593595278610207e-02
8.016470908192432909e-02
8.124172296391883596e-02
8.169384773815374645e-02
8.208785115754370365e-02
8.242339900433985622e-02
8.291402063898616059e-02
8.317857208882627196e-02
8.322459257134344479e-02
8.320658306913411573e-02
8.314376206313496553e-02
8.304490125913481513e-02
8.274434972675528965e-02
8.174633017574357841e-02
8.121777815804682998e-02
8.061659983907330795e-02
7.921798518750558515e-02
7.571307806637390947e-02
7.187260744536949630e-02
6.953196349589874092e-02
6.446174099039878036e-02
5.894493994078525007e-02
5.301903230696070751e-02
4.990373036828338327e-02
4.332142900816745440e-02
3.623087901583971204e-02
2.858126322176571948e-02
2.033775161709667004e-02
1.149923511934653961e-02
2.144112975389262082e-03
-2.705980487388067596e-03
-7.630085116392532757e-03
-1.259624531236778512e-02
-1.757504864422926999e-02
-2.253902026866386882e-02
-2.501618364372719741e-02
-2.747924903543333755e-02
-3.233265446922328062e-02
-3.474025707989486511e-02
-3.712541629744677690e-02
-3.948257925423973719e-02
-4.180988390733168802e-02
-4.410355199735427334e-02
-4.636078816651248435e-02
-4.858127934229641842e-02
-5.075680399087330319e-02
-5.288726662108477611e-02
-5.496699014013781831e-02
-5.699198715320617087e-02
-5.895954088582991415e-02
-6.086407838129814785e-02
-6.179477343517042476e-02
-6.270783475959425257e-02
-6.447408361613829464e-02
-6.533076955370080430e-02
-6.616923443013483785e-02
-6.698637872904024404e-02
-6.778137425237247549e-02
-6.855681872608627991e-02
-6.930953276027955468e-02
-7.003963548900839220e-02
-7.074784252952009966e-02
-7.143256027602615243e-02
-7.209431214512580788e-02
-7.273195549937268300e-02
-7.334539336056834780e-02
-7.393446262717573436e-02
-7.449793649374457372e-02
-7.503687324499451472e-02
-7.555028866869648030e-02
-7.603851347339050937e-02
-7.650151838404251059e-02
-7.693850860624977528e-02
-7.735056424175143497e-02
-7.773685755614223591e-02
-7.809747834992016025e-02
-7.843241137502066085e-02
-7.874145681879056446e-02
-7.902490375408598167e-02
-7.928255736085072780e-02
-7.951464662605152445e-02
-7.972131230515371036e-02
-7.990290489153230313e-02
-8.005935650356456323e-02
-8.019113292574868435e-02
-8.029861799654203214e-02
-8.038163766757651374e-02
-8.044072725680893876e-02
-8.047615864711998857e-02
-8.048822405459436780e-02
-8.047739739528249336e-02
-8.044386197688097040e-02
-8.038803302914075688e-02
-8.031018579036147687e-02
-8.021061013867455958e-02
-8.008960648214524802e-02
-7.994748268275261860e-02
-7.978484143003591877e-02
-7.960205428471527067e-02
-7.939973573796399453e-02
-7.893780937010888565e-02
-7.840336101521494516e-02
-7.811014737264442009e-02
-7.747295974752170522e-02
-7.713021047667716068e-02
-7.639699225830148821e-02
-7.560346533985660977e-02
-7.384856825892036070e-02
-7.189009128848168617e-02
-6.744211372023925510e-02
-6.240997663698114734e-02
-5.971128965503662289e-02
-5.398239876898000555e-02
-4.782701501594186638e-02
-4.122876962766352377e-02
-3.413276963940318348e-02
-2.647809694806337391e-02
-1.821564153538542119e-02
-9.346649217342451604e-03
-4.695534306635489041e-03
7.992362023787984149e-05
4.956406530595788666e-03
9.904060879072385318e-03
1.489559611288370639e-02
1.990482163064889037e-02
2.490590705995165965e-02
2.740288326149431172e-02
2.988839098252205062e-02
3.235910055865218876e-02
3.481318191861236533e-02
3.724802088770053088e-02
3.966151574899254295e-02
4.205172002032384060e-02
4.441447290046671159e-02
4.674740769509519445e-02
4.904695343377415973e-02
5.130920731224440645e-02
5.352972230819597055e-02
5.570375607582900984e-02
5.782643924423146869e-02
5.989223628589066678e-02
6.189610801935718082e-02
6.383273729796413998e-02
6.569669278945818036e-02
6.660146393562632605e-02
6.748628332712239275e-02
6.918882320381063156e-02
7.080468898186224880e-02
7.158096352822895803e-02
7.233340362551085589e-02
7.376384047076406381e-02
7.509657268784451778e-02
7.632934578932706882e-02
7.746064563185250940e-02
7.798884539526389215e-02
7.896455503550282862e-02
7.983352108481633902e-02
8.022935866810164407e-02
8.094036609283766781e-02
8.154464633760312442e-02
8.204648916556726845e-02
8.244608774858024069e-02
8.274528626426244649e-02
8.294709946688066937e-02
8.305071257743337765e-02
8.297455952249466193e-02
8.280465520337200458e-02
8.255009537392811458e-02
8.179420619798155601e-02
8.130290094139891455e-02
8.010745122959886388e-02
7.695011202689037988e-02
7.504899549942393999e-02
7.185635121465774877e-02
6.706699290960035920e-02
6.177174076827373489e-02
5.604208140102712871e-02
4.989905680810898664e-02
4.330868816087506123e-02
3.621272409273584847e-02
2.856186154506647548e-02
2.032584887597327361e-02
1.151400462043111923e-02
2.206840480454739638e-03
-2.613371067597416563e-03
-7.507224170693227623e-03
-1.244592470806876218e-02
-1.740187214630196932e-02
-2.234856536930253379e-02
-2.481979971041301317e-02
-2.727950489285615315e-02
-3.213346948335704667e-02
-3.454378847805028574e-02
-3.693355396523375495e-02
-3.929554063478200160e-02
-4.162932008707775910e-02
-4.392929606752472849e-02
-4.619398257636476990e-02
-4.842174352311946067e-02
-5.060534206912334354e-02
-5.274437875116593649e-02
-5.483237828196652064e-02
-5.686585971336725887e-02
-5.884041070156764003e-02
-6.075110815950917481e-02
-6.168404945613843032e-02
-6.259926454626139891e-02
-6.349582739789580432e-02
-6.437320029005277888e-02
-6.606562699926564475e-02
-6.688313908409226904e-02
-6.768040364710257994e-02
-6.845649260374145340e-02
-6.920872404115964438e-02
-6.994007701425419832e-02
-7.064756341051103838e-02
-7.133017414419776103e-02
-7.262464640764521029e-02
-7.323575324310103996e-02
-7.382288884055208944e-02
-7.438512133789909608e-02
-7.492243596235018122e-02
-7.543479201815019020e-02
-7.592126357382508739e-02
-7.638363377453395719e-02
-7.681917219049216872e-02
-7.722986245046313536e-02
-7.761543423737519987e-02
-7.797467812370423301e-02
-7.830955092142986851e-02
-7.861775496145438635e-02
-7.890071566918038792e-02
-7.915819929934779509e-02
-7.939018514834235429e-02
-7.959702777766038129e-02
-7.977847048303400579e-02
-7.993539737767313413e-02
-8.006725197259408067e-02
-8.017519150145385742e-02
-8.025872153422342059e-02
-8.031848275280921434e-02
-8.035498622973379079e-02
-8.036809115018830885e-02
-8.035853096660156014e-02
-8.032653019799367022e-02
-8.027216104351174442e-02
-8.019581814922580043e-02
-8.009780353920850637e-02
-7.997852024004455107e-02
-7.983834227637437442e-02
-7.967752744447015312e-02
-7.949676042934564202e-02
-7.907658214925104845e-02
-7.858269718931004677e-02
-7.830935642293451737e-02
-7.771185303032600300e-02
-7.738861665393126366e-02
-7.704965657017941172e-02
-7.632484412993205403e-02
-7.554024357656678734e-02
-7.380437769697713313e-02
-7.186498400130036934e-02
-6.974237411945317933e-02
-6.502574040560006596e-02
-5.978008363774090644e-02
-5.406807257748003775e-02
-4.791367138712771673e-02
-4.130241865423381342e-02
-3.418433873714953747e-02
-2.650862211108331173e-02
-1.823902066357483212e-02
-9.376181115773768102e-03
-4.731827911059274111e-03
3.342191852790276952e-05
4.896055062471476628e-03
9.827792998749466935e-03
1.480328011033870371e-02
1.979737221442256015e-02
2.478405328006788935e-02
2.727423470004297981e-02
2.975370195608933316e-02
3.221954317523335887e-02
3.466989707378478891e-02
3.710184762124895536e-02
3.951275093111221437e-02
4.190040545512531411e-02
4.426101367762860089e-02
4.659207950696178657e-02
4.889021148063171784e-02
5.115129208166206004e-02
5.337115098140045311e-02
5.554539242217076261e-02
5.766944215520935363e-02
5.973776044499849724e-02
6.174472567227516639e-02
6.368506615676410021e-02
6.555350971857383524e-02
6.646093544035923395e-02
6.734863204540930681e-02
6.905733065051639086e-02
7.067984913788100121e-02
7.145962002238580302e-02
7.221567808604217875e-02
7.365340872872858102e-02
7.499301949597690642e-02
7.623186602193181283e-02
7.736842147636270595e-02
7.840077868315405152e-02
7.932770201268152244e-02
8.014753172621183475e-02
8.086186508906549608e-02
8.147092774201653009e-02
8.173679274983546017e-02
8.219068731013219609e-02
8.254254145170954182e-02
8.268157203025533475e-02
8.288515000501689434e-02
8.299022792813473548e-02
8.300232933796175550e-02
8.292233523906900050e-02
8.249604681449082544e-02
8.174679608755366922e-02
8.126015004076091175e-02
8.070309386163565524e-02
8.007660655551034068e-02
7.862941982782806205e-02
7.694781600171356206e-02
7.505889168963424118e-02
7.188636658619702857e-02
6.712180492286058675e-02
6.184702687695120549e-02
5.612953055036663808e-02
4.998571155635891244e-02
4.338693389316801430e-02
3.627986648811049042e-02
2.861260123198996336e-02
2.035647407022255287e-02
1.152814549367846449e-02
2.212199688594945583e-03
-2.608583836173876489e-03
-7.500527530007803159e-03
-1.243407687158705130e-02
-1.738273629485900112e-02
-2.232153093550122078e-02
-2.478852552048493516e-02
-2.724408586891772718e-02
-3.208937986569779244e-02
-3.449565321522746891e-02
-3.688128328135728551e-02
-3.924041969483255121e-02
-4.157232191455497577e-02
-4.387235605667124533e-02
-4.613861299127809679e-02
-4.836931015532659056e-02
-5.055692263822118837e-02
-5.270057448809122025e-02
-5.479387030415548004e-02
-5.683254254862239729e-02
-5.881239404921198566e-02
-6.072824263254353316e-02
-6.166388449387880111e-02
-6.258172022745976670e-02
-6.435661992914305796e-02
-6.521719780878400263e-02
-6.605932082642695935e-02
-6.687999472887790064e-02
-6.845371880654689545e-02
-6.920997581877184890e-02
-6.994157926243554924e-02
-7.064982986310937296e-02
-7.133590881109372339e-02
-7.199677061448749027e-02
-7.263404495886803536e-02
-7.324734503589588885e-02
-7.383464661853499089e-02
-7.439772001425445924e-02
-7.493560689455219803e-02
-7.544810550819953943e-02
-7.593542370207195802e-02
-7.639705721537518035e-02
-7.683330525687072365e-02
-7.724333723780912875e-02
-7.762854786757261705e-02
-7.798747637747871497e-02
-7.832046399544713433e-02
-7.862821830833280345e-02
-7.890942418407674575e-02
-7.916586508026515756e-02
-7.939644805839300712e-02
-7.960164189736357310e-02
-7.978198709614105211e-02
-7.993743136735888266e-02
-8.006812748612386621e-02
-8.017467779155439123e-02
-8.025729563732308947e-02
-8.031576780882107580e-02
-8.035110113893251249e-02
-8.036306482105917692e-02
-8.035221765153956197e-02
-8.031887104188123461e-02
-8.026313510209846791e-02
-8.018538908819841660e-02
-8.008610620441566907e-02
-7.996540736008964090e-02
-7.982387110108737915e-02
-7.966193915921940261e-02
-7.948002995010794436e-02
-7.905830436611922807e-02
-7.856312860025950473e-02
-7.828947186082341192e-02
-7.769116531639934375e-02
-7.702805755189405523e-02
-7.630304460409201295e-02
-7.551881931603818265e-02
-7.378482598885149901e-02
-7.185001939883332855e-02
-6.745612097228277648e-02
-6.248057727859739757e-02
-5.980755440483487978e-02
-5.412000323318676837e-02
-4.798876306340162795e-02
-4.139124222530104341e-02
-3.427552543401332641e-02
-2.659382898272385359e-02
-1.830914338871384925e-02
-9.425742751487600421e-03
-4.771590860613980287e-03
1.327202267709618836e-06
4.869606879862251048e-03
9.805123151224596004e-03
1.478154620736309502e-02
1.977349027508914711e-02
2.475676732238128383e-02
2.724540650750351123e-02
2.972359222320566929e-02
3.218808744448731912e-02
3.463676798159834314e-02
3.706654346177791493e-02
3.947504118321204514e-02
4.186033805458361234e-02
4.421864830994684525e-02
4.654757421173520010e-02
4.884365314685219089e-02
5.110316411199962439e-02
5.332182507146539935e-02
5.549510402132504239e-02
5.761831864811096937e-02
5.968609941598398277e-02
6.169321490149417414e-02
6.363440401741744801e-02
6.550429393989716520e-02
6.641253834496405051e-02
6.730113633605452894e-02
6.901182565311100858e-02
7.063651254337999230e-02
7.141738874297214046e-02
7.217447385826171458e-02
7.361409553956975438e-02
7.495560351068626670e-02
7.619668278503841097e-02
7.733586309525100622e-02
7.837125418532606136e-02
7.885085008037739929e-02
7.972723297081583949e-02
8.012635382850717691e-02
8.049971574271798380e-02
8.116345808599513545e-02
8.172133627421190871e-02
8.217712316496988967e-02
8.252983559291869609e-02
8.278350593634552224e-02
8.293823739142236473e-02
8.299700119151462441e-02
8.298094729733540564e-02
8.291286099733248538e-02
8.279519040328761625e-02
8.262903472272153937e-02
8.241552932148146771e-02
8.215618371533861541e-02
8.150481830304616426e-02
8.068844866557230155e-02
7.860278819109835224e-02
7.502418595782514577e-02
7.185269080274464537e-02
6.709841486017337209e-02
6.183998692815558668e-02
5.613995313450220043e-02
5.001551913370356345e-02
4.343816848787208224e-02
3.635118624880227106e-02
2.869981857486619825e-02
2.045285441304218327e-02
1.162571768318427720e-02
2.305135111433989897e-03
-2.517936517057505017e-03
-7.412269347197420095e-03
-1.234781595882065985e-02
-1.729769812223957634e-02
-2.223593511061373179e-02
-2.470186921571022529e-02
-2.715583045044148505e-02
-3.199717567210992597e-02
-3.440101146079455052e-02
-3.678430255773396801e-02
-3.914085224677760211e-02
-4.147001874582743192e-02
-4.376669749611789700e-02
-4.602942320292665451e-02
-4.825630008281941996e-02
-5.044033159699194691e-02
-5.258098477749999916e-02
-5.467219055590680221e-02
-5.671002064884635152e-02
-5.868989387261672880e-02
-6.060671639201020700e-02
-6.154291834031152403e-02
-6.246156890568502207e-02
-6.336167852275262358e-02
-6.424270178148142052e-02
-6.594274483812150034e-02
-6.676413044091149274e-02
-6.756533162774285006e-02
-6.834533757053297409e-02
-6.910157504351201185e-02
-6.983692065048585640e-02
-7.054847378296948135e-02
-7.123522509182290963e-02
-7.253800474132922338e-02
-7.315333334838515500e-02
-7.374449194076429515e-02
-7.431057642871639890e-02
-7.485148670728375420e-02
-7.536722878507760848e-02
-7.585687695499267191e-02
-7.632213029255363601e-02
-7.676032214176777002e-02
-7.717336841596350583e-02
-7.756102802126793594e-02
-7.792214981071243773e-02
-7.825873759451643097e-02
-7.856851429619403360e-02
-7.885287392786741179e-02
-7.911169167986077666e-02
-7.934492913805787917e-02
-7.955295167695120018e-02
-7.973554394538338863e-02
-7.989357201152136323e-02
-8.002650775128715421e-02
-8.013548527835177848e-02
-8.022003259066619318e-02
-8.028076668494327217e-02
-8.031815018624266500e-02
-8.033201790279551058e-02
-8.032310480529616936e-02
-8.029166359426134769e-02
-8.023778662615155266e-02
-8.016189689447858480e-02
-8.006426535977453907e-02
-7.994531054955170135e-02
-7.980542983622246345e-02
-7.964489258197429700e-02
-7.946438152227311424e-02
-7.904460816994939021e-02
-7.855099155631380115e-02
-7.827774108996488067e-02
-7.768038466385196461e-02
-7.701779434971146865e-02
-7.629322634696825145e-02
-7.550906625740896883e-02
-7.377471470971491696e-02
-7.183925194007523274e-02
-6.744465370317859199e-02
-6.247149045740712364e-02
-5.980215358898570421e-02
-5.412574343737154570e-02
-4.801032195021057852e-02
-4.143519575504270303e-02
-3.434559852917242612e-02
-2.668795482903104158e-02
-1.842369600340130684e-02
-9.556163246121263458e-03
-4.906802045134850757e-03
-1.357748247915716207e-04
4.732128531632588155e-03
9.667453784569792277e-03
1.464402568351108082e-02
1.963720680401794330e-02
2.462274463429685659e-02
2.711248355508289604e-02
2.959179146302344521e-02
3.205741223090868147e-02
3.450754454784612374e-02
3.693887071347271706e-02
3.934908349875688993e-02
4.173598890154536084e-02
4.409585566744556734e-02
4.642643027753230733e-02
4.872416658635900927e-02
5.098520605166043801e-02
5.320513082559882867e-02
5.537973879215494361e-02
5.750458415508149373e-02
5.957438257844410723e-02
6.158374880656483641e-02
6.352729726139402788e-02
6.539981740510245056e-02
6.630953246740603491e-02
6.719972882376434864e-02
6.891390056534517361e-02
7.054232206339627886e-02
7.132516015696090117e-02
7.208436880488974796e-02
7.352867084946618226e-02
7.487535618734304788e-02
7.612185824231612608e-02
7.726667978779180879e-02
7.830784633374797410e-02
7.879034070374429932e-02
7.967252812121132510e-02
8.007452786848030801e-02
8.045080437278362417e-02
8.112038186150206942e-02
8.168416830263168504e-02
8.214599954725120001e-02
8.250486879268463525e-02
8.276470671097586884e-02
8.292542164008281924e-02
8.298977669565044124e-02
8.297761544990624183e-02
8.291316178630389611e-02
8.279890013598230347e-02
8.263596146457857783e-02
8.242554902094427483e-02
8.216919500451025371e-02
8.152336925032269144e-02
8.071176827405412979e-02
7.863234923818811228e-02
7.505650003887168187e-02
7.188517929070126211e-02
6.713120510165822286e-02
6.187441962280211538e-02
5.617865368445630614e-02
5.006087935824726776e-02
4.349250325168730474e-02
3.641763169548521695e-02
2.878085584125002205e-02
2.054870669064098182e-02
1.173395767474453254e-02
2.420682363041214667e-03
-2.400958205110682690e-03
-7.295463962417847101e-03
-1.223246350175497162e-02
-1.718453835891055326e-02
-2.212528447615260893e-02
-2.459251602301960188e-02
-2.704779659679808906e-02
-3.189153387699030645e-02
-3.429621976383459558e-02
-3.668004408386801168e-02
-3.903680815033253038e-02
-4.136594580299578217e-02
-4.366243864145422787e-02
-4.592487291355298179e-02
-4.815142611801985495e-02
-5.033520385013020432e-02
-5.247574607161798604e-02
-5.456697499002832047e-02
-5.660496780624974661e-02
-5.760480755364252164e-02
-5.858929428517043597e-02
-6.050622680864806840e-02
-6.144144727047076704e-02
-6.236057680315786750e-02
-6.413831400012849626e-02
-6.500055846526932302e-02
-6.584574850109915778e-02
-6.666898677568502962e-02
-6.746995096408435477e-02
-6.825157876337514806e-02
-6.901054992898776608e-02
-6.974614954746384543e-02
-7.045953393407157483e-02
-7.114957222817590299e-02
-7.181579864980369710e-02
-7.245802611069473986e-02
-7.307621441321235367e-02
-7.423642530148451268e-02
-7.478008490860772739e-02
-7.529863194136757198e-02
-7.579152191892958579e-02
-7.625977356452728895e-02
-7.670154825390348985e-02
-7.711755110052170847e-02
-7.750901277057659078e-02
-7.787346287510844844e-02
-7.821272773395293587e-02
-7.852643300785022706e-02
-7.881384256909593211e-02
-7.907626016863582297e-02
-7.931271067132940333e-02
-7.952374124534822286e-02
-7.970988224599039051e-02
-7.987119105913391415e-02
-8.000739903355191807e-02
-8.011939495795822319e-02
-8.020751872794845694e-02
-8.027125730687909022e-02
-8.031185223322664934e-02
-8.032901952079769814e-02
-8.032320350651431240e-02
-8.029488432611293913e-02
-8.024401236172619412e-02
-8.017104130527197281e-02
-8.007645336872631914e-02
-7.996029396930415256e-02
-7.982304647081912841e-02
-7.966528020492837092e-02
-7.948736120943468431e-02
-7.907274298158811776e-02
-7.858382364176232093e-02
-7.831297746941982829e-02
-7.771968760996014747e-02
-7.739844663846856543e-02
-7.706125126044946483e-02
-7.633987552222337714e-02
-7.555835094709351107e-02
-7.382869613463018121e-02
-7.189555105156134052e-02
-6.750231696357975042e-02
-6.252704168067095558e-02
-5.985571626006561813e-02
-5.417511563969380772e-02
-4.805906779271711809e-02
-4.148695923101675814e-02
-3.440406606040131293e-02
-2.675707025780563186e-02
-1.850695615440766870e-02
-9.652789611130948091e-03
-5.008709935318247410e-03
-2.421031345410471359e-04
4.622330549155295905e-03
9.555982352945422212e-03
1.453317878107839717e-02
1.952749903057047001e-02
2.451444570521372004e-02
2.700544474908791320e-02
2.948646231096079331e-02
3.195395295664864993e-02
3.440575343356321036e-02
3.683881912479947118e-02
3.925097043359919435e-02
4.164019093359656865e-02
4.400252503379802060e-02
4.633535255333805225e-02
4.863523906287445936e-02
5.089842646876942961e-02
5.312078042060326688e-02
5.529779732938024106e-02
5.742480141973380081e-02
5.949658911858202864e-02
6.150797375432245917e-02
6.345368979478135940e-02
6.532824229204864386e-02
6.623892147054154245e-02
6.799703904146993383e-02
6.967108977109010004e-02
7.087127873927395738e-02
7.202019864988615239e-02
7.311539786179459266e-02
7.513262800916085948e-02
7.606151729266161232e-02
7.693462227830348554e-02
7.774894191623071826e-02
7.850355290241706196e-02
7.919951008280777527e-02
7.983387433094885077e-02
8.040965632166426069e-02
8.092569216871978166e-02
8.138183078382524305e-02
8.178014129497514217e-02
8.239743924534213837e-02
8.279033676711709810e-02
8.290629215018588405e-02
8.297403620691044812e-02
8.290445226981965621e-02
8.249668813504359988e-02
8.217056475319445275e-02
8.128336871779585915e-02
8.073103256970443065e-02
8.010997296492503028e-02
7.867258588659367669e-02
7.699806155159298615e-02
7.304440457550671895e-02
7.194720648789712514e-02
6.964190658315046190e-02
6.462686735825491635e-02
5.914591464412005672e-02
5.323820499490880542e-02
5.012727507798488830e-02
4.355398986324249960e-02
3.647350722864284300e-02
2.883246550338448844e-02
2.059980583453904085e-02
1.178781104256170290e-02
2.478387536110360830e-03
-2.342479168528522043e-03
-7.236591544539056758e-03
-1.217244112909826245e-02
-1.712365745763151995e-02
-2.206518440463471620e-02
-2.453345655607592005e-02
-2.699035735244885437e-02
-2.943223036984531776e-02
-3.185750696145369515e-02
-3.426306873636767586e-02
-3.664630758907602703e-02
-3.900557734539017440e-02
-4.133613014754892317e-02
-4.363692793514502982e-02
-4.590380254141653016e-02
-4.813365967860405714e-02
-5.032291198289921136e-02
-5.246719066041748147e-02
-5.456270879409156477e-02
-5.660398479309199787e-02
-5.858757653531623810e-02
-6.050901700899157659e-02
-6.144720187901680369e-02
-6.236849128421861899e-02
-6.415098680260372666e-02
-6.501559070057556788e-02
-6.586188519745445058e-02
-6.668684590018537917e-02
-6.827033085956424330e-02
-6.903205226048970966e-02
-6.976933343620193850e-02
-7.048337928826801935e-02
-7.117606171799037429e-02
-7.184347553609561621e-02
-7.248723841232189435e-02
-7.310744316091261075e-02
-7.370147234569186800e-02
-7.427147326553167062e-02
-7.481648624672040948e-02
-7.533592923632145832e-02
-7.583041409614142692e-02
-7.629898955495553747e-02
-7.674187145743116556e-02
-7.715872898571086991e-02
-7.755065429370353036e-02
-7.791608910804394272e-02
-7.825556278202466798e-02
-7.856987450796899808e-02
-7.885756584654000922e-02
-7.912044696502033847e-02
-7.935731051671723879e-02
-7.956861710347411243e-02
-7.975507596460347515e-02
-7.991640549023387718e-02
-8.005293999887359846e-02
-8.016527879958962322e-02
-8.025346967252743047e-02
-8.031733377470953728e-02
-8.035787001298656806e-02
-8.037491556503133239e-02
-8.036895801896569436e-02
-8.034026506180964866e-02
-8.028894791412975740e-02
-8.021552661459345479e-02
-8.012045877231301072e-02
-8.000374984587003968e-02
-7.986613862389185803e-02
-7.970797205456539580e-02
-7.952962248862395500e-02
-7.911454378181849434e-02
-7.862561159343932349e-02
-7.835493240808073800e-02
-7.776198027284661474e-02
-7.744090201937696427e-02
-7.710371036081219154e-02
-7.638192630281198658e-02
-7.559984645692630068e-02
-7.386902615929560878e-02
-7.193623451269796909e-02
-6.982334098079619189e-02
-6.512828214428507956e-02
-5.990191872019153679e-02
-5.421584980892440314e-02
-4.809475774299607626e-02
-4.151406620873045183e-02
-3.442161133556732172e-02
-2.676483812693382369e-02
-1.850426313968768846e-02
-9.641001066609044406e-03
-4.993531847659072979e-03
-2.244075648067773922e-04
4.643010106737019763e-03
9.580618105846110469e-03
1.456146773990434420e-02
1.955886211150615825e-02
2.454817828379928998e-02
2.703964953446098482e-02
2.952022603569836451e-02
3.198666729180648510e-02
3.443731558970617584e-02
3.686924530420691848e-02
3.928001452884056360e-02
4.166764910307802633e-02
4.402850019015322469e-02
4.636009313128779813e-02
4.865893946301642209e-02
5.092124839146780491e-02
5.314287346080121682e-02
5.531927451102534171e-02
5.744565693253866207e-02
5.951667135135249587e-02
6.152720777193129015e-02
6.347221147846167366e-02
6.534637862595345237e-02
6.625699876102561503e-02
6.801519747050877029e-02
6.968954085288912859e-02
7.089012050718240809e-02
7.203949075596784157e-02
7.313506015739414112e-02
7.515227246054656529e-02
7.608082135929608580e-02
7.695347188039848574e-02
7.776732940418693008e-02
7.852156938375390305e-02
7.921733804898006825e-02
7.985173710455296947e-02
8.042773215004235532e-02
8.094400818592016600e-02
8.140025892468615021e-02
8.179848479336734868e-02
8.241522060014201678e-02
8.280740934626804051e-02
8.292308918568452869e-02
8.299081825860074590e-02
8.292159586508290881e-02
8.276385831636239032e-02
8.218903776040512033e-02
8.178428154901101754e-02
8.130423835298369872e-02
8.075155836137214160e-02
8.013095726190487544e-02
7.869200544527112096e-02
7.701864907428443430e-02
7.513590433418738945e-02
7.197105690290156454e-02
6.721682753576715963e-02
6.195627776001091935e-02
5.625716761048256409e-02
5.013468079005333616e-02
4.355870771103781403e-02
3.647558756940653263e-02
2.883313907408585966e-02
2.059826442348671252e-02
1.178354907268912982e-02
2.472427646300610817e-03
-2.348376262664060750e-03
-7.241404570653845255e-03
-1.217681953612602050e-02
-1.712767944558161656e-02
-2.206896921242945675e-02
-2.453685069925844869e-02
-2.699375865266016514e-02
-2.943542248479118217e-02
-3.186090313933086920e-02
-3.662919491760308760e-02
-4.130494387224946384e-02
-4.361277261785100751e-02
-4.588524791311421325e-02
-4.812014063205877212e-02
-5.031257901336475685e-02
-5.245943128451398957e-02
-5.455804278976499055e-02
-5.558916396322690495e-02
-5.760467614747578208e-02
-5.955883082118566818e-02
-6.051417177533677944e-02
-6.145374808263342342e-02
-6.237418828712543162e-02
-6.327680938919194586e-02
-6.416167264889391375e-02
-6.502603047126764846e-02
-6.587081640144336336e-02
-6.669547505634169926e-02
-6.749879615597195737e-02
-6.828059383399708027e-02
-6.904054603296996828e-02
-6.977783848466455330e-02
-7.049177667785440360e-02
-7.118258442909800032e-02
-7.184961041592811959e-02
-7.249249983633801464e-02
-7.311112965068376768e-02
-7.370460473619086517e-02
-7.427343041997290507e-02
-7.481741196499194779e-02
-7.533580555789828881e-02
-7.582910394704027446e-02
-7.629691548214689867e-02
-7.673901243736658273e-02
-7.715551219549995898e-02
-7.754616842631560647e-02
-7.791095654039091600e-02
-7.824999070677390867e-02
-7.856309874655213743e-02
-7.885041324365543725e-02
-7.911234373189068858e-02
-7.934865430842495682e-02
-7.955947802087839915e-02
-7.974520305401563980e-02
-7.990597231719040461e-02
-8.004203849205060450e-02
-8.015377237112025766e-02
-8.024133988567053177e-02
-8.030520211088224003e-02
-8.034549714616412430e-02
-8.036253256806959178e-02
-8.035667056282944087e-02
-8.032815896494495400e-02
-8.027724453500356683e-02
-8.020421895099562326e-02
-8.010950737982390490e-02
-7.999332479702735144e-02
-7.985618501186995954e-02
-7.969836442280391064e-02
-7.952042897995541260e-02
-7.910564548853953049e-02
-7.861651166914494782e-02
-7.805823537965904391e-02
-7.759518593427949806e-02
-7.709531088139029431e-02
-7.656079026538425980e-02
-7.599206205214302512e-02
-7.538984933884299022e-02
-7.409334846611925762e-02
-7.340058569005517008e-02
-7.193554850965094838e-02
-7.036887740307774808e-02
-6.695660711625832373e-02
-6.449917305996225037e-02
-5.989947096502264146e-02
-5.422320902390334596e-02
-4.810402212424627622e-02
-4.151632986955201138e-02
-3.440713053675447525e-02
-2.673120972892268493e-02
-1.845394591523176822e-02
-9.581980303969254639e-03
-4.932671335249072010e-03
-1.639573543446122485e-04
9.588651190394257770e-03
1.456704669313779558e-02
1.956767539351396412e-02
2.456157882111863547e-02
2.705526905195949905e-02
2.953800718754980015e-02
3.444835307418040588e-02
3.688538296125148247e-02
3.930172774259107354e-02
4.169496350535047829e-02
4.406163510079660200e-02
4.639793472688141796e-02
4.870207838480331702e-02
5.096978432188823543e-02
5.319598984934548191e-02
5.537710918734533444e-02
5.750805670188072205e-02
5.958397961331535209e-02
6.159895541308296751e-02
6.354909173111487897e-02
6.542795344738898400e-02
6.634084878538215602e-02
6.723414561425515579e-02
6.895419345233418096e-02
7.058862437107488175e-02
7.137415703270398593e-02
7.213597020232090373e-02
7.358553675934910443e-02
7.493722705809283124e-02
7.618855667047366720e-02
7.733800586948337552e-02
7.838377109061250847e-02
7.886873079398912245e-02
7.975596102653825792e-02
8.016072687250661022e-02
8.053956127905040341e-02
8.121374891278325403e-02
8.178113195970601601e-02
8.224549715381419823e-02
8.260657055645950764e-02
8.286867332121550245e-02
8.303169361298057272e-02
8.309802112697765863e-02
8.308693629561450522e-02
8.302309533133593600e-02
8.290921959339792036e-02
8.274625608818554634e-02
8.253564428472236203e-02
8.227907680431599535e-02
8.163332780040120917e-02
8.082157207025214563e-02
7.874052867070049921e-02
7.516754271322519110e-02
7.200280293912467156e-02
6.725101827308152536e-02
6.198556302756938474e-02
5.627727947040477713e-02
5.014576464676809980e-02
4.356122989739192458e-02
3.647176785618137795e-02
2.882389180824184230e-02
2.058188438433698753e-02
1.176052201080731753e-02
2.445045356219993898e-03
-2.376922082454178096e-03
-7.272431942063294769e-03
-1.221196904535919517e-02
-1.716812326739082170e-02
-2.211287259392590368e-02
-2.458164435321867625e-02
-2.703807955649875638e-02
-2.947871598057958537e-02
-3.190203739487709744e-02
-3.430504071130068000e-02
-3.668572762231358392e-02
-3.904193389217146259e-02
-4.136950296049935610e-02
-4.366700016774797272e-02
-4.593096634358766195e-02
-4.815794128594660939e-02
-5.034493265515522370e-02
-5.248763629774928080e-02
-5.458234744355846407e-02
-5.662384644113006849e-02
-5.860797300808742727e-02
-5.957919060349102514e-02
-6.053445456376782552e-02
-6.238841395324055961e-02
-6.329061511736816525e-02
-6.417571120761075831e-02
-6.588124880017250107e-02
-6.670535401321601998e-02
-6.751090589840910705e-02
-6.829353121104575486e-02
-6.978797331133101967e-02
-7.050369394055518157e-02
-7.119393063661298704e-02
-7.185990062320601890e-02
-7.250352165234652535e-02
-7.312143774723672829e-02
-7.371479087692967003e-02
-7.428411609777599289e-02
-7.482722322801699244e-02
-7.534572512635387409e-02
-7.583920968588157840e-02
-7.630676569544829480e-02
-7.674915186183033089e-02
-7.716603670188079689e-02
-7.755685893199559811e-02
-7.792155438873307749e-02
-7.826125316224220863e-02
-7.857426049563746850e-02
-7.886138604549956799e-02
-7.912323665979816012e-02
-7.935859655455035355e-02
-7.956943544981459615e-02
-7.975466243013390466e-02
-7.991474200504822267e-02
-8.005069843593383416e-02
-8.016217327834090911e-02
-8.024937661044224957e-02
-8.031317190278214335e-02
-8.035357673450141403e-02
-8.037049065879632581e-02
-8.036482589292931467e-02
-8.033635923357623776e-02
-8.028558590000646478e-02
-8.021279060322712706e-02
-8.011799466172611628e-02
-8.000174079512924197e-02
-7.986457827834014811e-02
-7.970657025216512648e-02
-7.952848690667729814e-02
-7.911351958184013877e-02
-7.862446084725835393e-02
-7.806557352217331769e-02
-7.760253962132947214e-02
-7.710333567846559821e-02
-7.599998159842016876e-02
-7.476612983333524864e-02
-7.341248172416600659e-02
-7.194823380547309133e-02
-7.038158176983173864e-02
-6.697338091997755150e-02
-6.193848786475536494e-02
-5.992334774626024985e-02
-5.570401252673362613e-02
-4.970009935960906927e-02
-4.324534221827314173e-02
-3.628864114791779949e-02
-3.446538874243345457e-02
-3.070905832341664504e-02
-2.273940190859952137e-02
-1.415442241739491187e-02
-4.998198327675366578e-03
-2.272712459139855721e-04
4.641324569258250404e-03
9.581304725112376949e-03
1.456308369630325388e-02
1.956092534578483810e-02
2.455245972296932200e-02
2.704629147212854468e-02
2.953085906065627125e-02
3.200193302789665351e-02
3.445742635814915550e-02
3.689412269373464059e-02
3.930973445922716913e-02
4.170177418635270805e-02
4.406660534555375403e-02
4.640249323257906316e-02
4.870539919291758807e-02
5.097245594195368157e-02
5.319918370126237861e-02
5.538096762909212184e-02
5.751284054626225328e-02
5.958953609630839032e-02
6.160629489126648317e-02
6.355727243623203460e-02
6.543731629909610437e-02
6.635076039667613113e-02
6.724465001357035621e-02
6.896598213083865447e-02
7.060059562726642146e-02
7.138606028746244392e-02
7.214745381612283626e-02
7.359511781300957789e-02
7.494483450258186685e-02
7.619431853924180098e-02
7.734196493457357047e-02
7.838585260433263147e-02
7.886971951095460287e-02
7.932707037593661470e-02
8.015910807009661576e-02
8.088533735647160383e-02
8.120974707661013370e-02
8.177767132017982332e-02
8.224153251537104359e-02
8.260287741298029396e-02
8.286354833117362539e-02
8.308740560342464665e-02
8.307642474353806039e-02
8.301280224244077244e-02
8.290007464441598306e-02
8.252556649431831703e-02
8.226893765702601724e-02
8.162311349354636758e-02
8.081021534335006140e-02
7.984558447617094712e-02
7.873644168583578129e-02
7.613337025093085131e-02
7.414769347414212897e-02
7.198996062429187381e-02
6.723181339665260103e-02
6.196924528137977284e-02
5.626680618253052796e-02
5.013758270016030472e-02
4.355399349992442048e-02
3.645794849366349594e-02
2.880074847530008850e-02
2.054961311790769185e-02
