0.000000000000000000e+00
1.000000000000000021e-02
2.000000000000000042e-02
2.999999999999999889e-02
4.000000000000000083e-02
5.000000000000000278e-02
6.000000000000000472e-02
7.000000000000000666e-02
8.000000000000000167e-02
8.999999999999999667e-02
9.999999999999999167e-02
1.099999999999999867e-01
1.199999999999999817e-01
1.299999999999999767e-01
1.399999999999999856e-01
1.499999999999999944e-01
1.600000000000000033e-01
1.700000000000000122e-01
1.800000000000000211e-01
1.900000000000000300e-01
2.000000000000000111e-01
2.100000000000000200e-01
2.200000000000000289e-01
2.300000000000000377e-01
2.399999999999999911e-01
2.500000000000000000e-01
2.600000000000000089e-01
2.700000000000000178e-01
2.800000000000000266e-01
2.900000000000000355e-01
3.000000000000000444e-01
3.100000000000000533e-01
3.200000000000000067e-01
3.300000000000000155e-01
3.400000000000000244e-01
3.500000000000000333e-01
3.599999999999999867e-01
3.699999999999999956e-01
3.800000000000000044e-01
3.900000000000000133e-01
4.000000000000000222e-01
4.100000000000000311e-01
4.200000000000000400e-01
4.300000000000000488e-01
4.400000000000000022e-01
4.500000000000000111e-01
4.600000000000000200e-01
4.700000000000000289e-01
4.799999999999999822e-01
4.899999999999999911e-01
5.000000000000000000e-01
5.100000000000000089e-01
5.200000000000000178e-01
5.300000000000000266e-01
5.400000000000000355e-01
5.500000000000000444e-01
5.600000000000000533e-01
5.700000000000000622e-01
5.800000000000000711e-01
5.900000000000000799e-01
5.999999999999999778e-01
6.099999999999999867e-01
6.199999999999999956e-01
6.300000000000000044e-01
6.400000000000000133e-01
6.500000000000000222e-01
6.600000000000000311e-01
6.700000000000000400e-01
6.800000000000000488e-01
6.900000000000000577e-01
7.000000000000000666e-01
7.100000000000000755e-01
7.199999999999999734e-01
7.299999999999999822e-01
7.399999999999999911e-01
7.500000000000000000e-01
7.600000000000000089e-01
7.700000000000000178e-01
7.800000000000000266e-01
7.900000000000000355e-01
8.000000000000000444e-01
8.100000000000000533e-01
8.200000000000000622e-01
8.300000000000000711e-01
8.399999999999999689e-01
8.499999999999999778e-01
8.599999999999999867e-01
8.699999999999999956e-01
8.800000000000000044e-01
8.900000000000000133e-01
9.000000000000000222e-01
9.100000000000000311e-01
9.200000000000000400e-01
9.300000000000000488e-01
9.400000000000000577e-01
9.500000000000000666e-01
9.599999999999999645e-01
9.699999999999999734e-01
9.799999999999999822e-01
9.899999999999999911e-01
1.000000000000000000e+00
1.010000000000000009e+00
1.020000000000000018e+00
1.030000000000000027e+00
1.040000000000000036e+00
1.050000000000000044e+00
1.060000000000000053e+00
1.070000000000000062e+00
1.080000000000000071e+00
1.090000000000000080e+00
1.100000000000000089e+00
1.110000000000000098e+00
1.120000000000000107e+00
1.130000000000000115e+00
1.140000000000000124e+00
1.150000000000000133e+00
1.159999999999999920e+00
1.164999999999999813e+00
1.174999999999999822e+00
1.184999999999999831e+00
1.194999999999999840e+00
1.199999999999999956e+00
1.209999999999999964e+00
1.219999999999999973e+00
1.229999999999999982e+00
1.239999999999999991e+00
1.250000000000000000e+00
1.260000000000000009e+00
1.270000000000000018e+00
1.280000000000000027e+00
1.290000000000000036e+00
1.300000000000000044e+00
1.310000000000000053e+00
1.320000000000000062e+00
1.330000000000000071e+00
1.340000000000000080e+00
1.350000000000000089e+00
1.360000000000000098e+00
1.370000000000000107e+00
1.380000000000000115e+00
1.390000000000000124e+00
1.400000000000000133e+00
1.410000000000000142e+00
1.420000000000000151e+00
1.430000000000000160e+00
1.439999999999999947e+00
1.449999999999999956e+00
1.459999999999999964e+00
1.469999999999999973e+00
1.479999999999999982e+00
1.489999999999999991e+00
1.500000000000000000e+00
1.510000000000000009e+00
1.520000000000000018e+00
1.530000000000000027e+00
1.540000000000000036e+00
1.550000000000000044e+00
1.560000000000000053e+00
1.570000000000000062e+00
1.574999999999999956e+00
1.584999999999999964e+00
1.594999999999999973e+00
1.600000000000000089e+00
1.610000000000000098e+00
1.620000000000000107e+00
1.630000000000000115e+00
1.640000000000000124e+00
1.650000000000000133e+00
1.660000000000000142e+00
1.670000000000000151e+00
1.679999999999999938e+00
1.689999999999999947e+00
1.699999999999999956e+00
1.709999999999999964e+00
1.719999999999999973e+00
1.729999999999999982e+00
1.739999999999999991e+00
1.750000000000000000e+00
1.760000000000000009e+00
1.770000000000000018e+00
1.780000000000000027e+00
1.790000000000000036e+00
1.800000000000000044e+00
1.810000000000000053e+00
1.820000000000000062e+00
1.830000000000000071e+00
1.840000000000000080e+00
1.850000000000000089e+00
1.860000000000000098e+00
1.870000000000000107e+00
1.880000000000000115e+00
1.890000000000000124e+00
1.900000000000000133e+00
1.910000000000000142e+00
1.919999999999999929e+00
1.929999999999999938e+00
1.934999999999999831e+00
1.944999999999999840e+00
1.954999999999999849e+00
1.959999999999999964e+00
1.969999999999999973e+00
1.979999999999999982e+00
1.989999999999999991e+00
2.000000000000000000e+00
2.009999999999999787e+00
2.019999999999999574e+00
2.029999999999999361e+00
2.039999999999999147e+00
2.049999999999998934e+00
2.059999999999998721e+00
2.069999999999998508e+00
2.079999999999998295e+00
2.089999999999998082e+00
2.099999999999997868e+00
2.109999999999997655e+00
2.119999999999997442e+00
2.129999999999997229e+00
2.139999999999997016e+00
2.149999999999996803e+00
2.159999999999996589e+00
2.169999999999996376e+00
2.179999999999996163e+00
2.189999999999995950e+00
2.199999999999995737e+00
2.209999999999995524e+00
2.219999999999995310e+00
2.229999999999995097e+00
2.239999999999994884e+00
2.249999999999994671e+00
2.259999999999994458e+00
2.269999999999994245e+00
2.279999999999994031e+00
2.289999999999993818e+00
2.299999999999993605e+00
2.309999999999993392e+00
2.319999999999993179e+00
2.329999999999992966e+00
2.339999999999992752e+00
2.349999999999992539e+00
2.359999999999992326e+00
2.369999999999992113e+00
2.379999999999991900e+00
2.384999999999991793e+00
2.394999999999991580e+00
2.399999999999999911e+00
2.409999999999999698e+00
2.419999999999999485e+00
2.429999999999999272e+00
2.439999999999999059e+00
2.449999999999998845e+00
2.459999999999998632e+00
2.469999999999998419e+00
2.479999999999998206e+00
2.489999999999997993e+00
2.499999999999997780e+00
2.509999999999997566e+00
2.519999999999997353e+00
2.529999999999997140e+00
2.539999999999996927e+00
2.549999999999996714e+00
2.559999999999996501e+00
2.569999999999996287e+00
2.579999999999996074e+00
2.589999999999995861e+00
2.599999999999995648e+00
2.609999999999995435e+00
2.619999999999995222e+00
2.629999999999995008e+00
2.639999999999994795e+00
2.649999999999994582e+00
2.659999999999994369e+00
2.669999999999994156e+00
2.679999999999993943e+00
2.689999999999993729e+00
2.699999999999993516e+00
2.709999999999993303e+00
2.719999999999993090e+00
2.729999999999992877e+00
2.739999999999992664e+00
2.749999999999992450e+00
2.759999999999992237e+00
2.769999999999992024e+00
2.779999999999991811e+00
2.789999999999991598e+00
2.799999999999991385e+00
2.809999999999991172e+00
2.819999999999990958e+00
2.829999999999990745e+00
2.839999999999990532e+00
2.849999999999990319e+00
2.859999999999990106e+00
2.869999999999989893e+00
2.879999999999989679e+00
2.889999999999989466e+00
2.899999999999989253e+00
2.909999999999989040e+00
2.919999999999988827e+00
2.929999999999988614e+00
2.939999999999988400e+00
2.949999999999988187e+00
2.959999999999987974e+00
2.969999999999987761e+00
2.979999999999987548e+00
2.989999999999987335e+00
2.999999999999987121e+00
3.009999999999986908e+00
3.019999999999986695e+00
3.029999999999986482e+00
3.039999999999986269e+00
3.049999999999986056e+00
3.059999999999985842e+00
3.069999999999985629e+00
3.079999999999985416e+00
3.089999999999985203e+00
3.099999999999984990e+00
3.109999999999984777e+00
3.119999999999984563e+00
3.129999999999984350e+00
3.139999999999984137e+00
3.149999999999983924e+00
3.159999999999983711e+00
3.169999999999983498e+00
3.179999999999983284e+00
3.189999999999983071e+00
3.199999999999982858e+00
3.209999999999982645e+00
3.219999999999982432e+00
3.229999999999982219e+00
3.239999999999982006e+00
3.249999999999981792e+00
3.259999999999981579e+00
3.269999999999981366e+00
3.279999999999981153e+00
3.289999999999980940e+00
3.299999999999980727e+00
3.309999999999980513e+00
3.319999999999980300e+00
3.329999999999980087e+00
3.339999999999979874e+00
3.349999999999979661e+00
3.359999999999979448e+00
3.369999999999979234e+00
3.379999999999979021e+00
3.389999999999978808e+00
3.399999999999978595e+00
3.409999999999978382e+00
3.419999999999978169e+00
3.429999999999977955e+00
3.439999999999977742e+00
3.449999999999977529e+00
3.459999999999977316e+00
3.469999999999977103e+00
3.479999999999976890e+00
3.489999999999976676e+00
3.499999999999976463e+00
3.509999999999976250e+00
3.519999999999976037e+00
3.529999999999975824e+00
3.539999999999975611e+00
3.549999999999975397e+00
3.559999999999975184e+00
3.569999999999974971e+00
3.579999999999974758e+00
3.589999999999974545e+00
3.599999999999974332e+00
3.609999999999974118e+00
3.619999999999973905e+00
3.629999999999973692e+00
3.639999999999973479e+00
3.649999999999973266e+00
3.659999999999973053e+00
3.669999999999972840e+00
3.679999999999972626e+00
3.689999999999972413e+00
3.699999999999972200e+00
3.709999999999971987e+00
3.719999999999971774e+00
3.729999999999971561e+00
3.739999999999971347e+00
3.749999999999971134e+00
3.759999999999970921e+00
3.764999999999970814e+00
3.774999999999970601e+00
3.784999999999970388e+00
3.794999999999970175e+00
3.800000000000000266e+00
3.810000000000000053e+00
3.819999999999999840e+00
3.829999999999999627e+00
3.839999999999999414e+00
3.849999999999999201e+00
3.859999999999998987e+00
3.869999999999998774e+00
3.879999999999998561e+00
3.889999999999998348e+00
3.899999999999998135e+00
3.909999999999997922e+00
3.919999999999997708e+00
3.924999999999997602e+00
3.934999999999997389e+00
3.944999999999997176e+00
3.954999999999996962e+00
3.959999999999999964e+00
3.969999999999999751e+00
3.979999999999999538e+00
3.989999999999999325e+00
3.999999999999999112e+00
4.009999999999998899e+00
4.019999999999998685e+00
4.029999999999998472e+00
4.039999999999998259e+00
4.049999999999998046e+00
4.059999999999997833e+00
4.069999999999997620e+00
4.079999999999997407e+00
4.089999999999997193e+00
4.099999999999996980e+00
4.109999999999996767e+00
4.119999999999996554e+00
4.129999999999996341e+00
4.139999999999996128e+00
4.149999999999995914e+00
4.159999999999995701e+00
4.169999999999995488e+00
4.179999999999995275e+00
4.189999999999995062e+00
4.199999999999994849e+00
4.209999999999994635e+00
4.219999999999994422e+00
4.229999999999994209e+00
4.239999999999993996e+00
4.249999999999993783e+00
4.259999999999993570e+00
4.269999999999993356e+00
4.279999999999993143e+00
4.289999999999992930e+00
4.299999999999992717e+00
4.309999999999992504e+00
4.319999999999992291e+00
4.329999999999992077e+00
4.339999999999991864e+00
4.349999999999991651e+00
4.359999999999991438e+00
4.369999999999991225e+00
4.379999999999991012e+00
4.389999999999990798e+00
4.399999999999990585e+00
4.409999999999990372e+00
4.419999999999990159e+00
4.429999999999989946e+00
4.439999999999989733e+00
4.449999999999989519e+00
4.459999999999989306e+00
4.469999999999989093e+00
4.479999999999988880e+00
4.489999999999988667e+00
4.499999999999988454e+00
4.509999999999988241e+00
4.519999999999988027e+00
4.529999999999987814e+00
4.539999999999987601e+00
4.549999999999987388e+00
4.559999999999987175e+00
4.569999999999986962e+00
4.579999999999986748e+00
4.589999999999986535e+00
4.599999999999986322e+00
4.609999999999986109e+00
4.619999999999985896e+00
4.629999999999985683e+00
4.639999999999985469e+00
4.649999999999985256e+00
4.659999999999985043e+00
4.669999999999984830e+00
4.679999999999984617e+00
4.689999999999984404e+00
4.699999999999984190e+00
4.709999999999983977e+00
4.719999999999983764e+00
4.729999999999983551e+00
4.739999999999983338e+00
4.749999999999983125e+00
4.759999999999982911e+00
4.769999999999982698e+00
4.779999999999982485e+00
4.789999999999982272e+00
4.799999999999982059e+00
4.809999999999981846e+00
4.819999999999981632e+00
4.829999999999981419e+00
4.839999999999981206e+00
4.849999999999980993e+00
4.859999999999980780e+00
4.869999999999980567e+00
4.879999999999980353e+00
4.889999999999980140e+00
4.899999999999979927e+00
4.909999999999979714e+00
4.919999999999979501e+00
4.929999999999979288e+00
4.939999999999979075e+00
4.949999999999978861e+00
4.959999999999978648e+00
4.969999999999978435e+00
4.979999999999978222e+00
4.989999999999978009e+00
4.999999999999977796e+00
5.009999999999977582e+00
5.019999999999977369e+00
5.029999999999977156e+00
5.039999999999976943e+00
5.049999999999976730e+00
5.059999999999976517e+00
5.069999999999976303e+00
5.079999999999976090e+00
5.089999999999975877e+00
5.099999999999975664e+00
5.109999999999975451e+00
5.119999999999975238e+00
5.129999999999975024e+00
5.139999999999974811e+00
5.149999999999974598e+00
5.159999999999974385e+00
5.169999999999974172e+00
5.179999999999973959e+00
5.189999999999973745e+00
5.199999999999973532e+00
5.209999999999973319e+00
5.219999999999973106e+00
5.229999999999972893e+00
5.239999999999972680e+00
5.249999999999972466e+00
5.259999999999972253e+00
5.269999999999972040e+00
5.279999999999971827e+00
5.289999999999971614e+00
5.299999999999971401e+00
5.309999999999971187e+00
5.319999999999970974e+00
5.329999999999970761e+00
5.339999999999970548e+00
5.349999999999970335e+00
5.359999999999970122e+00
5.369999999999969909e+00
5.379999999999969695e+00
5.389999999999969482e+00
5.399999999999969269e+00
5.409999999999969056e+00
5.419999999999968843e+00
5.429999999999968630e+00
5.439999999999968416e+00
5.449999999999968203e+00
5.459999999999967990e+00
5.469999999999967777e+00
5.479999999999967564e+00
5.489999999999967351e+00
5.499999999999967137e+00
5.509999999999966924e+00
5.519999999999966711e+00
5.529999999999966498e+00
5.539999999999966285e+00
5.549999999999966072e+00
5.559999999999965858e+00
5.569999999999965645e+00
5.579999999999965432e+00
5.589999999999965219e+00
5.599999999999965006e+00
5.609999999999964793e+00
5.619999999999964579e+00
5.629999999999964366e+00
5.639999999999964153e+00
5.649999999999963940e+00
5.659999999999963727e+00
5.669999999999963514e+00
5.679999999999963300e+00
5.689999999999963087e+00
5.699999999999962874e+00
5.709999999999962661e+00
5.719999999999962448e+00
5.729999999999962235e+00
5.739999999999962021e+00
5.749999999999961808e+00
5.759999999999961595e+00
5.769999999999961382e+00
5.779999999999961169e+00
5.789999999999960956e+00
5.799999999999960743e+00
5.809999999999960529e+00
5.819999999999960316e+00
5.829999999999960103e+00
5.839999999999959890e+00
5.849999999999959677e+00
5.859999999999959464e+00
5.869999999999959250e+00
5.879999999999959037e+00
5.889999999999958824e+00
5.899999999999958611e+00
5.909999999999958398e+00
5.919999999999958185e+00
5.929999999999957971e+00
5.939999999999957758e+00
5.949999999999957545e+00
5.959999999999957332e+00
5.969999999999957119e+00
5.979999999999956906e+00
5.989999999999956692e+00
5.999999999999956479e+00
6.009999999999956266e+00
6.019999999999956053e+00
6.029999999999955840e+00
6.039999999999955627e+00
6.049999999999955413e+00
6.059999999999955200e+00
6.069999999999954987e+00
6.079999999999954774e+00
6.089999999999954561e+00
6.099999999999954348e+00
6.109999999999954134e+00
6.119999999999953921e+00
6.129999999999953708e+00
6.139999999999953495e+00
6.149999999999953282e+00
6.159999999999953069e+00
6.169999999999952855e+00
6.179999999999952642e+00
6.189999999999952429e+00
6.199999999999952216e+00
6.209999999999952003e+00
6.219999999999951790e+00
6.229999999999951577e+00
6.239999999999951363e+00
6.249999999999951150e+00
6.259999999999950937e+00
6.269999999999950724e+00
6.279999999999950511e+00
6.289999999999950298e+00
6.299999999999950084e+00
6.309999999999949871e+00
6.319999999999949658e+00
6.329999999999949445e+00
6.339999999999949232e+00
6.349999999999949019e+00
6.359999999999948805e+00
6.369999999999948592e+00
6.379999999999948379e+00
6.389999999999948166e+00
6.399999999999947953e+00
6.409999999999947740e+00
6.419999999999947526e+00
6.429999999999947313e+00
6.439999999999947100e+00
6.449999999999946887e+00
6.459999999999946674e+00
6.469999999999946461e+00
6.479999999999946247e+00
6.489999999999946034e+00
6.499999999999945821e+00
6.509999999999945608e+00
6.519999999999945395e+00
6.529999999999945182e+00
6.539999999999944968e+00
6.549999999999944755e+00
6.559999999999944542e+00
6.569999999999944329e+00
6.579999999999944116e+00
6.589999999999943903e+00
6.599999999999943689e+00
6.609999999999943476e+00
6.619999999999943263e+00
6.629999999999943050e+00
6.639999999999942837e+00
6.649999999999942624e+00
6.659999999999942411e+00
6.669999999999942197e+00
6.679999999999941984e+00
6.689999999999941771e+00
6.699999999999941558e+00
6.709999999999941345e+00
6.719999999999941132e+00
6.729999999999940918e+00
6.739999999999940705e+00
6.749999999999940492e+00
6.759999999999940279e+00
6.769999999999940066e+00
6.779999999999939853e+00
6.789999999999939639e+00
6.799999999999939426e+00
6.809999999999939213e+00
6.819999999999939000e+00
6.829999999999938787e+00
6.839999999999938574e+00
6.849999999999938360e+00
6.859999999999938147e+00
6.869999999999937934e+00
6.879999999999937721e+00
6.889999999999937508e+00
6.899999999999937295e+00
6.909999999999937081e+00
6.919999999999936868e+00
6.929999999999936655e+00
6.939999999999936442e+00
6.949999999999936229e+00
6.959999999999936016e+00
6.969999999999935802e+00
6.979999999999935589e+00
6.989999999999935376e+00
6.999999999999935163e+00
7.009999999999934950e+00
7.019999999999934737e+00
7.029999999999934523e+00
7.039999999999934310e+00
7.049999999999934097e+00
7.059999999999933884e+00
7.069999999999933671e+00
7.079999999999933458e+00
7.089999999999933245e+00
7.099999999999933031e+00
7.109999999999932818e+00
7.119999999999932605e+00
7.129999999999932392e+00
7.139999999999932179e+00
7.149999999999931966e+00
7.159999999999931752e+00
7.169999999999931539e+00
7.179999999999931326e+00
7.189999999999931113e+00
7.199999999999930900e+00
7.209999999999930687e+00
7.219999999999930473e+00
7.229999999999930260e+00
7.239999999999930047e+00
7.249999999999929834e+00
7.259999999999929621e+00
7.269999999999929408e+00
7.279999999999929194e+00
7.289999999999928981e+00
7.299999999999928768e+00
7.309999999999928555e+00
7.319999999999928342e+00
7.329999999999928129e+00
7.339999999999927915e+00
7.349999999999927702e+00
7.359999999999927489e+00
7.369999999999927276e+00
7.379999999999927063e+00
7.389999999999926850e+00
7.399999999999926636e+00
7.409999999999926423e+00
7.419999999999926210e+00
7.429999999999925997e+00
7.439999999999925784e+00
7.449999999999925571e+00
7.459999999999925357e+00
7.469999999999925144e+00
7.479999999999924931e+00
7.489999999999924718e+00
7.499999999999924505e+00
7.509999999999924292e+00
7.519999999999924079e+00
7.529999999999923865e+00
7.539999999999923652e+00
7.549999999999923439e+00
7.559999999999923226e+00
7.569999999999923013e+00
7.579999999999922800e+00
7.589999999999922586e+00
7.599999999999922373e+00
7.609999999999922160e+00
7.619999999999921947e+00
7.629999999999921734e+00
7.639999999999921521e+00
7.649999999999921307e+00
7.659999999999921094e+00
7.669999999999920881e+00
7.679999999999920668e+00
7.689999999999920455e+00
7.699999999999920242e+00
7.709999999999920028e+00
7.719999999999919815e+00
7.729999999999919602e+00
7.739999999999919389e+00
7.744999999999919282e+00
7.754999999999919069e+00
7.759999999999999787e+00
7.769999999999999574e+00
7.779999999999999361e+00
7.789999999999999147e+00
7.799999999999998934e+00
7.809999999999998721e+00
7.819999999999998508e+00
7.824999999999998401e+00
7.834999999999998188e+00
7.839999999999999858e+00
7.844999999999999751e+00
7.854999999999999538e+00
7.864999999999999325e+00
7.874999999999999112e+00
7.879999999999999893e+00
7.889999999999999680e+00
7.899999999999999467e+00
7.909999999999999254e+00
7.919999999999999041e+00
7.929999999999998828e+00
7.939999999999998614e+00
7.949999999999998401e+00
7.959999999999998188e+00
7.969999999999997975e+00
7.979999999999997762e+00
7.989999999999997549e+00
7.999999999999997335e+00
8.009999999999998010e+00
8.019999999999997797e+00
8.029999999999997584e+00
8.039999999999997371e+00
8.049999999999997158e+00
8.054999999999997939e+00
8.064999999999997726e+00
8.069999999999998508e+00
8.079999999999998295e+00
8.084999999999999076e+00
8.094999999999998863e+00
8.099999999999999645e+00
8.105000000000000426e+00
8.115000000000000213e+00
8.120000000000000995e+00
8.125000000000001776e+00
8.130000000000002558e+00
8.140000000000002345e+00
8.145000000000003126e+00
8.155000000000002913e+00
8.160000000000000142e+00
8.169999999999994600e+00
8.179999999999994387e+00
8.189999999999994174e+00
8.199999999999993960e+00
8.209999999999993747e+00
8.219999999999993534e+00
8.229999999999993321e+00
8.239999999999993108e+00
8.249999999999992895e+00
8.259999999999992681e+00
8.269999999999992468e+00
8.279999999999992255e+00
8.289999999999992042e+00
8.294999999999992824e+00
8.304999999999992610e+00
8.314999999999992397e+00
8.320000000000000284e+00
8.325000000000001066e+00
8.330000000000001847e+00
8.335000000000002629e+00
8.340000000000003411e+00
8.345000000000004192e+00
8.350000000000004974e+00
8.355000000000002203e+00
8.359999999999999432e+00
8.362499999999997158e+00
8.367499999999994387e+00
8.372499999999991616e+00
8.377499999999988844e+00
8.382499999999986073e+00
8.387499999999983302e+00
8.397499999999977760e+00
8.400000000000000355e+00
8.405000000000045546e+00
8.410000000000046327e+00
8.415000000000047109e+00
8.425000000000046896e+00
8.435000000000046683e+00
8.439999999999999503e+00
8.449999999999905143e+00
8.459999999999904929e+00
8.469999999999904716e+00
8.479999999999904503e+00
8.489999999999904290e+00
8.499999999999904077e+00
8.509999999999903864e+00
8.519999999999903650e+00
8.529999999999903437e+00
8.539999999999903224e+00
8.549999999999903011e+00
8.554999999999903793e+00
8.560000000000000497e+00
8.565000000000001279e+00
8.570000000000002061e+00
8.575000000000002842e+00
8.577500000000002345e+00
8.582500000000003126e+00
8.585000000000002629e+00
8.587500000000002132e+00
8.592500000000002913e+00
8.596250000000001279e+00
8.599999999999999645e+00
8.603749999999998010e+00
8.607499999999996376e+00
8.611249999999994742e+00
8.618749999999991473e+00
8.623749999999992255e+00
8.626249999999991758e+00
8.628749999999991260e+00
8.631249999999990763e+00
8.636249999999991545e+00
8.640000000000000568e+00
8.643750000000009592e+00
8.651250000000027640e+00
8.656250000000028422e+00
8.666250000000028209e+00
8.671250000000028990e+00
8.679999999999999716e+00
8.685000000000000497e+00
8.695000000000000284e+00
8.705000000000000071e+00
8.714999999999999858e+00
8.720000000000000639e+00
8.730000000000000426e+00
8.740000000000000213e+00
8.750000000000000000e+00
8.759999999999999787e+00
8.769999999999999574e+00
8.779999999999999361e+00
8.789999999999999147e+00
8.799999999999998934e+00
8.809999999999998721e+00
8.814999999999999503e+00
8.820000000000000284e+00
8.822499999999999787e+00
8.824999999999999289e+00
8.830000000000000071e+00
8.839999999999999858e+00
8.842499999999999361e+00
8.844999999999998863e+00
8.849999999999999645e+00
8.852499999999999147e+00
8.857499999999999929e+00
8.859999999999999432e+00
8.862499999999998934e+00
8.867499999999999716e+00
8.872500000000000497e+00
8.876250000000000639e+00
8.880000000000000782e+00
8.883750000000000924e+00
8.885625000000000995e+00
8.889375000000001137e+00
8.893125000000001279e+00
8.896875000000001421e+00
8.900625000000001563e+00
8.908125000000001847e+00
8.918125000000001634e+00
8.919999999999999929e+00
8.923749999999996518e+00
8.931249999999989697e+00
8.941249999999989484e+00
8.951249999999989271e+00
8.960000000000000853e+00
8.970000000000000639e+00
8.980000000000000426e+00
8.990000000000000213e+00
9.000000000000000000e+00
9.009999999999999787e+00
9.019999999999999574e+00
9.029999999999999361e+00
9.039999999999999147e+00
9.049999999999998934e+00
9.054999999999999716e+00
9.060000000000000497e+00
9.065000000000001279e+00
9.070000000000002061e+00
9.075000000000001066e+00
9.077500000000000568e+00
9.080000000000000071e+00
9.082499999999999574e+00
9.084999999999999076e+00
9.089999999999998082e+00
9.092499999999997584e+00
9.097499999999996589e+00
9.099999999999996092e+00
9.102499999999995595e+00
9.104999999999995097e+00
9.109999999999994102e+00
9.114999999999993108e+00
9.117499999999996163e+00
9.120000000000000995e+00
9.122500000000005826e+00
9.125000000000010658e+00
9.130000000000020322e+00
9.132500000000019824e+00
9.137500000000020606e+00
9.140000000000020108e+00
9.142500000000019611e+00
9.145000000000019114e+00
9.150000000000019895e+00
9.152500000000014069e+00
9.157500000000004192e+00
9.160000000000000142e+00
9.164999999999992042e+00
9.169999999999983942e+00
9.172499999999979892e+00
9.177499999999971791e+00
9.187499999999955591e+00
9.197499999999955378e+00
9.200000000000001066e+00
9.205000000000092442e+00
9.210000000000093223e+00
9.220000000000093010e+00
9.230000000000092797e+00
9.240000000000000213e+00
9.250000000000000000e+00
9.259999999999999787e+00
9.269999999999999574e+00
9.279999999999999361e+00
9.289999999999999147e+00
9.299999999999998934e+00
9.309999999999998721e+00
9.319999999999998508e+00
9.324999999999999289e+00
9.330000000000000071e+00
9.335000000000000853e+00
9.340000000000001634e+00
9.342500000000001137e+00
9.345000000000000639e+00
9.347500000000000142e+00
9.349999999999999645e+00
9.352499999999999147e+00
9.354999999999998650e+00
9.357499999999998153e+00
9.359999999999999432e+00
9.365000000000001990e+00
9.367500000000001492e+00
9.370000000000000995e+00
9.375000000000001776e+00
9.380000000000002558e+00
9.381250000000003197e+00
9.383750000000002700e+00
9.385000000000003340e+00
9.387500000000002842e+00
9.390000000000002345e+00
9.395000000000003126e+00
9.397500000000000853e+00
9.400000000000000355e+00
9.401250000000000995e+00
9.403750000000000497e+00
9.408749999999999503e+00
9.411249999999999005e+00
9.412499999999997868e+00
9.413749999999996732e+00
9.414999999999995595e+00
9.416249999999994458e+00
9.418749999999993960e+00
9.423749999999992966e+00
9.428749999999991971e+00
9.438749999999989981e+00
9.439999999999999503e+00
9.442500000000018545e+00
9.447500000000056630e+00
9.457500000000056417e+00
9.460000000000055920e+00
9.465000000000056701e+00
9.475000000000056488e+00
9.480000000000000426e+00
9.489999999999888303e+00
9.499999999999888090e+00
9.509999999999887876e+00
9.519999999999887663e+00
9.529999999999887450e+00
9.539999999999887237e+00
9.549999999999887024e+00
9.559999999999886811e+00
9.564999999999887592e+00
9.574999999999887379e+00
9.579999999999888161e+00
9.584999999999888942e+00
9.589999999999889724e+00
9.594999999999890505e+00
9.597499999999945075e+00
9.599999999999999645e+00
9.605000000000108784e+00
9.607500000000108287e+00
9.610000000000107789e+00
9.612500000000107292e+00
9.615000000000106795e+00
9.617500000000106297e+00
9.620000000000105800e+00
9.625000000000106581e+00
9.627500000000106084e+00
9.630000000000105587e+00
9.632500000000105089e+00
9.635000000000104592e+00
9.637500000000052580e+00
9.640000000000000568e+00
9.641249999999974563e+00
9.643749999999922551e+00
9.646249999999870539e+00
9.648749999999818527e+00
9.653749999999714504e+00
9.658749999999610480e+00
9.661249999999558469e+00
9.663749999999506457e+00
9.668749999999402434e+00
9.671249999999350422e+00
9.673749999999298410e+00
9.676249999999246398e+00
9.678124999999623057e+00
9.679999999999999716e+00
9.683750000000753033e+00
9.687500000001506351e+00
9.691250000002259668e+00
9.695000000003012985e+00
9.702500000004519620e+00
9.712500000004519407e+00
9.720000000000000639e+00
9.730000000000000426e+00
9.740000000000000213e+00
9.750000000000000000e+00
9.759999999999999787e+00
9.769999999999999574e+00
9.779999999999999361e+00
9.789999999999999147e+00
9.799999999999998934e+00
9.809999999999998721e+00
9.819999999999998508e+00
9.824999999999999289e+00
9.830000000000000071e+00
9.835000000000000853e+00
9.839999999999999858e+00
9.842499999999999361e+00
9.847499999999998366e+00
9.852499999999997371e+00
9.854999999999996874e+00
9.857499999999996376e+00
9.859999999999995879e+00
9.864999999999994884e+00
9.867499999999994387e+00
9.869999999999993889e+00
9.872499999999993392e+00
9.873749999999994031e+00
9.876249999999993534e+00
9.880000000000000782e+00
9.881875000000004405e+00
9.883750000000008029e+00
9.885625000000011653e+00
9.887500000000015277e+00
9.889375000000018900e+00
9.891250000000022524e+00
9.893125000000026148e+00
9.895000000000029772e+00
9.898750000000037019e+00
9.900625000000040643e+00
9.904375000000047891e+00
9.906250000000051514e+00
9.910000000000058762e+00
9.911875000000062386e+00
9.915625000000069633e+00
9.916718750000052651e+00
9.917812500000033893e+00
9.919999999999998153e+00
9.924374999999928448e+00
9.926562499999892708e+00
9.930937499999823004e+00
9.935312499999753300e+00
9.939687499999683595e+00
9.940781249999664837e+00
9.941874999999646079e+00
9.944062499999610338e+00
9.946249999999576374e+00
9.947343749999559392e+00
9.949531249999523652e+00
9.953906249999453948e+00
9.955429687499592006e+00
9.956953124999728288e+00
9.960000000000000853e+00
9.966093750000545981e+00
9.971093750000546763e+00
9.981093750000546549e+00
9.991093750000546336e+00
1.000000000000000000e+01
1.000999999999999979e+01
1.001999999999999957e+01
1.002999999999999936e+01
1.003999999999999915e+01
1.004999999999999893e+01
1.005999999999999872e+01
1.006999999999999851e+01
1.007999999999999829e+01
1.008499999999999908e+01
1.008999999999999986e+01
1.009500000000000064e+01
1.010500000000000043e+01
1.011000000000000121e+01
1.011500000000000199e+01
1.012000000000000099e+01
1.012250000000000050e+01
1.012500000000000000e+01
1.012749999999999950e+01
1.012999999999999901e+01
1.013249999999999851e+01
1.013499999999999801e+01
1.013749999999999751e+01
1.013999999999999702e+01
1.014249999999999652e+01
1.014499999999999602e+01
1.014999999999999503e+01
1.015249999999999453e+01
1.015749999999999353e+01
1.016000000000000014e+01
1.016500000000001336e+01
1.017000000000001414e+01
1.017250000000001364e+01
1.017500000000001315e+01
1.018000000000001393e+01
1.018250000000001343e+01
1.018500000000001293e+01
1.018750000000001243e+01
1.019000000000001194e+01
1.019500000000001272e+01
1.019750000000000689e+01
1.020000000000000107e+01
1.020249999999999524e+01
1.020499999999998941e+01
1.020749999999998359e+01
1.021249999999997193e+01
1.021749999999996028e+01
1.022749999999993697e+01
1.023749999999993676e+01
1.024000000000000021e+01
1.024500000000012712e+01
1.025500000000012690e+01
1.026500000000012669e+01
1.027500000000012648e+01
1.027999999999999936e+01
1.028999999999974513e+01
1.029999999999974492e+01
1.030999999999974470e+01
1.031999999999974449e+01
1.032999999999974428e+01
1.033999999999974406e+01
1.034499999999974484e+01
1.035499999999974463e+01
1.035999999999999943e+01
1.036500000000000021e+01
1.037000000000000099e+01
1.037500000000000178e+01
1.037750000000000128e+01
1.038250000000000206e+01
1.038500000000000156e+01
1.038750000000000107e+01
1.039000000000000057e+01
1.039250000000000007e+01
1.039499999999999957e+01
1.039750000000000085e+01
1.040000000000000036e+01
1.040249999999999986e+01
1.040749999999999886e+01
1.040999999999999837e+01
1.041124999999999901e+01
1.041374999999999851e+01
1.041499999999999915e+01
1.041749999999999865e+01
1.041999999999999815e+01
1.042249999999999766e+01
1.042374999999999829e+01
1.042624999999999780e+01
1.042874999999999730e+01
1.043374999999999631e+01
1.043687499999999702e+01
1.043999999999999950e+01
1.044156249999999986e+01
1.044468750000000234e+01
1.044781250000000483e+01
1.045093750000000732e+01
1.045718750000001229e+01
1.045843750000001293e+01
1.046093750000001243e+01
1.046218750000001307e+01
1.046343750000001371e+01
1.046468750000001435e+01
1.046593750000001499e+01
1.046718750000001563e+01
1.046843750000001627e+01
1.046968750000001691e+01
1.047218750000001641e+01
1.047468750000001592e+01
1.047968750000001670e+01
1.048000000000000043e+01
1.048062499999996788e+01
1.048187499999990280e+01
1.048437499999977263e+01
1.048937499999951228e+01
1.049937499999899160e+01
1.050937499999899138e+01
1.051937499999899117e+01
1.051999999999999957e+01
1.052125000000201638e+01
1.052375000000604999e+01
1.052875000001411721e+01
1.053875000001411699e+01
1.054875000001411678e+01
1.055875000001411657e+01
1.056000000000000050e+01
1.056249999997176836e+01
1.056749999991530409e+01
1.057749999980237554e+01
1.058749999980237533e+01
1.059249999980237611e+01
1.059999999999999964e+01
1.060999999999999943e+01
1.061999999999999922e+01
1.062500000000000000e+01
1.063000000000000078e+01
1.063250000000000206e+01
1.063500000000000334e+01
1.064000000000000057e+01
1.064249999999999829e+01
1.064499999999999602e+01
1.064749999999999375e+01
1.064999999999999147e+01
1.065249999999998920e+01
1.065499999999998693e+01
1.065749999999998465e+01
1.065999999999998238e+01
1.066249999999998010e+01
1.066499999999997783e+01
1.066999999999997506e+01
1.067249999999997456e+01
1.067499999999997229e+01
1.067749999999997002e+01
1.067874999999998487e+01
1.067999999999999972e+01
1.068125000000001457e+01
1.068375000000004427e+01
1.068875000000010367e+01
1.069125000000010317e+01
1.069375000000010267e+01
1.069500000000010331e+01
1.069625000000010395e+01
1.069875000000010346e+01
1.070375000000010424e+01
1.070875000000010502e+01
1.071125000000010452e+01
1.071625000000010530e+01
1.071812500000005386e+01
1.072000000000000064e+01
1.072374999999989420e+01
1.073124999999968132e+01
1.073624999999968210e+01
1.074124999999968288e+01
1.074624999999968367e+01
1.075624999999968345e+01
1.075999999999999979e+01
1.076750000000063245e+01
1.077750000000063224e+01
1.078750000000063203e+01
1.079750000000063181e+01
1.080000000000000071e+01
1.080499999999873850e+01
1.081499999999621409e+01
1.082499999999621387e+01
1.083499999999621366e+01
1.083999999999999986e+01
1.084999999999999964e+01
1.085999999999999943e+01
1.086500000000000021e+01
1.087000000000000099e+01
1.088000000000000078e+01
1.088250000000000028e+01
1.088499999999999979e+01
1.088749999999999929e+01
1.088999999999999879e+01
1.089249999999999829e+01
1.089749999999999908e+01
1.089999999999999858e+01
1.090499999999999936e+01
1.091000000000000014e+01
1.091249999999999964e+01
1.091500000000000092e+01
1.091750000000000043e+01
1.091999999999999993e+01
1.092249999999999943e+01
1.092374999999999829e+01
1.092624999999999780e+01
1.092874999999999730e+01
1.093124999999999680e+01
1.093374999999999631e+01
1.093499999999999517e+01
1.093749999999999467e+01
1.093874999999999531e+01
1.094124999999999481e+01
1.094249999999999545e+01
1.094499999999999496e+01
1.094624999999999559e+01
1.094874999999999510e+01
1.094999999999999574e+01
1.095124999999999460e+01
1.095249999999999346e+01
1.095499999999999297e+01
1.095749999999999247e+01
1.096000000000000085e+01
1.096250000000000924e+01
1.096750000000002601e+01
1.097250000000002679e+01
1.097750000000002757e+01
1.097875000000002821e+01
1.098000000000002885e+01
1.098125000000002949e+01
1.098250000000003013e+01
1.098375000000003077e+01
1.098500000000003141e+01
1.098625000000003205e+01
1.098750000000003268e+01
1.099000000000003219e+01
1.099250000000003169e+01
1.099500000000003119e+01
1.100000000000000000e+01
1.100499999999996881e+01
1.101499999999990642e+01
1.102499999999990621e+01
1.103499999999990600e+01
1.104000000000000092e+01
1.105000000000000071e+01
1.106000000000000050e+01
1.107000000000000028e+01
1.108000000000000007e+01
1.108999999999999986e+01
1.109999999999999964e+01
1.110999999999999943e+01
1.112000000000000099e+01
1.112500000000000178e+01
1.113500000000000156e+01
1.114000000000000234e+01
1.114500000000000313e+01
1.115000000000000391e+01
1.115500000000000114e+01
1.116000000000000014e+01
1.116249999999999964e+01
1.116499999999999915e+01
1.116749999999999865e+01
1.117249999999999766e+01
1.117499999999999716e+01
1.117749999999999666e+01
1.117999999999999616e+01
1.118249999999999567e+01
1.118499999999999517e+01
1.118749999999999467e+01
1.118999999999999417e+01
1.119249999999999368e+01
1.119749999999999268e+01
1.120000000000000107e+01
1.120125000000000526e+01
1.120375000000001364e+01
1.120500000000001783e+01
1.120750000000002622e+01
1.120875000000003041e+01
1.121125000000003880e+01
1.121250000000004299e+01
1.121500000000005137e+01
1.122000000000006814e+01
1.122250000000006764e+01
1.122500000000006715e+01
1.122750000000006665e+01
1.123000000000006615e+01
1.123500000000006693e+01
1.123750000000003268e+01
1.124000000000000021e+01
1.124499999999993527e+01
1.124749999999990280e+01
1.125249999999983785e+01
1.125499999999980538e+01
1.125999999999974044e+01
1.126499999999967550e+01
1.127499999999954561e+01
1.127999999999999936e+01
1.128999999999999915e+01
1.129999999999999893e+01
1.130999999999999872e+01
1.131999999999999851e+01
1.132999999999999829e+01
1.133999999999999808e+01
1.134999999999999787e+01
1.135999999999999766e+01
1.136999999999999744e+01
1.137499999999999822e+01
1.138499999999999801e+01
1.139499999999999780e+01
1.140000000000000036e+01
1.140500000000000114e+01
1.141000000000000192e+01
1.141250000000000142e+01
1.141500000000000092e+01
1.141750000000000043e+01
1.141999999999999993e+01
1.142249999999999943e+01
1.142750000000000021e+01
1.142999999999999972e+01
1.143249999999999922e+01
1.143499999999999872e+01
1.143750000000000000e+01
1.143999999999999950e+01
1.144125000000000014e+01
1.144374999999999964e+01
1.144500000000000028e+01
1.144749999999999979e+01
1.144999999999999929e+01
1.145249999999999879e+01
1.145749999999999780e+01
1.145874999999999844e+01
1.146124999999999794e+01
1.146374999999999744e+01
1.146624999999999694e+01
1.146749999999999758e+01
1.146999999999999709e+01
1.147249999999999659e+01
1.147499999999999609e+01
1.147624999999999673e+01
1.147874999999999623e+01
1.148000000000000043e+01
1.148125000000000462e+01
1.148375000000001300e+01
1.148500000000001720e+01
1.148625000000002139e+01
1.148750000000002558e+01
1.148875000000002977e+01
1.149000000000003396e+01
1.149125000000003816e+01
1.149375000000004654e+01
1.149625000000005492e+01
1.150125000000007169e+01
1.150250000000007233e+01
1.150375000000007297e+01
1.150500000000007361e+01
1.150750000000007311e+01
1.150875000000007375e+01
1.151125000000007326e+01
1.151375000000007276e+01
1.151500000000007340e+01
1.151750000000007290e+01
1.151999999999999957e+01
1.152249999999992625e+01
1.152499999999985292e+01
1.152999999999970626e+01
1.153499999999955961e+01
1.153999999999941295e+01
1.154999999999911964e+01
1.155999999999911942e+01
1.156999999999911921e+01
1.157999999999911900e+01
1.158999999999911878e+01
1.159999999999911857e+01
1.160999999999911836e+01
1.161999999999911815e+01
1.162999999999911793e+01
1.163999999999911772e+01
1.164999999999911751e+01
1.165499999999911829e+01
1.165999999999911907e+01
1.166499999999911985e+01
1.166999999999912063e+01
1.167249999999912013e+01
1.167499999999911964e+01
1.167749999999911914e+01
1.167999999999999972e+01
1.168500000000176087e+01
1.169000000000176165e+01
1.169250000000176115e+01
1.169500000000176065e+01
1.170000000000176144e+01
1.170250000000176094e+01
1.170375000000176158e+01
1.170625000000176108e+01
1.170750000000176172e+01
1.171000000000176122e+01
1.171250000000176072e+01
1.171500000000176023e+01
1.171750000000088043e+01
1.172000000000000064e+01
1.172249999999912085e+01
1.172499999999824105e+01
1.172749999999736126e+01
1.172999999999648146e+01
1.173249999999560167e+01
1.173749999999384208e+01
1.174249999999208249e+01
1.174499999999120270e+01
1.174624999999076280e+01
1.174874999998988301e+01
1.175374999998812342e+01
1.175687499999406072e+01
1.175843749999702936e+01
1.175999999999999979e+01
1.176312500000594063e+01
1.176937500001782233e+01
1.177437500001782311e+01
1.177937500001782389e+01
1.178437500001782468e+01
1.178687500001782418e+01
1.179187500001782496e+01
1.179593750000891283e+01
1.180000000000000071e+01
1.180406249999108859e+01
1.181218749997326434e+01
1.181718749997326512e+01
1.182718749997326491e+01
1.183718749997326469e+01
1.183999999999999986e+01
1.184562500005347019e+01
1.185562500005346998e+01
1.186562500005346976e+01
1.187562500005346955e+01
1.188000000000000078e+01
1.188874999989306325e+01
1.189874999989306303e+01
1.190374999989306382e+01
1.190874999989306460e+01
1.191374999989306538e+01
1.191999999999999993e+01
1.192500000000000071e+01
1.192750000000000021e+01
1.193250000000000099e+01
1.193500000000000050e+01
1.193750000000000000e+01
1.193999999999999950e+01
1.194500000000000028e+01
1.195000000000000107e+01
1.195250000000000234e+01
1.195500000000000362e+01
1.195750000000000313e+01
1.196000000000000085e+01
1.196249999999999858e+01
1.196374999999999744e+01
1.196624999999999517e+01
1.196874999999999289e+01
1.197124999999999062e+01
1.197249999999998948e+01
1.197374999999998835e+01
1.197624999999998607e+01
1.197874999999998380e+01
1.197999999999998266e+01
1.198124999999998153e+01
1.198249999999998039e+01
1.198374999999997925e+01
1.198624999999997698e+01
1.198749999999997584e+01
1.198874999999997470e+01
1.199124999999997243e+01
1.199624999999996788e+01
1.200000000000000000e+01
1.200187500000001606e+01
1.200562500000004817e+01
1.200750000000006423e+01
1.200937500000008029e+01
1.201312500000011241e+01
1.201406250000012044e+01
1.201593750000013650e+01
1.201781250000015255e+01
1.202156250000018467e+01
1.202343750000020073e+01
1.202531250000021679e+01
1.202718750000023284e+01
1.203093750000026496e+01
1.203843750000032919e+01
1.204000000000000092e+01
1.204312499999934438e+01
1.204624999999868784e+01
1.204937499999803130e+01
1.205249999999737476e+01
1.205874999999606167e+01
1.206874999999606146e+01
1.207874999999606125e+01
1.208000000000000007e+01
1.208250000000787772e+01
1.208750000002363301e+01
1.209750000002363279e+01
1.210750000002363258e+01
1.211750000002363237e+01
1.212000000000000099e+01
1.212499999995273825e+01
1.213499999985821276e+01
1.214499999985821255e+01
1.215499999985821233e+01
1.216000000000000014e+01
1.216999999999999993e+01
1.217500000000000071e+01
1.218000000000000149e+01
1.219000000000000128e+01
1.219250000000000078e+01
1.219500000000000206e+01
1.219750000000000156e+01
1.220000000000000107e+01
1.220250000000000057e+01
1.220500000000000007e+01
1.220999999999999908e+01
1.221249999999999858e+01
1.221499999999999808e+01
1.221999999999999709e+01
1.222249999999999659e+01
1.222499999999999609e+01
1.222624999999999673e+01
1.222874999999999623e+01
1.223124999999999574e+01
1.223374999999999524e+01
1.223624999999999474e+01
1.223812499999999659e+01
1.224000000000000021e+01
1.224187500000000384e+01
1.224375000000000746e+01
1.224562500000001108e+01
1.224750000000001471e+01
1.224937500000001833e+01
1.225125000000002196e+01
1.225312500000002558e+01
1.225500000000002920e+01
1.225687500000003283e+01
1.226062500000004007e+01
1.226437500000004732e+01
1.226625000000005095e+01
1.226812500000005457e+01
1.227000000000005819e+01
1.227093750000005912e+01
1.227281250000006274e+01
1.227468750000006636e+01
1.227656250000006999e+01
1.227828125000003467e+01
1.228000000000000114e+01
1.228343749999993406e+01
1.229031249999979991e+01
1.230031249999979970e+01
1.230531249999980048e+01
1.231531249999980027e+01
1.232000000000000028e+01
1.232937500000040032e+01
1.233937500000040011e+01
1.234937500000039989e+01
1.235937500000039968e+01
1.235999999999999943e+01
1.236124999999919893e+01
1.236374999999759794e+01
1.236874999999439595e+01
1.237874999998799197e+01
1.238874999998799176e+01
1.239874999998799154e+01
1.240000000000000036e+01
1.240250000002401798e+01
1.240750000007205323e+01
1.241750000007205301e+01
1.242250000007205379e+01
1.242750000007205458e+01
1.243250000007205536e+01
1.243999999999999950e+01
1.244500000000000028e+01
1.245000000000000107e+01
1.245250000000000057e+01
1.245750000000000135e+01
1.246000000000000085e+01
1.246500000000000163e+01
1.246750000000000114e+01
1.247000000000000064e+01
1.247250000000000014e+01
1.247499999999999964e+01
1.247749999999999915e+01
1.248000000000000043e+01
1.248250000000000171e+01
1.248500000000000298e+01
1.248750000000000426e+01
1.248875000000000490e+01
1.249125000000000618e+01
1.249375000000000746e+01
1.249500000000000810e+01
1.249625000000000874e+01
1.249875000000001002e+01
1.250000000000001066e+01
1.250125000000001130e+01
1.250250000000001194e+01
1.250375000000001258e+01
1.250500000000001322e+01
1.250750000000001450e+01
1.250875000000001513e+01
1.251000000000001577e+01
1.251125000000001641e+01
1.251250000000001705e+01
1.251375000000001769e+01
1.251625000000001897e+01
1.251812500000000838e+01
1.251999999999999957e+01
1.252374999999998195e+01
1.252562499999997314e+01
1.252749999999996433e+01
1.253124999999994671e+01
1.253499999999992909e+01
1.253687499999992028e+01
1.253874999999991147e+01
1.254062499999990266e+01
1.254437499999988503e+01
1.254812499999986741e+01
1.254999999999985860e+01
1.255374999999984098e+01
1.255687499999991985e+01
1.255843749999996106e+01
1.256000000000000050e+01
1.256156250000003993e+01
1.256468750000011880e+01
1.257093750000027654e+01
1.257593750000027732e+01
1.258593750000027711e+01
1.259593750000027690e+01
1.259999999999999964e+01
1.260812499999944514e+01
1.261812499999944492e+01
1.262812499999944471e+01
1.263812499999944450e+01
1.264000000000000057e+01
1.264375000000111271e+01
1.265125000000333699e+01
1.266125000000333678e+01
1.267125000000333657e+01
1.267999999999999972e+01
1.268999999999999950e+01
1.269500000000000028e+01
1.270000000000000107e+01
1.270500000000000185e+01
1.270750000000000135e+01
1.271250000000000213e+01
1.272000000000000064e+01
1.272500000000000142e+01
1.272750000000000092e+01
1.273000000000000043e+01
1.273249999999999993e+01
1.273499999999999943e+01
1.273749999999999893e+01
1.273999999999999844e+01
1.274249999999999794e+01
1.274499999999999744e+01
1.274624999999999808e+01
1.274874999999999758e+01
1.275124999999999709e+01
1.275374999999999659e+01
1.275624999999999609e+01
1.275812499999999794e+01
1.275999999999999979e+01
1.276375000000000348e+01
1.276562500000000533e+01
1.276750000000000718e+01
1.277125000000001087e+01
1.277312500000001272e+01
1.277687500000001641e+01
1.278062500000002011e+01
1.278250000000002196e+01
1.278437500000002380e+01
1.278812500000002750e+01
1.279000000000002935e+01
1.279375000000003304e+01
1.279687500000001776e+01
1.280000000000000071e+01
1.280312499999998366e+01
1.280624999999996660e+01
1.280937499999994955e+01
1.281562499999991545e+01
1.281812499999991495e+01
1.282312499999991573e+01
1.283312499999991552e+01
1.283999999999999986e+01
1.284999999999999964e+01
1.285999999999999943e+01
1.286999999999999922e+01
1.287999999999999901e+01
1.288999999999999879e+01
1.289999999999999858e+01
1.290999999999999837e+01
1.291999999999999815e+01
1.292999999999999794e+01
1.293999999999999773e+01
1.294499999999999851e+01
1.294999999999999929e+01
1.295500000000000007e+01
1.296000000000000085e+01
1.296500000000000163e+01
1.297000000000000242e+01
1.297250000000000192e+01
1.297500000000000142e+01
1.298000000000000220e+01
1.298500000000000298e+01
1.298750000000000249e+01
1.299250000000000327e+01
1.299437500000000156e+01
1.299624999999999986e+01
1.299812499999999815e+01
1.300000000000000000e+01
1.300187500000000185e+01
1.300375000000000369e+01
1.300750000000000739e+01
1.300937500000000924e+01
1.301125000000001108e+01
1.301500000000001478e+01
1.301875000000001847e+01
1.302062500000002032e+01
1.302250000000002217e+01
1.302625000000002586e+01
1.302812500000002771e+01
1.303000000000002956e+01
1.303375000000003325e+01
1.303687500000001620e+01
1.303843750000000767e+01
1.304000000000000092e+01
1.304156249999999417e+01
1.304312499999998742e+01
1.304624999999997392e+01
1.304781249999996717e+01
1.305093749999995367e+01
1.305406249999994017e+01
1.305562499999993342e+01
1.305718749999992667e+01
1.305874999999991992e+01
1.306187499999990642e+01
1.306343749999989967e+01
1.306499999999989292e+01
1.306656249999988617e+01
1.306812499999987942e+01
1.307124999999986592e+01
1.307281249999985917e+01
1.307437499999985242e+01
1.307749999999983892e+01
1.307874999999991950e+01
1.308000000000000007e+01
1.308250000000016122e+01
1.308500000000032237e+01
1.309000000000064468e+01
1.309500000000064546e+01
1.310500000000064524e+01
1.311500000000064503e+01
1.312000000000000099e+01
1.312999999999871292e+01
1.313999999999871271e+01
1.314999999999871250e+01
1.315999999999871228e+01
1.316999999999871207e+01
1.317999999999871186e+01
1.318999999999871164e+01
1.319999999999871143e+01
1.320499999999871221e+01
1.320999999999871299e+01
1.321499999999871378e+01
1.321999999999871456e+01
1.322499999999871534e+01
1.322999999999871612e+01
1.323499999999871690e+01
1.323749999999935767e+01
1.324000000000000021e+01
1.324500000000128530e+01
1.324750000000128480e+01
1.325000000000128431e+01
1.325250000000128381e+01
1.325500000000128331e+01
1.325750000000128281e+01
1.326000000000128232e+01
1.326250000000128182e+01
1.326500000000128132e+01
1.326750000000128082e+01
1.327000000000128033e+01
1.327250000000127983e+01
1.327500000000127933e+01
1.327750000000063935e+01
1.328000000000000114e+01
1.328124999999968203e+01
1.328374999999904382e+01
1.328874999999776740e+01
1.329374999999649098e+01
1.329624999999585278e+01
1.329874999999521457e+01
1.330124999999457636e+01
1.330374999999393815e+01
1.330624999999329994e+01
1.331124999999202352e+01
1.331343749999401638e+01
1.331781249999800565e+01
1.332000000000000028e+01
1.332437500000398956e+01
1.332656250000598419e+01
1.333093750000997346e+01
1.333531250001396273e+01
1.333968750001795200e+01
1.334406250002194128e+01
1.334843750002593055e+01
1.335718750003390909e+01
1.335999999999999943e+01
1.336562499993218012e+01
1.337562499993217990e+01
1.338562499993217969e+01
1.339562499993217948e+01
1.340000000000000036e+01
1.340875000013564211e+01
1.341875000013564190e+01
1.342875000013564168e+01
1.343875000013564147e+01
1.343999999999999950e+01
1.344249999972871557e+01
1.344749999918614769e+01
1.345749999810101194e+01
1.346749999810101173e+01
1.347249999810101251e+01
1.348000000000000043e+01
1.348249999999999993e+01
1.348750000000000071e+01
1.349000000000000021e+01
1.349500000000000099e+01
1.349750000000000050e+01
1.350000000000000000e+01
1.350249999999999950e+01
1.350750000000000028e+01
1.350999999999999979e+01
1.351249999999999929e+01
1.351499999999999879e+01
1.351749999999999829e+01
1.351999999999999957e+01
1.352250000000000085e+01
1.352500000000000213e+01
1.352750000000000341e+01
1.353250000000000597e+01
1.353500000000000547e+01
1.353625000000000611e+01
1.353875000000000561e+01
1.354125000000000512e+01
1.354375000000000462e+01
1.354625000000000412e+01
1.354875000000000362e+01
1.355125000000000313e+01
1.355250000000000377e+01
1.355500000000000327e+01
1.355625000000000213e+01
1.355874999999999986e+01
1.356000000000000050e+01
1.356125000000000114e+01
1.356375000000000242e+01
1.356500000000000306e+01
1.356625000000000369e+01
1.356750000000000433e+01
1.356875000000000497e+01
1.357000000000000561e+01
1.357125000000000625e+01
1.357250000000000689e+01
1.357375000000000753e+01
1.357625000000000881e+01
1.357875000000001009e+01
1.358000000000001073e+01
1.358125000000001137e+01
1.358250000000001201e+01
1.358375000000001265e+01
1.358500000000001329e+01
1.358750000000001457e+01
1.359000000000001585e+01
1.359250000000001712e+01
1.359500000000001840e+01
1.359999999999999964e+01
1.360249999999999027e+01
1.360499999999998089e+01
1.360999999999996213e+01
1.361999999999992461e+01
1.362999999999992440e+01
1.363999999999992419e+01
1.364999999999992397e+01
1.365999999999992376e+01
1.366999999999992355e+01
1.367999999999992333e+01
1.368999999999992312e+01
1.369999999999992291e+01
1.370999999999992269e+01
1.371999999999992248e+01
1.372999999999992227e+01
1.373499999999992305e+01
1.373999999999992383e+01
1.374499999999992461e+01
1.374999999999992539e+01
1.375249999999992490e+01
1.375749999999992568e+01
1.375999999999999979e+01
1.376250000000007390e+01
1.376750000000022212e+01
1.377000000000022162e+01
1.377250000000022112e+01
1.377500000000022062e+01
1.377750000000022013e+01
1.377875000000022077e+01
1.378125000000022027e+01
1.378375000000021977e+01
1.378625000000021927e+01
1.378875000000021878e+01
1.379125000000021828e+01
1.379375000000021778e+01
1.379625000000021728e+01
1.379812500000010900e+01
1.380000000000000071e+01
1.380187499999989242e+01
1.380374999999978414e+01
1.380562499999967585e+01
1.380749999999956756e+01
1.380937499999945928e+01
1.381124999999935099e+01
1.381312499999924270e+01
1.381499999999913442e+01
1.381687499999902613e+01
1.381874999999891784e+01
1.382249999999870127e+01
1.382437499999859298e+01
1.382624999999848470e+01
1.382812499999837641e+01
1.382999999999826812e+01
1.383187499999815984e+01
1.383562499999794326e+01
1.383781249999897156e+01
1.383999999999999986e+01
1.384218750000102816e+01
1.384437500000205645e+01
1.384656250000308475e+01
1.385093750000514135e+01
1.385531250000719794e+01
1.386406250001131113e+01
1.387406250001131092e+01
1.388000000000000078e+01
1.389000000000000057e+01
1.390000000000000036e+01
1.391000000000000014e+01
1.391999999999999993e+01
1.392999999999999972e+01
1.393999999999999950e+01
1.394999999999999929e+01
1.395999999999999908e+01
1.396999999999999886e+01
1.397999999999999865e+01
1.398499999999999943e+01
1.399499999999999922e+01
1.400000000000000000e+01
1.400500000000000078e+01
1.400750000000000028e+01
1.400999999999999979e+01
1.401249999999999929e+01
1.401499999999999879e+01
1.401999999999999957e+01
1.402249999999999908e+01
1.402749999999999986e+01
1.402999999999999936e+01
1.403249999999999886e+01
1.403499999999999837e+01
1.403749999999999787e+01
1.404000000000000092e+01
1.404125000000000156e+01
1.404375000000000462e+01
1.404625000000000767e+01
1.405125000000001378e+01
1.405375000000001329e+01
1.405625000000001279e+01
1.405750000000001343e+01
1.405875000000001407e+01
1.406000000000001471e+01
1.406125000000001535e+01
1.406250000000001599e+01
1.406500000000001549e+01
1.406750000000001499e+01
1.406875000000001563e+01
1.407000000000001627e+01
1.407125000000001691e+01
1.407250000000001755e+01
1.407375000000001819e+01
1.407625000000001769e+01
1.407812500000000888e+01
1.408000000000000007e+01
1.408374999999998245e+01
1.408749999999996483e+01
1.409124999999994721e+01
1.409499999999992959e+01
1.409687499999992077e+01
1.409874999999991196e+01
1.410062499999990315e+01
1.410249999999989434e+01
1.410437499999988553e+01
1.410624999999987672e+01
1.410812499999986791e+01
1.411187499999985029e+01
1.411937499999981505e+01
1.412000000000000099e+01
1.412125000000037289e+01
1.412375000000111669e+01
1.412875000000260428e+01
1.413875000000260407e+01
1.414375000000260485e+01
1.415375000000260464e+01
1.416000000000000014e+01
1.416999999999999993e+01
1.417999999999999972e+01
1.418999999999999950e+01
1.420000000000000107e+01
1.421000000000000085e+01
1.422000000000000064e+01
1.423000000000000043e+01
1.424000000000000021e+01
1.424500000000000099e+01
1.425000000000000178e+01
1.425500000000000256e+01
1.426000000000000334e+01
1.426500000000000412e+01
1.427000000000000490e+01
1.427250000000000263e+01
1.427500000000000036e+01
1.427749999999999808e+01
1.428000000000000114e+01
1.428250000000000419e+01
1.428500000000000725e+01
1.428750000000001030e+01
1.429000000000001336e+01
1.429250000000001641e+01
1.429500000000001947e+01
1.429750000000002252e+01
1.430250000000002863e+01
1.430500000000002814e+01
1.430750000000002764e+01
1.431000000000002714e+01
1.431250000000002665e+01
1.431500000000002615e+01
1.431750000000001322e+01
1.432000000000000028e+01
1.432499999999997442e+01
1.432624999999996795e+01
1.432749999999996149e+01
1.432999999999994856e+01
1.433249999999993562e+01
1.433499999999992269e+01
1.433749999999990976e+01
1.433999999999989683e+01
1.434124999999989036e+01
1.434249999999988390e+01
1.434499999999987097e+01
1.434749999999985803e+01
1.434999999999984510e+01
1.435249999999983217e+01
1.435499999999981924e+01
1.435749999999980631e+01
1.435999999999999943e+01
1.436250000000019256e+01
1.436750000000057881e+01
1.437250000000057959e+01
1.437750000000058037e+01
1.438250000000058115e+01
1.438750000000058193e+01
1.439250000000058272e+01
1.439625000000029154e+01
1.440000000000000036e+01
1.440749999999941799e+01
1.441749999999941778e+01
1.442749999999941757e+01
1.443749999999941735e+01
1.443999999999999950e+01
1.444500000000116380e+01
1.445500000000116358e+01
1.446500000000116337e+01
1.447500000000116316e+01
1.448000000000000043e+01
1.448999999999767496e+01
1.449999999999767475e+01
1.450999999999767454e+01
1.451499999999767532e+01
1.451999999999999957e+01
1.452249999999999908e+01
1.452749999999999986e+01
1.453250000000000064e+01
1.453500000000000014e+01
1.453749999999999964e+01
1.453999999999999915e+01
1.454249999999999865e+01
1.454374999999999929e+01
1.454624999999999879e+01
1.454749999999999943e+01
1.454999999999999893e+01
1.455124999999999957e+01
1.455374999999999908e+01
1.455624999999999858e+01
1.455812500000000043e+01
1.456000000000000050e+01
1.456187500000000057e+01
1.456375000000000064e+01
1.456562500000000071e+01
1.456750000000000078e+01
1.456937500000000085e+01
1.457125000000000092e+01
1.457312500000000099e+01
1.457687500000000114e+01
1.458062500000000128e+01
1.458437500000000142e+01
1.458625000000000149e+01
1.458718750000000242e+01
1.458906250000000249e+01
1.459281250000000263e+01
1.459460937500000099e+01
1.459640625000000114e+01
1.459820312500000128e+01
1.459999999999999964e+01
1.460179687499999801e+01
1.460359374999999638e+01
1.460449218749999645e+01
1.460628906249999481e+01
1.460808593749999318e+01
1.460898437499999147e+01
1.461078124999998984e+01
1.461437499999998657e+01
1.461617187499998494e+01
1.461707031249998323e+01
1.461886718749998160e+01
1.461976562499998167e+01
1.462156249999998003e+01
1.462246093749998010e+01
1.462425781249997847e+01
1.462605468749997684e+01
1.462964843749997357e+01
1.463683593749996703e+01
1.463841796874998380e+01
1.464000000000000057e+01
1.464316406250003411e+01
1.464632812500006764e+01
1.465265625000013472e+01
1.465765625000013550e+01
1.466765625000013529e+01
1.467765625000013507e+01
1.467999999999999972e+01
1.468468749999972900e+01
1.469406249999918757e+01
1.470406249999918735e+01
1.471406249999918714e+01
1.472000000000000064e+01
1.473000000000000043e+01
1.474000000000000021e+01
1.475000000000000000e+01
1.475999999999999979e+01
1.476500000000000057e+01
1.477000000000000135e+01
1.477500000000000213e+01
1.478000000000000291e+01
1.478500000000000369e+01
1.479000000000000448e+01
1.479250000000000220e+01
1.479499999999999993e+01
1.479749999999999766e+01
1.480000000000000071e+01
1.480250000000000377e+01
1.480500000000000682e+01
1.480750000000000988e+01
1.481000000000001293e+01
1.481250000000001599e+01
1.481500000000001904e+01
1.481750000000002210e+01
1.482000000000002515e+01
1.482250000000002821e+01
1.482500000000003126e+01
1.482750000000003432e+01
1.483000000000003737e+01
1.483250000000004043e+01
1.483500000000004349e+01
1.483750000000002167e+01
1.483999999999999986e+01
1.484249999999997804e+01
1.484499999999995623e+01
1.484624999999994444e+01
1.484874999999992262e+01
1.485124999999990081e+01
1.485624999999985718e+01
1.485874999999983537e+01
1.486124999999981355e+01
1.486374999999979174e+01
1.486874999999974811e+01
1.487124999999972630e+01
1.487374999999970449e+01
1.487624999999968267e+01
1.488000000000000078e+01
1.488187500000016072e+01
1.488562500000047883e+01
1.489312500000111505e+01
1.489812500000111584e+01
1.490812500000111562e+01
1.491812500000111541e+01
1.491999999999999993e+01
1.492374999999776897e+01
1.493124999999330704e+01
1.494124999999330683e+01
1.495124999999330662e+01
1.496000000000000085e+01
1.497000000000000064e+01
1.498000000000000043e+01
1.499000000000000021e+01
1.500000000000000000e+01
