9.999999999999970024e-01
9.999909519069336561e-01
9.999682769131326143e-01
9.999501219525641638e-01
9.999373822125239286e-01
9.999137581168449085e-01
9.998902430131421104e-01
9.998756550607685867e-01
9.998564667882524626e-01
9.998367186422235653e-01
9.998278564870392016e-01
9.998168714636275212e-01
9.997990710223580990e-01
9.997880290074701026e-01
9.997781237131236898e-01
9.997585604304689566e-01
9.997396889007236220e-01
9.997257453923414916e-01
9.997075642303721033e-01
9.996897255174348462e-01
9.996784969382067620e-01
9.996665253302920995e-01
9.996536181062631865e-01
9.996451090065529010e-01
9.996349558057162632e-01
9.996192196050364132e-01
9.996047226801129115e-01
9.995914640818862607e-01
9.995737635852532943e-01
9.995553845851784525e-01
9.995404515451205008e-01
9.995254033462028787e-01
9.995105490202688125e-01
9.994986883176447678e-01
9.994867315559873289e-01
9.994730830839885227e-01
9.994602957497676909e-01
9.994466898482395889e-01
9.994295650321187718e-01
9.994115567929238164e-01
9.993945824716918835e-01
9.993770394572123461e-01
9.993591281945042315e-01
9.993428980151257690e-01
9.993280205411293471e-01
9.993131965760432278e-01
9.992983821119152399e-01
9.992831038137514055e-01
9.992662346629067605e-01
9.992480093951793263e-01
9.992291665859633909e-01
9.992091562990031983e-01
9.991881358910151834e-01
9.991679649970202082e-01
9.991492510986211828e-01
9.991136760248224835e-01
9.990679212386012198e-01
9.990211995523569088e-01
9.989695009150622029e-01
9.989051213873185731e-01
9.988299277961831812e-01
9.987545084417899233e-01
9.986782578048866155e-01
9.985997108557396196e-01
9.985191671713843364e-01
9.984365704834813338e-01
9.983504959876615681e-01
9.982611354498401868e-01
9.981701062216872256e-01
9.980779153461708519e-01
9.979848881737241051e-01
9.978920557422625848e-01
9.977996972474096893e-01
9.977075817786901224e-01
9.976157127934065505e-01
9.975233673953368685e-01
9.974295616723131142e-01
9.973344488546844744e-01
9.972384962295423039e-01
9.971416630990924679e-01
9.970443843916988458e-01
9.969477874368170012e-01
9.968526755990915200e-01
9.967592540826191172e-01
9.966674733407404618e-01
9.965770869874470694e-01
9.964877047905268403e-01
9.963988996935316811e-01
9.963101887622287656e-01
9.962212509891347212e-01
9.961322909520531343e-01
9.960439252351388495e-01
9.959566812995859220e-01
9.958708279409693720e-01
9.957866603486252854e-01
9.957044767582506894e-01
9.956240736645136646e-01
9.955447286146774655e-01
9.954658203937847283e-01
9.953869985523368102e-01
9.953079126556507727e-01
9.952283850114311825e-01
9.951485833354647426e-01
9.950687712817777308e-01
9.949893453893907669e-01
9.949107792864949618e-01
9.948330531727753723e-01
9.947557903737764828e-01
9.946788512503924595e-01
9.946019666355405686e-01
9.945244643122640449e-01
9.944459867165862388e-01
9.943666819618647290e-01
9.942867476600406595e-01
9.942065722336358435e-01
9.941268276535681903e-01
9.940480215369815742e-01
9.939705701936433213e-01
9.938950028133530790e-01
9.938214677334006319e-01
9.937497330574315280e-01
9.936798797087992297e-01
9.936121801273724019e-01
9.935466976811150319e-01
9.934837317102963583e-01
9.934239935267510369e-01
9.933681273110575027e-01
9.933167231224081517e-01
9.932704220391355143e-01
9.932295238315075325e-01
9.931940634412000923e-01
9.931641778646407293e-01
9.931398339910588735e-01
9.931207750030156545e-01
9.931071006922688182e-01
9.930992974633732207e-01
9.930978884006375074e-01
9.931036320637605108e-01
9.931176443579884383e-01
9.931410779521847587e-01
9.931750986936992431e-01
9.932209809352855467e-01
9.932798795315441742e-01
9.933528744689857914e-01
9.934412702228707648e-01
9.935464526364304882e-01
9.936697271248091656e-01
9.938125848352133973e-01
9.939767107740590246e-01
9.941636620790246237e-01
9.943748410443689068e-01
9.946115305082501301e-01
9.948747161309080544e-01
9.951650836859332605e-01
9.954831228833785906e-01
9.958290571474067709e-01
9.962029134880870940e-01
9.966047532309412205e-01
9.969007749365772497e-01
9.968012834349238016e-01
9.967005890522026013e-01
9.966044517738811281e-01
9.965131383675879251e-01
9.964268924819897899e-01
9.963461358138274715e-01
9.962712823474690893e-01
9.962026052787515962e-01
9.961312586873093400e-01
9.960614333518755803e-01
9.956774044368424947e-01
9.947770530027871816e-01
9.938583030352793335e-01
9.929246959033062314e-01
9.919799927516117499e-01
9.910281537979677147e-01
9.900732508078636807e-01
9.891193897569653393e-01
9.881706998528855257e-01
9.872313356825727082e-01
9.863054698288047373e-01
9.853972716327077386e-01
9.845108485825349032e-01
9.836501659108308759e-01
9.828189814637164901e-01
9.820207789485291272e-01
9.812586687821541753e-01
9.805353095381807993e-01
9.798529114024178144e-01
9.792132701727263022e-01
9.786177678788839929e-01
9.780673836442127511e-01
9.775627423423738360e-01
9.771041350631404221e-01
9.766914902236919493e-01
9.763243390902041074e-01
9.760017730548661286e-01
9.757223946464638198e-01
9.754843072133568826e-01
9.752851214771451893e-01
9.751219463053186765e-01
9.749914279008142781e-01
9.748914315069796555e-01
9.748206130665852953e-01
9.747732330175603588e-01
9.747417560674368486e-01
9.747231028162536282e-01
9.747129312989843974e-01
9.747024030342709144e-01
9.746849404307463827e-01
9.746558312217806774e-01
9.746091285640401392e-01
9.745420848564720906e-01
9.744532774636557315e-01
9.743368570946963070e-01
9.741887726483334786e-01
9.740101549633437550e-01
9.737977044693559847e-01
9.735441374538177373e-01
9.732483875778539240e-01
9.729116260779356873e-01
9.725308992334770197e-01
9.721061188802013753e-01
9.716413122433351646e-01
9.711380364436836832e-01
9.705994796549279879e-01
9.700328781076418272e-01
9.694412836177755954e-01
9.688264556359157398e-01
9.681968129765661235e-01
9.675595160324113042e-01
9.669167633446777987e-01
9.662761489552511573e-01
9.656490326228704957e-01
9.650427799791132522e-01
9.644662250112424617e-01
9.639312236992541028e-01
9.634457938485426753e-01
9.630172962583473106e-01
9.626558212642594148e-01
9.623670938594655055e-01
9.621530660728797590e-01
9.620192930034990875e-01
9.619705744687607751e-01
9.620061189589017570e-01
9.621261443777060496e-01
9.623326119676504087e-01
9.626231596227737830e-01
9.629939736345503043e-01
9.634423061508069486e-01
9.639616445512110277e-01
9.645434200805665936e-01
9.651811442417275178e-01
9.658660946627856125e-01
9.665866014873816248e-01
9.673337884596346914e-01
9.680998614111147038e-01
9.688740581362116355e-01
9.696461628262962318e-01
9.704077946396619803e-01
9.711488839493107594e-01
9.718587897584927138e-01
9.725281163809700313e-01
9.731463896370052824e-01
9.737027751645674911e-01
9.741888660082630436e-01
9.745967789151591676e-01
9.749179124165973098e-01
9.751460882412126274e-01
9.752776611879530044e-01
9.753088516799691687e-01
9.752368569855612845e-01
9.750612109660836690e-01
9.747823108925282032e-01
9.744017158308441173e-01
9.739233251793019130e-01
9.733523413910571964e-01
9.726953377441953652e-01
9.719616323751861797e-01
9.711622957522881849e-01
9.703088560668046147e-01
9.694141626197353423e-01
9.684925023677094513e-01
9.675581803776780454e-01
9.666251913281032060e-01
9.657076948869506294e-01
9.648196908661488269e-01
9.639747001227824130e-01
9.631859056990833556e-01
9.624658763022755359e-01
9.618263050112456636e-01
9.612782291800993084e-01
9.608317574274631845e-01
9.604952744775444584e-01
9.602753548317966015e-01
9.601772008030780015e-01
9.602044689345328177e-01
9.603588156140913101e-01
9.606400831875104851e-01
9.610467247134309998e-01
9.615757343888626796e-01
9.622224140304881379e-01
9.629804281103622188e-01
9.638417890350814421e-01
9.647967205265961521e-01
9.658338378241080324e-01
9.669401594804736266e-01
9.681008430628570416e-01
9.692996341213492295e-01
9.705195705437670295e-01
9.717428792824416295e-01
9.729510448901227404e-01
9.741256089679312113e-01
9.752484695157013217e-01
9.763017430966082211e-01
9.772681644633656184e-01
9.781314667585186973e-01
9.788763809335860877e-01
9.794890749945817099e-01
9.799576433790134766e-01
9.802719878915224783e-01
9.804240646219256616e-01
9.804085932154972260e-01
9.802229699151280284e-01
9.798669098011113521e-01
9.793427966299496079e-01
9.786557714729209323e-01
9.778132347218423392e-01
9.768247842165407313e-01
9.757022665836325714e-01
9.744593885626801066e-01
9.731116887321367148e-01
9.716767012567992801e-01
9.701734874343561632e-01
9.686222809981591686e-01
9.670446455308256972e-01
9.654631204654969823e-01
9.639005226153561923e-01
9.623797906971862659e-01
9.609238273704242550e-01
9.595549405652056274e-01
9.582945673753870963e-01
9.571631683671185664e-01
9.561797862297407580e-01
9.553617638691626057e-01
9.547247054628482665e-01
9.542820408279976130e-01
9.540445380438921097e-01
9.540202602388816455e-01
9.542143618373597480e-01
9.546286279348535908e-01
9.552614106322756538e-01
9.561077483340811867e-01
9.571592807989469653e-01
9.584043327292209868e-01
9.598281753068113042e-01
9.614131146829651975e-01
9.631386735667886168e-01
9.649819938750182624e-01
9.669180625566637932e-01
9.689198803210147259e-01
9.709589339565564137e-01
9.730056887859556136e-01
9.750299109582628576e-01
9.770011206208382148e-01
9.788891578222482792e-01
9.806646295573461236e-01
9.822993536068994613e-01
9.837668377897645922e-01
9.850426161632774846e-01
9.861045477996953634e-01
9.869332036903513128e-01
9.875121568454063858e-01
9.878281629850801382e-01
9.878714339363176000e-01
9.876359270731828177e-01
9.871194996750241035e-01
9.863240181323158495e-01
9.852554668965967100e-01
9.839239664959907872e-01
9.823437050405283699e-01
9.805328184437437367e-01
9.785131836936978855e-01
9.763101497295053610e-01
9.739522657570880426e-01
9.714709618001572400e-01
9.689001391375829941e-01
9.662757446509155912e-01
9.636353573445756160e-01
9.610177029192952247e-01
9.584620724022472338e-01
9.560077146045513619e-01
9.536932258655933525e-01
9.515559158326352129e-01
9.496311721551535801e-01
9.479518612075431561e-01
9.465477722748582012e-01
9.454451233270738664e-01
9.446661421344002552e-01
9.442286858579700404e-01
9.441458894433799598e-01
9.444258976056769672e-01
9.450716775392994373e-01
9.460808555658238861e-01
9.474456117331390148e-01
9.491526945095565271e-01
9.511835234630652280e-01
9.535143605514210252e-01
9.561165906466696507e-01
9.589570913951388498e-01
9.619986554716082328e-01
9.652004856134952515e-01
9.685187384611640971e-01
9.719070700310965538e-01
9.753172256350868263e-01
9.786997010032376654e-01
9.820044131212577465e-01
9.851813771624423621e-01
9.881814404879107894e-01
9.909570402544665146e-01
9.934629355891347879e-01
9.928969514341211555e-01
9.922733673899590823e-01
9.916704315721254215e-01
9.910976096228772958e-01
9.905641191655140121e-01
9.900787673039654901e-01
9.896497856291872619e-01
9.892846844614059387e-01
9.889901191680752213e-01
9.887717781334784961e-01
9.886343098612481173e-01
9.885812572788298391e-01
9.886149802020811617e-01
9.856743873351067053e-01
9.820335869401467521e-01
9.781260383703999084e-01
9.740041058310933142e-01
9.697243758421326687e-01
9.653468853806669303e-01
9.609342795772823909e-01
9.565509447620816896e-01
9.522621103524963049e-01
9.481329070275809068e-01
9.442274149429834562e-01
9.406077162349475440e-01
9.373329386298046018e-01
9.344583105404032919e-01
9.320342540669357412e-01
9.301055210625920333e-01
9.287103999419688005e-01
9.278800259139836637e-01
9.276377899414189887e-01
9.279988485254063724e-01
9.289697602150099875e-01
9.305482465846537377e-01
9.327230592995954250e-01
9.354739628233433857e-01
9.387718446969098851e-01
9.425789488930398363e-01
9.468492390385161439e-01
9.515289010917555856e-01
9.565569775608951941e-01
9.618661295583224025e-01
9.673835276342150902e-01
9.730318495309890903e-01
9.787303564450550164e-01
9.843960359310622854e-01
9.899447952038875620e-01
9.952926776469828152e-01
9.951376936949598573e-01
9.940882542941161804e-01
9.930237967207530270e-01
9.907531640545037543e-01
9.883504172810417820e-01
9.864428159238679550e-01
9.850684712376791552e-01
9.842583023431570322e-01
9.840354158338798785e-01
9.844146064675149965e-01
9.854019884281934871e-01
9.853308001862464138e-01
9.849455816518603024e-01
9.846946688710332962e-01
9.845842844114971459e-01
9.846186327946218064e-01
9.847998065677838753e-01
9.851277300599315945e-01
9.854460343813487011e-01
9.786216627221422382e-01
9.715165690678532195e-01
9.642296732135614556e-01
9.568646845476278529e-01
9.495286611400960419e-01
9.423304819327457116e-01
9.353792580177432425e-01
9.287827058144145775e-01
9.226455081201858643e-01
9.170676908559431961e-01
9.121430385036838340e-01
9.079575692645794893e-01
9.045880928678605715e-01
9.021008726009058787e-01
9.005504125718737374e-01
8.999783939344081496e-01
9.004127823861082236e-01
9.018671259926822614e-01
9.043400628185793710e-01
9.078150535488409556e-01
9.122603436840495128e-01
9.176291551945066072e-01
9.238601071124387110e-01
9.308778595172145787e-01
9.385939719030564898e-01
9.469079684865868707e-01
9.557086015486707664e-01
9.648753005945120975e-01
9.742797941285323837e-01
9.837878854095121195e-01
9.932613544707999953e-01
9.983926744624010974e-01
9.914755057792176141e-01
9.849163343077284027e-01
9.788194809159341814e-01
9.732844407421025190e-01
9.684042905532594947e-01
9.642641768965285465e-01
9.609399075532082390e-01
9.584966636595672052e-01
9.569878460765730566e-01
9.564540717408070991e-01
9.569223352998847965e-01
9.584053485851827814e-01
9.609010726128821567e-01
9.643924575780769004e-01
9.688474009013500199e-01
9.742189291985109412e-01
9.779128861972619102e-01
9.781805531489067285e-01
9.786941975917483605e-01
9.794503135422855111e-01
9.804416968884636097e-01
9.752760125876450692e-01
9.631467633275727636e-01
9.508545804286882008e-01
9.385778594957807641e-01
9.264987179690146180e-01
9.148003082756306359e-01
9.036640374790809727e-01
8.932667425419706930e-01
8.837778742887271166e-01
8.753567446454548762e-01
8.681498889533256769e-01
8.622885909066523302e-01
8.578866123134558652e-01
8.550381626689301795e-01
8.538161371138948130e-01
8.542706465800180560e-01
8.564278590289177151e-01
8.602891670774033273e-01
8.658306964433167829e-01
8.730031687828038178e-01
8.817321301998456429e-01
8.919185544467945759e-01
9.034398264608513029e-01
9.161511056833613331e-01
9.298870612445963024e-01
9.444639637056067016e-01
9.596821098507585246e-01
9.753285489288696652e-01
9.911800717222641888e-01
9.944056853225782255e-01
9.823808499681515594e-01
9.707434371642795767e-01
9.596743971880703494e-01
9.493498581277134418e-01
9.399382900305021105e-01
9.315977459156496998e-01
9.244732355406521940e-01
9.186942828400347372e-01
9.143727102775783822e-01
9.116006846371367267e-01
9.104490491951988673e-01
9.109659580988886951e-01
9.131758220769899959e-01
9.170785703592642113e-01
9.226492320039423323e-01
9.298378412166310447e-01
9.385696737649059651e-01
9.487458233034298249e-01
9.602441274840922691e-01
9.678501204147066383e-01
9.690648292434427269e-01
9.706738185264448537e-01
9.726587276429655704e-01
9.626615865969626595e-01
9.421663030152718221e-01
9.216402790713977833e-01
9.013885738691130856e-01
8.817191011202133444e-01
8.629377838785627919e-01
8.453436187380201083e-01
8.292237608878806343e-01
8.148487403632409531e-01
8.024679129487454210e-01
7.923052366434897298e-01
7.845554476681479983e-01
7.793806909079341594e-01
7.769076405568995369e-01
7.772251297942345261e-01
7.803822957995983911e-01
7.863872395578727081e-01
7.952061991402269436e-01
8.067632402630853239e-01
8.209404771472698092e-01
8.375788469615734755e-01
8.564794694981849865e-01
8.774056274288420942e-01
9.000853988062941236e-01
9.242149609080256845e-01
9.494625633734121717e-01
9.754731400839588007e-01
9.826808299544619318e-01
9.770839876109802535e-01
9.569236464641774909e-01
9.373607686856800791e-01
9.187017389671434664e-01
9.012451740437614767e-01
8.852768356302379571e-01
8.710647607358563693e-01
8.588547292559086666e-01
8.488661652574399641e-01
8.412885395355019780e-01
8.362783101273330022e-01
8.339564079533691165e-01
8.344062503351853399e-01
8.376722491934417425e-01
8.437587751781152612e-01
8.526295443171068023e-01
8.642074090353865090e-01
8.783745576968292612e-01
8.949731517287337068e-01
9.138064519494423221e-01
9.346405009853454571e-01
9.514739434901882120e-01
9.541362468186910251e-01
9.573862755299634708e-01
9.612224027627453982e-01
9.299460875336793553e-01
8.956781667412057057e-01
8.617711392792878344e-01
8.287467984391301279e-01
7.971251934701678588e-01
7.674153672704150386e-01
7.401062037425431006e-01
7.156576874288465007e-01
6.944928436495091395e-01
6.769905697153558721e-01
6.634794922510905968e-01
6.542329009349950875e-01
6.494647262587882608e-01
6.493264603528422496e-01
6.539048767521971062e-01
6.632203953547953779e-01
6.772259653456934592e-01
6.958063972756692861e-01
7.187781553188105077e-01
7.458897072291920116e-01
7.768226063036114404e-01
8.111935315518636891e-01
8.485575276331804861e-01
8.884126588619720710e-01
9.302062226544068890e-01
9.604108145065225477e-01
9.665685406419556314e-01
9.502780240869311834e-01
9.165551574954938774e-01
8.837552257137606393e-01
8.524027763927148893e-01
8.230085757493134091e-01
7.960596656023890549e-01
7.720101441250014629e-01
7.512730267503299197e-01
7.342134448611586928e-01
7.211433119035663974e-01
7.123174443603550454e-01
7.079309882286488609e-01
7.081178912601314712e-01
7.129500956652921051e-01
7.224371178561117546e-01
7.365257351446249379e-01
7.550996076725602357e-01
7.779788106688330096e-01
8.049194134487265284e-01
8.356133896135857775e-01
8.696892504274430502e-01
9.067138386108655190e-01
9.261949578111148274e-01
9.315349143064397541e-01
9.378409144267987330e-01
9.131607811712101341e-01
8.561750372721965707e-01
7.996297203407629617e-01
7.444246799833266204e-01
6.914589809090885275e-01
6.416112966751641444e-01
5.957207998092602930e-01
5.545695484840948986e-01
5.188672704565459037e-01
4.892392438364946416e-01
4.662177051812313455e-01
4.502371081442562151e-01
4.473153293938700870e-01
