0.000000000000000000e+00
-4.151440279056085585e-10
-1.719610940679245843e-09
-3.986547080850834122e-09
-8.204379163918509383e-09
-1.579059489548167528e-08
-2.730569472381346451e-08
-4.379815415855169907e-08
-6.697823468866280776e-08
-9.744544053046009212e-08
-1.351627317094825599e-07
-1.811180309118320767e-07
-2.369754862453506955e-07
-3.041885102057207126e-07
-3.835643523395578126e-07
-4.758633396845421334e-07
-5.836000569184883317e-07
-7.101953521550208672e-07
-8.575268634106213292e-07
-1.028032575594729836e-06
-1.226530174113080600e-06
-1.456456253073706657e-06
-1.720070099794823859e-06
-2.022396884679546611e-06
-2.368049381827712454e-06
-2.759181813836807328e-06
-3.200452653230380875e-06
-3.697548892724505049e-06
-4.253251817199133660e-06
-4.871664144069979996e-06
-5.558399957462141771e-06
-6.316216999683942810e-06
-7.148370539603660895e-06
-8.060485176167588606e-06
-9.056028449549108968e-06
-1.013722963536146299e-05
-1.130825275692152859e-05
-1.257292888749705906e-05
-1.393388581623122381e-05
-1.539478422671249503e-05
-1.695941757601541347e-05
-1.863048483625204759e-05
-2.041138941744313119e-05
-2.230571208491459394e-05
-2.431550243325154867e-05
-2.644308930480829674e-05
-2.869119980334909116e-05
-3.106089472736476567e-05
-3.355315883822156266e-05
-3.616979905848926262e-05
-3.891097610856028430e-05
-4.177575475406477418e-05
-4.476413007595039095e-05
-4.787538664275271788e-05
-5.110734908279035394e-05
-5.445831194542640532e-05
-5.792616545330569273e-05
-6.150716776546775641e-05
-6.519800359461372364e-05
-6.899573851247930534e-05
-7.289586943794825792e-05
-7.689375752754082837e-05
-8.098571779334418335e-05
-8.516710194299593486e-05
-8.943247661942687547e-05
-9.377712055756346442e-05
-9.819582075883604886e-05
-1.026824188828906985e-04
-1.072312311792993403e-04
-1.118364843805096109e-04
-1.164916542098562435e-04
-1.211904578728177282e-04
-1.259265036399051985e-04
-1.306927678755175266e-04
-1.354826688535202867e-04
-1.402898272201058213e-04
-1.451071384260099718e-04
-1.499277063076448610e-04
-1.547451561315879066e-04
-1.595528041050677480e-04
-1.643442509310197753e-04
-1.691138341696186390e-04
-1.738558905358438737e-04
-1.785651659017786113e-04
-1.832374538870837008e-04
-1.878687352639169417e-04
-1.924550561126575838e-04
-1.969934391962154907e-04
-2.014814342822839803e-04
-2.059165958419713555e-04
-2.102973253656059542e-04
-2.146228339087721197e-04
-2.188923690623807716e-04
-2.231057780860074349e-04
-2.272638359243531300e-04
-2.313674710550882557e-04
-2.354179458046946265e-04
-2.394172408189716315e-04
-2.433673432200139360e-04
-2.472702357900135543e-04
-2.511284365743456158e-04
-2.549444246195279110e-04
-2.587203544729187806e-04
-2.624586434672213195e-04
-2.661615995163366414e-04
-2.698308275098134767e-04
-2.734676160239013260e-04
-2.770726756968871205e-04
-2.806453286513168211e-04
-2.841837940319977859e-04
-2.876852770423133331e-04
-2.911451554958253410e-04
-2.945570599781642865e-04
-2.979132481691505589e-04
-3.012040041237878029e-04
-3.044175957999532877e-04
-3.075408554955067104e-04
-3.105587919108206683e-04
-3.134543427212313970e-04
-3.162091248422353664e-04
-3.188035513297722448e-04
-3.212165685157491080e-04
-3.234263836169724740e-04
-3.254110671879149050e-04
-3.271484843389579162e-04
-3.286168168250761098e-04
-3.297951744730872052e-04
-3.306634156001975145e-04
-3.312022076508627094e-04
-3.313933330109581949e-04
-3.312191896931459037e-04
-3.306622124237690720e-04
-3.297047133925160131e-04
-3.283280847269500835e-04
-3.265116075321951024e-04
-3.242317803707086112e-04
-3.214614846818190843e-04
-3.181687954439287903e-04
-3.143163624070566525e-04
-3.098610858603226834e-04
-3.047537615032072265e-04
-2.989394884677600743e-04
-2.923586314441579698e-04
-2.849476559050776684e-04
-2.766404544142621671e-04
-2.673702404592367878e-04
-2.570710598797489380e-04
-2.456791009438404755e-04
-2.331342495506738750e-04
-2.193812807161582372e-04
-2.043706699182159766e-04
-1.880595259242089101e-04
-1.704122231961005388e-04
-1.514006324692946498e-04
-1.310045378337835532e-04
-1.092119193042209859e-04
-8.601871727272656731e-05
-6.142866708584533903e-05
-3.545326830002445094e-05
-8.111467726153352982e-06
2.057055667738371895e-05
5.055926439103720915e-05
8.181359590929700274e-05
1.142845753778074706e-04
1.479145405517347418e-04
1.826365036038238895e-04
2.183736241566807713e-04
2.550385789414533915e-04
2.925333169260837239e-04
3.307493616761294488e-04
3.695682580708940508e-04
4.088622793267238228e-04
4.484955375497653692e-04
4.883251313121506716e-04
5.282023639706462338e-04
5.679742523833776046e-04
6.074850266781413061e-04
6.465776353860544935e-04
6.850956543944749545e-04
7.228853803955148259e-04
7.597978266659614769e-04
7.956908605013262746e-04
8.304313551581402747e-04
8.638969513781903772e-04
8.959775174226607651e-04
9.265763336138091314e-04
9.556107659359573117e-04
9.830126398383111450e-04
1.008728584808188389e-03
1.032720228195038161e-03
1.054964362894153344e-03
1.075453351816342204e-03
1.094195573941330072e-03
1.111215746208674962e-03
1.126555219263717647e-03
1.140272077903023559e-03
1.152440850188218456e-03
1.163151955086701205e-03
1.172510913458764880e-03
1.180637266498029813e-03
1.187663405941535421e-03
1.193732290142185968e-03
1.198996087335552985e-03
1.203617153597845739e-03
1.207765930392047226e-03
1.211617521078275266e-03
1.215351389847189401e-03
1.219149335363236631e-03
1.223190947394628761e-03
1.227651251491608097e-03
1.232697590720990832e-03
1.238484035064673803e-03
1.245149640722953725e-03
1.252820428786141768e-03
1.261608691238861723e-03
1.271608374349607329e-03
1.282890705775066717e-03
1.295502858286310538e-03
1.309467634454559125e-03
1.324782374531770657e-03
1.341419320155402784e-03
1.359326167892318431e-03
1.378424680547403426e-03
1.398612996238061696e-03
1.419769368402859847e-03
1.441747833100222006e-03
1.464374983304488672e-03
1.487455357081362466e-03
1.510771146960895222e-03
1.534079066110248394e-03
1.557116550614258714e-03
1.579604090473571854e-03
1.601244753897348994e-03
1.621736614271585995e-03
1.640782598421843029e-03
1.658091448790950358e-03
1.673388091173656344e-03
1.686422613231631194e-03
1.696967714127875287e-03
1.704824933938703250e-03
1.709835479881712320e-03
1.711877969362023480e-03
1.710869853965625706e-03
1.706779002336689935e-03
1.699624069653158298e-03
1.689470581245219698e-03
1.676436699153625734e-03
1.660690843374501569e-03
1.642440960867865962e-03
1.621934334205227084e-03
1.599455090339430442e-03
1.575309882684962663e-03
1.549821817689611605e-03
1.523331579694760891e-03
1.496189828833262422e-03
1.468752314784089455e-03
1.441384433107511858e-03
1.414457764432502799e-03
1.388341381129164871e-03
1.363401904074383912e-03
1.340000423988519469e-03
1.318481467106712287e-03
1.299169013873851478e-03
1.282364964451990740e-03
1.268340573884064798e-03
1.257332843682673531e-03
1.249546362573737126e-03
1.245147352460793675e-03
1.244257870847290896e-03
1.246957428724558385e-03
1.253279123745091369e-03
1.263201926380750142e-03
1.276649713171643628e-03
1.293488483789948830e-03
1.313520546248353503e-03
1.336487884993514804e-03
1.362078660461875368e-03
1.389929535086437649e-03
1.419633630335981984e-03
1.450752066507811008e-03
1.482819552526500268e-03
1.515351402456169370e-03
1.547854092233680529e-03
1.579829723104188765e-03
1.610779554608312300e-03
1.640213726863614394e-03
1.667658704584213704e-03
1.692661532261724965e-03
1.714798919616121334e-03
1.733686515145337536e-03
1.748984107838295887e-03
1.760402777880687268e-03
1.767711433791023003e-03
1.770736877342312483e-03
1.769363460651843635e-03
1.763534853355702269e-03
1.753252427664159794e-03
1.738573609281915920e-03
1.719614267462670452e-03
1.696549866093824584e-03
1.669615241052572162e-03
1.639106852186205700e-03
1.605383169865386671e-03
1.568860830393481237e-03
1.530010668600723664e-03
1.489352422987075481e-03
1.447445945253706149e-03
1.404882676400884397e-03
1.362277469165922104e-03
1.320258198515291380e-03
1.279456695116077541e-03
1.240502257386551406e-03
1.204013337528809027e-03
1.170588106803893821e-03
1.140796066265036121e-03
1.115167637925676934e-03
1.094182136489840881e-03
1.078257664981269268e-03
1.067741461768933510e-03
1.062900455399865473e-03
1.063915755175136313e-03
1.070880086569208581e-03
1.083795838704987649e-03
1.102575960496652652e-03
1.127047137994780911e-03
1.156952017710594430e-03
1.191952111322928769e-03
1.231632407703123515e-03
1.275504846909252584e-03
1.323011719662716161e-03
1.373531588887221639e-03
1.426386184903801879e-03
1.480848448116828036e-03
1.536153740327183626e-03
1.591511984547170017e-03
1.646119069213341363e-03
1.699169251096548658e-03
1.749867175690211296e-03
1.797437547878037245e-03
1.841134724808217264e-03
1.880252612815611415e-03
1.914133142681557695e-03
1.942175419434489722e-03
1.963846670797181251e-03
1.978692426920280589e-03
1.986346226396222894e-03
1.986539954929971742e-03
1.979112230389923170e-03
1.964013998356324824e-03
1.941312664200976279e-03
1.911193152850339857e-03
1.873955308514688254e-03
1.830010334942077949e-03
1.779876379835692961e-03
1.724172019595735569e-03
1.663609293630412007e-03
1.598986628238857361e-03
1.531179668205568918e-03
1.461130414976631554e-03
1.389835380954913303e-03
1.318331240532321551e-03
1.247678314730605188e-03
1.178943797674178451e-03
1.113184513741280772e-03
1.051429365400661760e-03
9.946632736886759033e-04
9.438126158733100689e-04
8.997315146177236201e-04
8.631899728096973723e-04
8.348636216889733378e-04
8.153234932927602230e-04
8.050261250813579503e-04
8.043047246020027918e-04
8.133608568308579520e-04
8.322572905890723198e-04
8.609133191304688387e-04
8.991023326122521246e-04
9.464517838610039466e-04
1.002446476422940531e-03
1.066434451782535212e-03
1.137634484170179641e-03
1.215145553376808943e-03
1.297957889813541833e-03
1.384964698227142150e-03
1.474975117766118369e-03
1.566728731125515252e-03
1.658911076808020123e-03
1.750170744801548888e-03
1.839138669759537905e-03
1.924448844548974852e-03
2.004759984612753797e-03
2.078777934025364833e-03
2.145277538941455821e-03
2.203123084564202402e-03
2.251287302343368043e-03
2.288868375546978390e-03
2.315104514915168783e-03
2.329386693508756195e-03
2.331269723535662770e-03
2.320481373118300685e-03
2.296929753011683461e-03
2.260708885309868545e-03
2.212101718215485086e-03
2.151580324172906560e-03
2.079803178002251254e-03
1.997608977597153078e-03
1.906006952382908451e-03
1.806164172114802955e-03
1.699390146455624162e-03
1.587119203625596752e-03
1.470891495708773720e-03
1.352332942046112485e-03
1.233134051281506481e-03
1.115027830935278906e-03
9.997667688871466826e-04
8.890985880452581622e-04
7.847409479400002837e-04
6.883555051102188205e-04
6.015216030137666764e-04
5.257102704887932354e-04
4.622594647159617505e-04
4.123510614945141619e-04
3.769900368480534245e-04
3.569864337343046034e-04
3.529402359087838734e-04
3.652290357406731258e-04
3.939986330758952593e-04
4.391564923765329457e-04
5.003678699669177748e-04
5.770549451162888550e-04
6.683993896663555740e-04
7.733485423167302426e-04
8.906255225759292845e-04
1.018743533862054296e-03
1.156024097735688537e-03
1.300618917366987842e-03
1.450535044300208225e-03
1.603662596943402100e-03
1.757804316744389578e-03
1.910706579436303922e-03
2.060091373592355408e-03
2.203688797478057636e-03
2.339269937391060331e-03
2.464679875207569613e-03
2.577870428866170342e-03
2.676932390861962510e-03
2.760126822985525981e-03
2.825914610872692391e-03
2.872983593179343279e-03
2.900272660021664672e-03
2.906992141128886525e-03
2.892640108107133196e-03
2.857014520189066036e-03
2.800221104338189437e-03
2.722676995588904116e-03
2.625110362890360934e-03
2.508556048986736436e-03
2.374347091201594196e-03
2.224102078701850095e-03
2.059708214164688526e-03
1.883299885008196022e-03
1.697232810911528155e-03
1.504053999299976956e-03
1.306467775384168506e-03
1.107298439676531777e-03
9.094503471511525662e-04
7.158661321618164366e-04
5.294837845088443606e-04
3.531932994827054716e-04
1.897934257128909411e-04
4.194892680283442106e-05
-8.785112565153660284e-05
-1.973335206282618318e-04
-2.844790282284414737e-04
-3.475577703818100140e-04
-3.851610752746445574e-04
-3.962291370163469485e-04
-3.800738039376756858e-04
-3.363959223272983785e-04
-2.652969306830140969e-04
-1.672845409130846071e-04
-4.327243641092352747e-05
1.054258867039035676e-04
2.771089408283201752e-04
4.697045925510286309e-04
6.807927703202061110e-04
9.076333944602864041e-04
1.147199473588295321e-03
1.396215223120735342e-03
1.651198898951990960e-03
1.908509941264355378e-03
2.164399833783119381e-03
2.415065860034568395e-03
2.656706863019699539e-03
2.885580064516045286e-03
3.098057935281863223e-03
3.290684180885818360e-03
3.460228022505089460e-03
3.603735987015402407e-03
3.718580486405990114e-03
3.802504544369045020e-03
3.853662019404607581e-03
3.870652675177261356e-03
3.852551491198625676e-03
3.798931605433892005e-03
3.709880317137511166e-03
3.586007729041077070e-03
3.428447773703363795e-03
3.238851521330697852e-03
3.019372843674707121e-03
2.772646639656813766e-03
2.501759883092982521e-03
2.210215798774558833e-03
1.901891500792764634e-03
1.580989419124225435e-03
1.251982877573242382e-03
9.195562933202605259e-04
5.885405988521442240e-04
2.638446579511109693e-04
-4.961634385801270899e-05
-3.469943890348895811e-04
-6.235827423389097646e-04
-8.748893473340897719e-04
-1.096708158779451233e-03
-1.285187170305496403e-03
-1.436892031877626567e-03
-1.548864289055570552e-03
-1.618673428965200977e-03
-1.644462031717417718e-03
-1.624983392893176309e-03
-1.559631060998370759e-03
-1.448459805513473879e-03
-1.292197579423104469e-03
-1.092248129555267863e-03
-8.506840370020413936e-04
-5.702300844786264804e-04
-2.542369715913745439e-04
9.335446290656776057e-05
4.680582505630230040e-04
8.648971827266942322e-04
1.278465114700335714e-03
1.702997114361056146e-03
2.132446778511542639e-03
2.560569889741897733e-03
2.981013409992835927e-03
3.387408611907757709e-03
3.773466925475936831e-03
4.133076878020686823e-03
4.460400373134241168e-03
4.749966479853381419e-03
4.996760914591950181e-03
5.196309522258695142e-03
5.344754260418366730e-03
5.438920433867667353e-03
5.476374210661232381e-03
5.455469724903494987e-03
5.375385298270527953e-03
5.236148498922449726e-03
5.038649889709920400e-03
4.784645381745976540e-03
4.476747136869158039e-03
4.118402977920120923e-03
3.713864270803747796e-03
3.268142269788761566e-03
2.786952995951713120e-03
2.276650830272129548e-03
1.744151142026070366e-03
1.196842459008265903e-03
6.424889086978251892e-04
8.912390346876916528e-05
-4.550636798569579651e-04
-9.818492739895924321e-04
-1.483096502329071505e-03
-1.950883048327632738e-03
-2.377626167418026796e-03
-2.756205364508161788e-03
-3.080079747830054716e-03
-3.343397681546163378e-03
-3.541096606263755865e-03
-3.668991256841542745e-03
-3.723848928932266700e-03
-3.703450892753612847e-03
-3.606639477804176458e-03
-3.433350690344286020e-03
-3.184632445359702416e-03
-2.862648593521203294e-03
-2.470668902549596341e-03
-2.013045045734451147e-03
-1.495172512139067607e-03
-9.234382207426000385e-04
-3.051535408279206526e-04
3.515275531789344870e-04
1.037705313457802127e-03
1.743845879054202203e-03
2.459907193356320430e-03
3.175478083935147702e-03
3.879928819317546903e-03
4.562570838073235976e-03
5.212822754488866984e-03
5.820379253105710526e-03
6.375379143725434794e-03
6.868568700328101309e-03
7.291456486034542453e-03
7.636456176881325358e-03
7.897014419922802203e-03
8.067721457622261186e-03
8.144403049498686112e-03
8.124193032138867995e-03
8.005586592781338204e-03
7.788474907702190413e-03
7.474162147382280331e-03
7.065365944442763245e-03
6.566202263026901624e-03
5.982155239545883414e-03
5.320032061186221600e-03
4.587902409661896892e-03
3.795021527223531744e-03
2.951735661685174570e-03
2.069368605036246180e-03
1.160088308565680477e-03
2.367531529686000007e-04
-6.872616565275376215e-04
-1.598255983496174072e-03
-2.482412126958225863e-03
-3.326013634920620479e-03
-4.115670480738550623e-03
-4.838544746286513668e-03
-5.482570578161358177e-03
-6.036662263995887581e-03
-6.490904833034271369e-03
-6.836722579949622985e-03
-7.067022243711847639e-03
-7.176309094957421773e-03
-7.160775718286915489e-03
-7.018364629817881901e-03
-6.748806874051375103e-03
-6.353639276204306290e-03
-5.836203026806482258e-03
-5.201625756331687903e-03
-4.456788307543686420e-03
-3.610276183116916966e-03
-2.672314330417171341e-03
-1.654682744546719401e-03
-5.706095411042185319e-04
5.653621489881900837e-04
1.737536759126672358e-03
2.929260597054346004e-03
4.123148463797148347e-03
5.301340984765125219e-03
6.445788595643044475e-03
7.538555647441165519e-03
8.562135893303070636e-03
9.499768983837947323e-03
1.033574678029282844e-02
1.105569846991384317e-02
1.164684469247426538e-02
1.209821307830678989e-02
1.240081052829402480e-02
1.254775088443805565e-02
1.253433992345255425e-02
1.235812242528319151e-02
1.201889804659653053e-02
1.151871359762482623e-02
1.086183896641555388e-02
1.005473242467780359e-02
9.105998618648081244e-03
8.026339552215247877e-03
6.828495725432241585e-03
5.527171730174513728e-03
4.138938434199551306e-03
2.682102753389396452e-03
1.176536164265129655e-03
-3.565453486716421184e-04
-1.894854334872174981e-03
-3.415358328690635756e-03
-4.894655371878239500e-03
-6.309389255467845979e-03
-7.636690437856758461e-03
-8.854624844924122162e-03
-9.942630532366211055e-03
-1.088192196238171351e-02
-1.165584367469864671e-02
-1.225015935118200193e-02
-1.265326823314996511e-02
-1.285634775240830120e-02
-1.285342807978788124e-02
-1.264141007869422524e-02
-1.222004206007675300e-02
-1.159187224634218756e-02
-1.076219278270622824e-02
-9.738987657202994447e-03
-8.532891496335450951e-03
-7.157159616709033410e-03
-5.627642794186869454e-03
-3.962753873493023854e-03
-2.183408468068419490e-03
-3.129193572984745970e-04
1.623175692758220719e-03
3.597369886005216677e-03
5.580538495743760617e-03
7.542388405843142643e-03
9.451999855638538311e-03
1.127844403184661420e-02
1.299145046223265654e-02
1.456209011408154952e-02
1.596343505584532640e-02
1.717115475519913337e-02
1.816401327388247194e-02
1.892424059245683202e-02
1.943776349410523616e-02
1.969429169497398727e-02
1.971898258837165643e-02
