9.999999999999840128e-01
9.999911239831280607e-01
9.999716328715151370e-01
9.999588912810024599e-01
9.999509685385594704e-01
9.999330618262564085e-01
9.999168907566532427e-01
9.999088561749844839e-01
9.998938013522873369e-01
9.998762147786158794e-01
9.998669880398188825e-01
9.998549095973130463e-01
9.998371903893609192e-01
9.998258679640976698e-01
9.998152655808074663e-01
9.997980454053380095e-01
9.997843032117633699e-01
9.997740953875901004e-01
9.997583380074090975e-01
9.997431102578724360e-01
9.997328708381374440e-01
9.997192387126171420e-01
9.997037819374832157e-01
9.996928229545983813e-01
9.996806846088218679e-01
9.996654050523511303e-01
9.996531511373939471e-01
9.996415232164634901e-01
9.996267163510677012e-01
9.996134868680288665e-01
9.996021236927832287e-01
9.995885258437001708e-01
9.995751524698398560e-01
9.995639769631649019e-01
9.995516156888369919e-01
9.995385236472750234e-01
9.995270501695692200e-01
9.995152026943711077e-01
9.995023325669156744e-01
9.994904589298032604e-01
9.994788495281557994e-01
9.994664845672722731e-01
9.994547693913359288e-01
9.994436306228645650e-01
9.994321471434995940e-01
9.994209812433783036e-01
9.994102299304240544e-01
9.993937097598076802e-01
9.993412390361490205e-01
9.992855502896069719e-01
9.992263511961677613e-01
9.991647900424865947e-01
9.991003661183370799e-01
9.990322316919820755e-01
9.989614527437404856e-01
9.988883158666985729e-01
9.988119014136291884e-01
9.987327263287884005e-01
9.986514658850549342e-01
9.985674748142328028e-01
9.984808913449907397e-01
9.983924395250383110e-01
9.983016652843454963e-01
9.982084354726667996e-01
9.981135505753473414e-01
9.980169858009044770e-01
9.979182919970280841e-01
9.978180990526129834e-01
9.977168492702926939e-01
9.976141436423189290e-01
9.975102197574888807e-01
9.974055941133828096e-01
9.973001011223469048e-01
9.971938535249674773e-01
9.970826728866916122e-01
9.969649354858204360e-01
9.968431411588695168e-01
9.967183066386707813e-01
9.965926005168884716e-01
9.964650568501437489e-01
9.963361010945608331e-01
9.962094028207186813e-01
9.960866568255792863e-01
9.959667596517361998e-01
9.958494353392297604e-01
9.957345842762120869e-01
9.956206156182684230e-01
9.955063589203411167e-01
9.953914144468913872e-01
9.952749122317893216e-01
9.951572891376679886e-01
9.950409060466688382e-01
9.949269056775076336e-01
9.948149141685018737e-01
9.947059070188414287e-01
9.946010448496263034e-01
9.944989549593302725e-01
9.943975837224384717e-01
9.942962718361155749e-01
9.941943924011273914e-01
9.940910430208215187e-01
9.939865086060694077e-01
9.938815398526348321e-01
9.937764862882069172e-01
9.936726819613090900e-01
9.935715424830484643e-01
9.934722326455133201e-01
9.933736643079982276e-01
9.932761970204334601e-01
9.931789980461702694e-01
9.930800787325871903e-01
9.929792350698863901e-01
9.928772055544236030e-01
9.927741681498031268e-01
9.926711900436091529e-01
9.925698979859819415e-01
9.924707959447366390e-01
9.923745136663397748e-01
9.922822377292795926e-01
9.921934998737093059e-01
9.921070312702392480e-01
9.920231708292487349e-01
9.919423751759088859e-01
9.918641105627112875e-01
9.917889809874201879e-01
9.917186577935718228e-01
9.916540552171282386e-01
9.915961188968664963e-01
9.915461212005093339e-01
9.915040758896357387e-01
9.914695444236478750e-01
9.914428485017853232e-01
9.914235676617695336e-01
9.914106019855587482e-01
9.914042761588749419e-01
9.914016784409733773e-01
9.914028384326514232e-01
9.914125733918937033e-01
9.914321732170976453e-01
9.914633270694400702e-01
9.915076744863845493e-01
9.915668191602778903e-01
9.916423211502105595e-01
9.917298313010753930e-01
9.918348372864367324e-01
9.919591464807581138e-01
9.921042139273621441e-01
9.922718464721702603e-01
9.924643504959775875e-01
9.926839671442693191e-01
9.929327381692548693e-01
9.932125809633746139e-01
9.935249835070718571e-01
9.938596474413201598e-01
9.942189598466752987e-01
9.946031816683401638e-01
9.950223529283895862e-01
9.954771322963414937e-01
9.959681225695562468e-01
9.963191336421947097e-01
9.963483838290458916e-01
9.963849570105497433e-01
9.964296174204096967e-01
9.964827870145166466e-01
9.963386073320864567e-01
9.961597308891059210e-01
9.959808302449437711e-01
9.958019912927625894e-01
9.952820723587565421e-01
9.941710802820776793e-01
9.930362339577000208e-01
9.918822560669081634e-01
9.907140333503774432e-01
9.895365233561276286e-01
9.883549396931203823e-01
9.871744717657605639e-01
9.860000348822489658e-01
9.848364652817723774e-01
9.836886529714494731e-01
9.825614843886939509e-01
9.814598973205801435e-01
9.803888613443783040e-01
9.793531467980413074e-01
9.783572378215270593e-01
9.774053251800873809e-01
9.765010063515434657e-01
9.756470571007734849e-01
9.748456287982563140e-01
9.740983845493490501e-01
9.734063820833021019e-01
9.727701685654935870e-01
9.721900183185917532e-01
9.716659105543160591e-01
9.715306698577826916e-01
9.710407965196912183e-01
9.705613559544467028e-01
9.702992737649432931e-01
9.701635537059837278e-01
9.699214775266908894e-01
9.695999428573041090e-01
9.695137672909066584e-01
9.693208595062346999e-01
9.692555455749356508e-01
9.691939168373919777e-01
9.691696918948422557e-01
9.691477096209488717e-01
9.691268566858416422e-01
9.691177270810864552e-01
9.691302372828217715e-01
9.691051878835192923e-01
9.690854427535714466e-01
9.690420367714859262e-01
9.689044304997840307e-01
9.688122900020466055e-01
9.686429913370580014e-01
9.684371683724133373e-01
9.682043706828868945e-01
9.679465562600538808e-01
9.676095069766018630e-01
9.672260690183461795e-01
9.668169743397994065e-01
9.663213465826467896e-01
9.657757656862282492e-01
9.651972354666076281e-01
9.645694932064062810e-01
9.638875729679456938e-01
9.631913348470778624e-01
9.624854109921708867e-01
9.617237978591125502e-01
9.609761757949024652e-01
9.602194033583211219e-01
9.594632267770268896e-01
9.586853196083464645e-01
9.579746264235527997e-01
9.572590042344418793e-01
9.565946132804293844e-01
9.559851129253648105e-01
9.554624391873082212e-01
9.549841445409080753e-01
9.546172319244786708e-01
9.543430123019819300e-01
9.541520871539014292e-01
9.540578755513232645e-01
9.540801297143292059e-01
9.541201494086581913e-01
9.541743658226405911e-01
9.543210574982302630e-01
9.545753026235139771e-01
9.549200903644770033e-01
9.553698823119015637e-01
9.559131286220861057e-01
9.565404192239944647e-01
9.572413794509013751e-01
9.580136938735143159e-01
9.588364713088817215e-01
9.596970399438081722e-01
9.605951592103255665e-01
9.615096178967058593e-01
9.624334304826531739e-01
9.633550974309725845e-01
9.642715298635319288e-01
9.651575245420225269e-01
9.660141226917028368e-01
9.668201597201955266e-01
9.675663150657013434e-01
9.682350209796694029e-01
9.688224606454346466e-01
9.693106129110000690e-01
9.696935320974902073e-01
9.699658566118556369e-01
9.701225914543022411e-01
9.701002336313748753e-01
9.698117521892208881e-01
9.694036524520065479e-01
9.688731669748985587e-01
9.682266855830985453e-01
9.674773279047754748e-01
9.666271961784891342e-01
9.656894464875542816e-01
9.646825052577401305e-01
9.636213489557422518e-01
9.625180321685241625e-01
9.613962561238873494e-01
9.602739682836954893e-01
9.591657219770152176e-01
9.580882306438937013e-01
9.570612394227577813e-01
9.560966268253766609e-01
9.552081885973132680e-01
9.544118058007006189e-01
9.537217864786551313e-01
9.531460351760272509e-01
9.526992231629790586e-01
9.523906869979784640e-01
9.522266086233427407e-01
9.522101004278988867e-01
9.522861616511058003e-01
9.523743089055145550e-01
9.525707496333658542e-01
9.529167177182875648e-01
9.534093730265599254e-01
9.540463681695993126e-01
9.548196855405087780e-01
9.557252821587622904e-01
9.567531355172180785e-01
9.578925856021444085e-01
9.591306837276067920e-01
9.604536386302349182e-01
9.618418758591656959e-01
9.632764403938193221e-01
9.647378102033153935e-01
9.662028145852969985e-01
9.676490842800670178e-01
9.690556623349069199e-01
9.704007504759175617e-01
9.716616809442351066e-01
9.728198060847006445e-01
9.738554145121932626e-01
9.747491968137015350e-01
9.754846901519177438e-01
9.760475898362421798e-01
9.764238851932227625e-01
9.766036509451965220e-01
9.763303118832338257e-01
9.757687471182848737e-01
9.750044312619577935e-01
9.740478387426604323e-01
9.729095432705828772e-01
9.716029641902936831e-01
9.701463639023550911e-01
9.685584176027371983e-01
9.668585376660997488e-01
9.650703177375056230e-01
9.632187751121250585e-01
9.613275862720508380e-01
9.594242146190130605e-01
9.575371306257132176e-01
9.556936036177680061e-01
9.539203351398070074e-01
9.522460978525527642e-01
9.506960376747367603e-01
9.492942578050310720e-01
9.489419048343281649e-01
9.476748107065853244e-01
9.466006737986257802e-01
9.458964283682819163e-01
9.457674878713497879e-01
9.452894835833713927e-01
9.451100697889807112e-01
9.452655461527110781e-01
9.453861186477121592e-01
9.456180004262104699e-01
9.461224101389861252e-01
9.468830313791242181e-01
9.478934805958956211e-01
9.491467996649819439e-01
9.506227196401839663e-01
9.523297705636913912e-01
9.541966704658464415e-01
9.562604609883031959e-01
9.584523029132977490e-01
9.607619466029496680e-01
9.631385998663185566e-01
9.655866152993584084e-01
9.680308998053855918e-01
9.704530146311192151e-01
9.728238013164377529e-01
9.750923977208815208e-01
9.772259875334066148e-01
9.791955737461176534e-01
9.809698752754745232e-01
9.824967687211804135e-01
9.837773417973767476e-01
9.847758364481126181e-01
9.854652919559148128e-01
9.858325659882871683e-01
9.855882660565621345e-01
9.847320441118347922e-01
9.835444530851669143e-01
9.820327057335274112e-01
9.802089019948037052e-01
9.780832043018551358e-01
9.757180376026335367e-01
9.731056127333477246e-01
9.702961592030011628e-01
9.673314820505282130e-01
9.642620841471962745e-01
9.611018679863491121e-01
9.579253548746434754e-01
9.547726171632647807e-01
9.516821014656352551e-01
9.487033511140172681e-01
9.458930074355663686e-01
9.432807187962045647e-01
9.409092170130231025e-01
9.388284417880830013e-01
9.370653948443788961e-01
9.356436814633702914e-01
9.346016590732348917e-01
9.339610779621069225e-01
9.337276580453801600e-01
9.339165720162161399e-01
9.341329814975362078e-01
9.344839864371722316e-01
9.352573597810266426e-01
9.364562868751673541e-01
9.380670217884946593e-01
9.400783408922759321e-01
9.424708458625363772e-01
9.452215141574061841e-01
9.482927707988138000e-01
9.516545435847185708e-01
9.552620493935396473e-01
9.590696507593432507e-01
9.630250101888131464e-01
9.670764458474336855e-01
9.711640358882058788e-01
9.752294238426491013e-01
9.792115878733370637e-01
9.830480782744666080e-01
9.866786410071219926e-01
9.900435909520052258e-01
9.930865360144548459e-01
9.931840572829720992e-01
9.926637890768321704e-01
9.921606487504526228e-01
9.916890375552708248e-01
9.912551084411523883e-01
9.908739303077723770e-01
9.905521247053894474e-01
9.902948180871751216e-01
9.901025286868273545e-01
9.899782948645108327e-01
9.893047425591195987e-01
9.853543249521482528e-01
9.810107629132301943e-01
9.763330287681926123e-01
9.713864464881959426e-01
9.662430654374748462e-01
9.609787332577507390e-01
9.556682302251565675e-01
9.503909682591800134e-01
9.452261131417785123e-01
9.402508766885494529e-01
9.355381769362407507e-01
9.311617357355425062e-01
9.271869606373127626e-01
9.236760680996721762e-01
9.206848589327811805e-01
9.182640700997061201e-01
9.164534533290346063e-01
9.152890921859571094e-01
9.147981092732853092e-01
9.149989573886926353e-01
9.154278675896124762e-01
9.158777983762488306e-01
9.170234584833025782e-01
9.188640469145371581e-01
9.213900679442335040e-01
9.245837442562697683e-01
9.284164482680465902e-01
9.328507621966163343e-01
9.378405954050971216e-01
9.433299405602388887e-01
9.492527100167278409e-01
9.555365718010593312e-01
9.620995907910033784e-01
9.688523778770825601e-01
9.756996825139189200e-01
9.825404671165117731e-01
9.892716559878068638e-01
9.946695061922042891e-01
9.917764976234971774e-01
9.876400630878369169e-01
9.840717546915195291e-01
9.811322967914675175e-01
9.788737857979786794e-01
9.773409188369811540e-01
9.765689320784018967e-01
9.765837989216771264e-01
9.774011417547379121e-01
9.783975107143169092e-01
9.797696561898049383e-01
9.819165003332914754e-01
9.848339157675248812e-01
9.862322602748136990e-01
9.862976353374235394e-01
9.864992544358924809e-01
9.867308501162934675e-01
9.784708551704420776e-01
9.698802584457953957e-01
9.610863771788500376e-01
9.522207559120065001e-01
9.434154886624825931e-01
9.348030864105548732e-01
9.265109664353209373e-01
9.186615415473923241e-01
9.113702402074888020e-01
9.047448179158720238e-01
8.988830867280631631e-01
8.938723702822534145e-01
8.897897528437442860e-01
8.867003678808696998e-01
8.846573445102697830e-01
8.837021525881194606e-01
8.838645771858435474e-01
8.845427840817234877e-01
8.852073415733066053e-01
8.868669004630320707e-01
8.896584321259876083e-01
8.935738093993264020e-01
8.985911870229275067e-01
9.046744084280105014e-01
9.117725123208924032e-01
9.198191582667490929e-01
9.287321882204633283e-01
9.384134992472477066e-01
9.487494689149655880e-01
9.594150351798467202e-01
9.655156624375442753e-01
9.715473398911947944e-01
9.825151745184810270e-01
9.919309699856739826e-01
9.828566291899126783e-01
9.744003653362351969e-01
9.666328810955822082e-01
9.597065464030246629e-01
9.536887087827045084e-01
9.487046112716603918e-01
9.448107636687186339e-01
9.421064805813230691e-01
9.406285884483982507e-01
9.404330350765490731e-01
9.415350305305469902e-01
9.431457279338414379e-01
9.452975380060244515e-01
9.486106152662936442e-01
9.531863929338547647e-01
9.589990373177709193e-01
9.660016147966576927e-01
9.741195243252638303e-01
9.807843504438841231e-01
9.815327495636798627e-01
9.767413311797928932e-01
9.620100467184247162e-01
9.472002324155763819e-01
9.325238869753192938e-01
9.182009141487590398e-01
9.044673487591836647e-01
8.915120059091447002e-01
8.795066167067242535e-01
8.686274127336797157e-01
8.590295006635673136e-01
8.508257757119942477e-01
8.441469378624747444e-01
8.390993471342615972e-01
8.357404105593695398e-01
8.341008867373563840e-01
8.341990223134025939e-01
8.350512826677882749e-01
8.359428625426078563e-01
8.379907364412808590e-01
8.418874043619249958e-01
8.476854661136772329e-01
8.553863493354411096e-01
8.648934285807675648e-01
8.760805079257274475e-01
8.888605953688919481e-01
9.031523306466511247e-01
9.188212741074899270e-01
9.357015354783959626e-01
9.536031379907045080e-01
9.722987256133088785e-01
9.836564801570363281e-01
9.679830795451433989e-01
9.530539855451177766e-01
9.390861384141766521e-01
9.262844437859365510e-01
9.148257243538544525e-01
9.048660551677233377e-01
8.965501559900533879e-01
8.900015409981685277e-01
8.853261257312003973e-01
8.826084767827550026e-01
8.819157912416430989e-01
8.832972229707932721e-01
8.857909381652298020e-01
8.891365858329248750e-01
8.941323117727919545e-01
9.011780508069217044e-01
9.102396814252518009e-01
9.212596556412070425e-01
9.341539148306180484e-01
9.488110462762591180e-01
9.650927690945071413e-01
9.731528073239129606e-01
9.645534874279569904e-01
9.397504039013808708e-01
9.153229258155460846e-01
8.916635109470691933e-01
8.691262137053670234e-01
8.480358065182590499e-01
8.286834849874120668e-01
8.114620596136620234e-01
7.970766137508157323e-01
7.859606567342547478e-01
7.778320338241782039e-01
7.721648267136522747e-01
7.690268215321303114e-01
7.676011927867354423e-01
7.664825541205949611e-01
7.662629283216711995e-01
7.672369474431386394e-01
7.677157023728878871e-01
7.687070618287241697e-01
7.715021225357705514e-01
7.764996543798309281e-01
7.839541698186989205e-01
7.945647789254466353e-01
8.091010717772267880e-01
8.282412447044554815e-01
8.514689087155025149e-01
8.765967064556768884e-01
9.036699832454069270e-01
9.327613999675602452e-01
9.635970691876220018e-01
9.562765249819967783e-01
9.305931216751859303e-01
9.062680243486888054e-01
8.836241584809277905e-01
8.629665541028045395e-01
8.445273505077736109e-01
8.285653152794235643e-01
8.153821771251497097e-01
8.053318502560655734e-01
7.985183603931989005e-01
7.946834406866757350e-01
7.935706016482145797e-01
7.950550530180997555e-01
7.981763279839635405e-01
8.020077599334514140e-01
8.083857588487648460e-01
8.178091167230897574e-01
8.306520366118663734e-01
8.471006740620810049e-01
8.669112951900270758e-01
8.896997568943627588e-01
9.153222888771921362e-01
9.435706276082893584e-01
9.589513079089092562e-01
9.229353891074302263e-01
8.825064952975025800e-01
8.438835930349916081e-01
8.076472065071120809e-01
7.747827778563861623e-01
7.491945831595736571e-01
7.330367598798814832e-01
7.220735266104936212e-01
7.132443966391958101e-01
7.059296928422772455e-01
7.001496054456238793e-01
6.959045005476036660e-01
6.926709152366838929e-01
6.913153371814145798e-01
6.916954771179324446e-01
6.935682646665282114e-01
6.939218154531612281e-01
6.958443783258899673e-01
6.994159385894413994e-01
7.047768328916410585e-01
7.121327747217059967e-01
7.217514440115538887e-01
7.342048864505859029e-01
7.516330270242220779e-01
7.792218230140539603e-01
8.217298729778076405e-01
8.692875210211232773e-01
9.182530934232584485e-01
9.177348190496134039e-01
8.763691632352184069e-01
8.376777308632995522e-01
8.021689656771829879e-01
7.709246698246362550e-01
7.484372502793288362e-01
7.348762649738028729e-01
7.257123725414512672e-01
7.189627580994881750e-01
7.140183001952083996e-01
7.107834128749686009e-01
7.093050739794326542e-01
7.096375692004921465e-01
7.118615524083760082e-01
7.134009092980407862e-01
7.162560209741243300e-01
7.214782913415339616e-01
7.295514199221996288e-01
7.412258860349351108e-01
7.579284698968680178e-01
7.825967662582937745e-01
8.162470987278506174e-01
8.562807362924711452e-01
9.022624958112223092e-01
8.931418924649890956e-01
8.268696891622395739e-01
7.650699336115438509e-01
7.107681449054609191e-01
6.837420270180109005e-01
6.722086936458114836e-01
6.587390346661848861e-01
6.459565358944112656e-01
6.351980041358258333e-01
6.264680737001299127e-01
6.203058853591952859e-01
6.162167141375080037e-01
6.139014664210793448e-01
6.131585593159295522e-01
6.138479997638428554e-01
6.158809661610882280e-01
6.166674894217342162e-01
6.175173427484932365e-01
6.195743062013039371e-01
6.229198432800916452e-01
6.276833998769562051e-01
6.340914880881460824e-01
6.425404735442787896e-01
6.536077621602710552e-01
6.685087829283400396e-01
6.886820274807796682e-01
7.208041196585911470e-01
7.918650434622497292e-01
8.564746244109326945e-01
7.944661244118247367e-01
7.371817556935724713e-01
6.970043293329802880e-01
6.846133816818591455e-01
6.750007143487958272e-01
6.653560992947397112e-01
6.569699354021616422e-01
6.501281205043690781e-01
6.448354959317351698e-01
6.410959867080099350e-01
6.389350392742119134e-01
6.383912627896968228e-01
6.395156793234347825e-01
6.410802035592185755e-01
6.411513158183813621e-01
6.429864546758603527e-01
6.467767977499769838e-01
6.528023411001713239e-01
6.614920855498657160e-01
6.735731163162477220e-01
6.906892084544508092e-01
7.112276764979652555e-01
7.307043803090190748e-01
7.818381865482303406e-01
7.544835142491889135e-01
6.576157991643337697e-01
6.133822010222518273e-01
6.084248192716581460e-01
5.899587738206150123e-01
5.740669099304905876e-01
5.590613681616003472e-01
5.481612840288105915e-01
5.404564211365486814e-01
5.353255673552795857e-01
5.323233734507585302e-01
5.311020465661274725e-01
5.313815452232414360e-01
5.329352402509299758e-01
5.355880274914451844e-01
5.375637087648971191e-01
5.374167537382052995e-01
5.380825557183372965e-01
5.396291643657983306e-01
5.421872837125213396e-01
5.459595976090509950e-01
5.512227812489124412e-01
5.583559422066902700e-01
5.677791893001978840e-01
5.798614049011895366e-01
5.959519924038949590e-01
6.193415964245264638e-01
6.656048958510468738e-01
6.800909911628578719e-01
6.139457218294123164e-01
6.070509155504807408e-01
6.028586763848713392e-01
5.967957690109866320e-01
5.921332131902665719e-01
5.892705514418438151e-01
5.836901545425612348e-01
5.764106459305037289e-01
5.698742121263499216e-01
5.656302668764064956e-01
5.636285689366115070e-01
5.634053816661895864e-01
5.642867831548261659e-01
5.644803195291524522e-01
5.661233379131815902e-01
5.668695326889320318e-01
5.686822623767738838e-01
5.724233735056282191e-01
5.782143245010705757e-01
5.861735964504640739e-01
5.966018167548293727e-01
6.072911522488340097e-01
6.157582981444874592e-01
6.281350208103704258e-01
6.471761365528907461e-01
5.562970030492463414e-01
4.956305341670348974e-01
5.457882733803853803e-01
5.343978735639769440e-01
5.082064830818355805e-01
4.898341986281745108e-01
4.803084016684961988e-01
4.738977937655448613e-01
4.603100709116646483e-01
4.601425475871861459e-01
4.572632040238513995e-01
4.553462319491164978e-01
4.539632236911099739e-01
4.531364038913594516e-01
4.481561907896735031e-01
4.494894275738474665e-01
4.522501447604456160e-01
4.568300762464849174e-01
4.577934958130400189e-01
4.606865599449042614e-01
4.594521589508451798e-01
4.589432853822436598e-01
4.583327507304698067e-01
4.585646344800964336e-01
4.592029554519801993e-01
4.613200086307107650e-01
4.649235479895649781e-01
4.709976221827685272e-01
4.798045118076320614e-01
4.926067726084474296e-01
5.102235747821832756e-01
5.562937557514970877e-01
5.753182490491546286e-01
5.709473965061080403e-01
5.203971611504564221e-01
5.449534822850898852e-01
5.382915156950139890e-01
5.313001554571182838e-01
5.222841201247941934e-01
5.162175474719296053e-01
5.102763678506077039e-01
5.062649855556440315e-01
5.028743136363740263e-01
5.005623321366829970e-01
4.940930234523308040e-01
4.963871429803264346e-01
4.955305524748139234e-01
4.940741196064608598e-01
4.942878304499737641e-01
4.856996276986025318e-01
4.851797690517933859e-01
4.853576130310882086e-01
4.858088528189860589e-01
4.836421845699969690e-01
4.833691217508863103e-01
4.840134967048700942e-01
4.877739274164742955e-01
4.921532213296032632e-01
4.997193483845650541e-01
5.018338797713035593e-01
5.066506274030730950e-01
5.147064089903031769e-01
5.269755305931234091e-01
5.253114757240724408e-01
5.452885652963981311e-01
5.528172555388419784e-01
5.273126881678635858e-01
5.086005727841933499e-01
4.915504480012622412e-01
4.755235351597657534e-01
4.604122151104557137e-01
4.471082998846703793e-01
4.345166538766502273e-01
4.223767433509232894e-01
4.182856699718780491e-01
4.087581989463235366e-01
4.020106034413539198e-01
4.017324214363813817e-01
3.949149441027110519e-01
3.914127968041441474e-01
3.896382804490341467e-01
3.883885381987847163e-01
3.883957432766190765e-01
3.832943945633792149e-01
3.866218188126587241e-01
3.931631925785158965e-01
3.981757784763407804e-01
4.048449710166843185e-01
4.064936070773899623e-01
4.047583067826194259e-01
4.051419871550171470e-01
4.025899694885520241e-01
4.015590349666965375e-01
3.991776684033108702e-01
3.987875634589738705e-01
3.992592077584422028e-01
4.028345871044646809e-01
4.091691864798947531e-01
4.344446989978574813e-01
4.415012993959619991e-01
4.502849746662533348e-01
4.451117964093588841e-01
4.844734077526758886e-01
4.998380994993372739e-01
5.181133103422222996e-01
5.414832643862107497e-01
5.340945714841596192e-01
5.271001443713518864e-01
5.199042138130318680e-01
5.017213368866978440e-01
4.991093217443129948e-01
4.814078189109379236e-01
4.794283258828931915e-01
4.741245125678703598e-01
4.687182782145364879e-01
4.547311976765112118e-01
4.462017458456936092e-01
4.402506529505538779e-01
4.356357016734709320e-01
4.324818882833900147e-01
4.342058931727333371e-01
4.299818068244332103e-01
4.282324704040513796e-01
4.274037093882811500e-01
4.270409355878643787e-01
4.268678433324331056e-01
4.260300003975380778e-01
4.267445800388825483e-01
4.271134855778308537e-01
4.264584020067158088e-01
4.269033895093118369e-01
4.255702706186026418e-01
4.237840793947883489e-01
4.223268752663089098e-01
4.206906405389407855e-01
4.195940586623391755e-01
4.196015386484239773e-01
4.214369873543590272e-01
4.257080663860309810e-01
4.322929599034578407e-01
4.403026829454705360e-01
4.555908889709522347e-01
4.611784233319897175e-01
4.659862435203754871e-01
4.718516653790240101e-01
4.787771113226967912e-01
4.889175060785274085e-01
4.935143768295588429e-01
4.708884795434796766e-01
4.651854080087292620e-01
4.553821345790606823e-01
4.454870607541701055e-01
4.363603513706394432e-01
4.276575869568476351e-01
4.121305103467430841e-01
4.040711811305691126e-01
3.967276897680722669e-01
3.896361158112846557e-01
3.833133309936745947e-01
3.773507501841590339e-01
3.655639008507893806e-01
3.622654367926434471e-01
3.584078229930415804e-01
3.485447250667152441e-01
3.424765124745766665e-01
3.393593083844198000e-01
3.363176376051509320e-01
3.371312193439444660e-01
3.373495261218117935e-01
3.404545209319009280e-01
3.434851355733150036e-01
3.475248943181073469e-01
3.490731582338525985e-01
3.589448829148746967e-01
3.684301315556907097e-01
3.742842870202298666e-01
3.752175288544722931e-01
3.799998883981430819e-01
3.796811908200508623e-01
3.813159765906328214e-01
3.776916956748491705e-01
3.749728942716411551e-01
3.693999881786702022e-01
3.659432540053483840e-01
3.629096831056593531e-01
3.630006843227909230e-01
3.776504797482221343e-01
3.797893199737841785e-01
3.830399695745131394e-01
3.878390955675553031e-01
3.937535842494260807e-01
4.016223200662845105e-01
4.187930876491646193e-01
4.245740360031151628e-01
4.228334287030237615e-01
4.361027914716896769e-01
4.525943681068943514e-01
4.450389211244548116e-01
4.378275843311871252e-01
4.201775170051929020e-01
4.158578469164729285e-01
4.090881858805235916e-01
4.025635910887577773e-01
3.963469103928936033e-01
3.910793348377699097e-01
3.857291608014413176e-01
3.813407055414874125e-01
3.773029953131895597e-01
3.735925997453034553e-01
3.705764375731792071e-01
3.677524737748070205e-01
3.653112887234731820e-01
3.632999870141567778e-01
3.613108838952761026e-01
3.598508446139219163e-01
3.583822077417148644e-01
3.572479143431991910e-01
3.531293210174284436e-01
3.518948625833566712e-01
3.531747016343252388e-01
3.514113966846773573e-01
3.511030632490720338e-01
3.504315814449650568e-01
3.507223089161012886e-01
3.513797436225483684e-01
3.501237567913101922e-01
3.494474830217488281e-01
3.491699772854628958e-01
3.490742776566959082e-01
3.490396145348935164e-01
3.493123154637539640e-01
3.505191550151293134e-01
3.534470534461183755e-01
3.589036647623007337e-01
3.673073999238436471e-01
3.817950745038489746e-01
3.866123078439367422e-01
4.044382928883126782e-01
4.139430617093998732e-01
4.238027741696273609e-01
4.289355062801790131e-01
4.375542632341420379e-01
4.252868690306468857e-01
4.131465385311826610e-01
4.019106621941857527e-01
3.908180891067740692e-01
3.850288171162005169e-01
3.797174419143167223e-01
3.745988677116574572e-01
3.653665910288840246e-01
3.587951530329122063e-01
3.537961302592477209e-01
3.487936949559951039e-01
3.440270185358059174e-01
3.392914597936561028e-01
3.347817285302516765e-01
3.303692932681082106e-01
3.213924551669993246e-01
3.168657239421853733e-01
3.116677667168951671e-01
3.075920609712000653e-01
3.035321635628275838e-01
3.001697583090062738e-01
2.971952293898804109e-01
2.947124234901463136e-01
2.927470339903846530e-01
2.859804146826906424e-01
2.897212934474621138e-01
2.887217028193251878e-01
2.855562517471305073e-01
2.884283401159431492e-01
2.907420654682443262e-01
2.894200477951244244e-01
2.981320796861190447e-01
3.014006683835780409e-01
3.116835495838516379e-01
3.133804026161347012e-01
3.215562934729705447e-01
3.206093400844923780e-01
3.208550259116519920e-01
3.245897319874477827e-01
3.286626724710728920e-01
3.339698062009050505e-01
3.305700876631016971e-01
3.287101040976350697e-01
3.250029061953066956e-01
3.193958870947767870e-01
3.141419146987337596e-01
3.096577904947963589e-01
3.087229448872993443e-01
3.227259127657974291e-01
3.265976131662923221e-01
3.314563704635743457e-01
3.382116793119457343e-01
3.456601360734198325e-01
3.630135424178974057e-01
3.682993942083241934e-01
3.656197614613555524e-01
3.784258624875012078e-01
4.019180923739028577e-01
4.103384360986186974e-01
4.054698222719138601e-01
3.989080229203370020e-01
3.825269801427941263e-01
3.798134884007768330e-01
3.740209451956142406e-01
3.690364543640884398e-01
3.556953832779571334e-01
3.491125340165202040e-01
3.447509896221294667e-01
3.482007511182106385e-01
3.414100653612566760e-01
3.405071820984795772e-01
3.443105074916742447e-01
3.409439943284314767e-01
3.418026819783597792e-01
3.429595715899514952e-01
3.420100677308273718e-01
3.393135459781104757e-01
3.381155279251336077e-01
3.362198549299558192e-01
3.366179157902485231e-01
3.406043613826620908e-01
3.468629676099356796e-01
3.451356643235481414e-01
3.435473206625595521e-01
3.417247778387100809e-01
3.394111033090221885e-01
3.365062117593051183e-01
3.338478149760722435e-01
3.323845279089888693e-01
3.337432364122028261e-01
3.384378914217922030e-01
3.494872864421459391e-01
3.559720475631343306e-01
3.636553188263952907e-01
3.701023902756284123e-01
3.909379655054312508e-01
4.012150718421619300e-01
4.065208056045154783e-01
3.909488059261491122e-01
3.835395964173552996e-01
3.754016398707148428e-01
3.668893410912869579e-01
3.523825360527871875e-01
3.437996797553953265e-01
3.370286226671916352e-01
3.297279532396948931e-01
3.233583694577989442e-01
3.169972925708182121e-01
3.111314927937933739e-01
3.055264752590660104e-01
3.001462292835637702e-01
2.951757628299258585e-01
2.903332075186068617e-01
2.858967043660552987e-01
2.815969871485106690e-01
2.777065246226116391e-01
2.740184768825809636e-01
2.708422243732613310e-01
2.678103941861137427e-01
2.653990949199016014e-01
2.630809101934712957e-01
2.613720766384103333e-01
2.598853138914414274e-01
2.588727438628918853e-01
2.581822368743332818e-01
2.578491870543428433e-01
2.578369810771664605e-01
2.581235539685516889e-01
2.560191126509950288e-01
2.580141883210826936e-01
2.610174837456624708e-01
2.643595381518057952e-01
2.681054537942650917e-01
2.717656912728292351e-01
2.755354013740399233e-01
2.785597261775568101e-01
2.822052634318063524e-01
2.857239486704071796e-01
2.883379683386483872e-01
2.892707187214501596e-01
2.887426684276676037e-01
2.868003796720108300e-01
2.842007648386599139e-01
2.818732841817625512e-01
2.813992725722791466e-01
2.840585593988085300e-01
2.907595629964976336e-01
3.136238024933401536e-01
3.205175264863785456e-01
3.149555861254355049e-01
3.563786112190156508e-01
3.531184200161341380e-01
3.679926124833118317e-01
3.745876503231927446e-01
3.729491554080724414e-01
3.720607732269910484e-01
3.689884951280719139e-01
3.689930933614378739e-01
3.717718458692930716e-01
3.734520994748178335e-01
3.738877081814021563e-01
3.687576725724025506e-01
3.734865392551689478e-01
3.687739375501701833e-01
3.746903990681093588e-01
3.697581795034535213e-01
3.603217013904176369e-01
3.463260771585404685e-01
3.410281757734478503e-01
3.367088461243852859e-01
3.286376964566930514e-01
3.214887680810428749e-01
3.167495821795235922e-01
3.102904402834547049e-01
3.085631706577991462e-01
3.073800859838404231e-01
3.066975528512190796e-01
3.095644579852712130e-01
3.144410353177480855e-01
3.201796756046780268e-01
3.258924032514007862e-01
3.310756927362769053e-01
3.356347300127335287e-01
3.408364475901491386e-01
3.470093726584851379e-01
3.497183274471363235e-01
3.423035956846651184e-01
3.490038591419529768e-01
3.474434704925224437e-01
3.293038198944859829e-01
3.493739695434862069e-01
3.551991857185817780e-01
3.617259358911850131e-01
3.641511560617340382e-01
3.635981658755934598e-01
3.635722487340516396e-01
3.570038353949146481e-01
3.481157065730361433e-01
3.396403767102200710e-01
3.221864213175985037e-01
3.157759620530030120e-01
3.090753756167959887e-01
3.020451088864513634e-01
2.956760506140536093e-01
2.892990413435213015e-01
2.830469536012725218e-01
2.725939523842271228e-01
2.661163842919618827e-01
2.619770510777332806e-01
2.571397996518446361e-01
2.533615909456856108e-01
2.495007587416747941e-01
2.460429912217275972e-01
2.428474949599127020e-01
2.352436459377394151e-01
2.352373149899538995e-01
2.322758275252026494e-01
2.312221126175080521e-01
2.294133535126902379e-01
2.285499379181349378e-01
2.277444539974530224e-01
2.272331172025534862e-01
2.243012004556584893e-01
2.268542040031684415e-01
2.280358575370272645e-01
2.261403468634692326e-01
2.303083375036951430e-01
2.300841261520750192e-01
2.328019346333568274e-01
2.363478672432005323e-01
2.394093274064320598e-01
2.428830627952838217e-01
2.458934085331257180e-01
2.466056618028298619e-01
2.483226800188545469e-01
2.492253796024752888e-01
2.500802675678072684e-01
2.508347920129682662e-01
2.509605756581083091e-01
2.501586681778289467e-01
2.489575655719359071e-01
2.479632344413008616e-01
2.488732991473949496e-01
2.610820855160361775e-01
2.553555184658853894e-01
2.721280350360494316e-01
2.765783103239350948e-01
2.820463417857339006e-01
2.883892893516734057e-01
3.003773447218385795e-01
3.039827982003337481e-01
3.086739699767613310e-01
3.087050141887073829e-01
3.241370361392214017e-01
3.256089970527711319e-01
3.339841277680630216e-01
3.344802603439593347e-01
3.335259440219288662e-01
3.325539881230367145e-01
3.320952836118802320e-01
3.311495187163643883e-01
3.310575104054038764e-01
3.303798757215721804e-01
3.304716219763925156e-01
3.302139483013159516e-01
3.303679025242929335e-01
3.306078121769565614e-01
3.308915827485874317e-01
3.314493944859558949e-01
3.258490494982274610e-01
3.190023516513563195e-01
3.142133023525606750e-01
3.088891689102181703e-01
3.010536439419921884e-01
2.935285697255879400e-01
2.867341830872018882e-01
2.822399127208051195e-01
2.777860584357209062e-01
2.748563543819785848e-01
2.732591650975066955e-01
2.725877657160268863e-01
2.728312734871944922e-01
2.733848609580926126e-01
2.765269334919253641e-01
2.801816843129040779e-01
2.839740545426569507e-01
2.884076783696885027e-01
2.934165592710367143e-01
2.992699916724089193e-01
3.063972374565958612e-01
3.158745059541377964e-01
3.226355088096327095e-01
3.159827547600913000e-01
3.137894265839083485e-01
3.254495345535009521e-01
3.256050640586042877e-01
3.248739767546918733e-01
3.141220620417556897e-01
3.097618734159533482e-01
3.022987903827663025e-01
2.867711490761799542e-01
2.743592066156891884e-01
2.671024275488549371e-01
2.609837633433459980e-01
2.548466592378842432e-01
2.487224888507321152e-01
2.428312389409385263e-01
2.373052924715581269e-01
2.320894543104296270e-01
2.272200501723390109e-01
2.227274789540681088e-01
2.185564922451352643e-01
2.148130796173269019e-01
2.114017766576687940e-01
2.083955751134896062e-01
2.057515537197608380e-01
2.034931664025404208e-01
2.015447001215414369e-01
1.999970477023329807e-01
1.986751293193025625e-01
1.977116843975440796e-01
1.969707315333821263e-01
1.964944963475432071e-01
1.962533636727767650e-01
1.962285627727737292e-01
1.964261046331347293e-01
1.968197432238520117e-01
1.974134169375479364e-01
1.981697170411727826e-01
1.991130239821780612e-01
1.985948928987983642e-01
2.008022267346337431e-01
2.042905282527165134e-01
2.068142724125588416e-01
2.097874152713113394e-01
2.155371835639725286e-01
2.180131464321410917e-01
2.178674666784805314e-01
2.186506308879516969e-01
2.194088153951507802e-01
2.201016203528677606e-01
2.205849238704865878e-01
2.205328127930676341e-01
2.195747010618740447e-01
2.180652100239361124e-01
2.161259521559983632e-01
2.148358180668434592e-01
2.207468771698581633e-01
2.152603045431201734e-01
2.235753978790336050e-01
2.251196208960024037e-01
2.274240898925829757e-01
2.329937920567108911e-01
2.342837580631617900e-01
2.360979120047337343e-01
2.379406667625081628e-01
2.400295738099108012e-01
2.421595441356324541e-01
2.446360647812429734e-01
2.471831912906120310e-01
2.467073238782296618e-01
2.530535081690393762e-01
2.636395915869148010e-01
2.672059150509172865e-01
2.712963625367966203e-01
2.755715139390542134e-01
2.795060597622468501e-01
2.829201797643059457e-01
2.856269852977582624e-01
2.867525135912245005e-01
2.826228079207423471e-01
2.792000876241127472e-01
2.763267728208551044e-01
2.741142053172079818e-01
2.724205466049349211e-01
2.686436000359048726e-01
2.644803024462342167e-01
2.605645420888262342e-01
2.569207702468798704e-01
2.535407016548812398e-01
2.493497135654673957e-01
2.444631608067930340e-01
2.399886548509332640e-01
2.359692733319622149e-01
2.323160077606735985e-01
2.279965396341768757e-01
2.234484426711295657e-01
2.211007071901187615e-01
2.185885430193459933e-01
2.159577419595834769e-01
2.144517920927739019e-01
2.129099296865933078e-01
2.121976526685225295e-01
2.116543454659970125e-01
2.133738542109125946e-01
2.168794490426688981e-01
2.216787553910908315e-01
2.274378927179318832e-01
2.343187511032229497e-01
2.430173661239688199e-01
2.548370995132881456e-01
2.649577795475771547e-01
2.796304845888655799e-01
2.845035308449430644e-01
2.908082116401973227e-01
2.955747078306707465e-01
2.941527409209321875e-01
2.862131860993053500e-01
2.840577738076237035e-01
2.777252329570363831e-01
2.644796341707811860e-01
2.584980221062389560e-01
2.477330066197672986e-01
2.398783318081320060e-01
2.341193136628635374e-01
2.281817346910715860e-01
2.223492178031196143e-01
2.139222407797599645e-01
2.061119107778130177e-01
1.983501392368486882e-01
1.926393933986042806e-01
1.883142025253816965e-01
1.849561568278997314e-01
1.815151973850525624e-01
1.761839923583617684e-01
1.735094533404423489e-01
1.711693305801900433e-01
1.696236016694108173e-01
1.680055830230529623e-01
1.668985023751073660e-01
1.658790518722443874e-01
1.652456348265491370e-01
1.647329795480156622e-01
1.645490436459322858e-01
1.630863196721646091e-01
1.644892332894180853e-01
1.656287009229973628e-01
1.659827906681214382e-01
1.669922694699200738e-01
1.667377360184935375e-01
1.696252325038344888e-01
1.704887717885601450e-01
1.734916460025124341e-01
1.746912747842636338e-01
1.771445708771831884e-01
1.800991711671007245e-01
1.826156435525660982e-01
1.854126296576864286e-01
1.864780203514466994e-01
1.874862787761792104e-01
1.883022012679068380e-01
1.887108287657438266e-01
1.888377297498615159e-01
1.883105859464522802e-01
1.867519280256913772e-01
1.839519963270196123e-01
1.798342758777666528e-01
1.752543540783159104e-01
1.747768728154941997e-01
1.730759199854306207e-01
1.720459764913212786e-01
1.716618105516358739e-01
1.717343241490392469e-01
1.724641404365649111e-01
1.749617493860302908e-01
1.758301273007229770e-01
1.769002300291624696e-01
1.781360620788988436e-01
1.781134912725445829e-01
1.825230198415803973e-01
1.834593183360756219e-01
1.840427295368864680e-01
1.831715353427491866e-01
1.801269270474858408e-01
1.744204001921872693e-01
1.670554995340733373e-01
1.596402984240632705e-01
1.525915153623257636e-01
1.463948932771179934e-01
1.400408554203126377e-01
1.312777831581137811e-01
1.305379985264199239e-01
1.288329558038832645e-01
1.277392799609048391e-01
1.268380825241354204e-01
1.263532611930769101e-01
1.261917064716162051e-01
1.261497166095473244e-01
1.263806404165624120e-01
1.267371291665518318e-01
1.271670532011843768e-01
1.270804701889512445e-01
1.276735317521456858e-01
1.283194779890585724e-01
1.286419373813815492e-01
1.297915989847640006e-01
1.318329632738949597e-01
1.321648051327039830e-01
1.325569022095907379e-01
1.342511479492837501e-01
1.353275737839576554e-01
1.363826229800471634e-01
1.362674100202514171e-01
1.355918028959193500e-01
1.365969080195475194e-01
1.357680548568811207e-01
1.367162267062884407e-01
1.379711430262381966e-01
1.391226230198340241e-01
1.400397006451554738e-01
1.405979558356551251e-01
1.415349438749179956e-01
1.497958148567082315e-01
1.551829619928693227e-01
1.571035070064970562e-01
1.570504353549476706e-01
1.673587281422641848e-01
1.685301328086300787e-01
1.831682109876958120e-01
1.897497488873271243e-01
1.948510619874551653e-01
2.157529373560394537e-01
2.236138964913421123e-01
2.261908533732374105e-01
2.266977972536561303e-01
2.183570104664099010e-01
2.105513815498728514e-01
2.029983912389989320e-01
1.979263002843000552e-01
1.949233903377840804e-01
1.902222127345229719e-01
1.848244237449228333e-01
1.816466945973688740e-01
1.795910247730975184e-01
1.776181841247471693e-01
1.740852298992301150e-01
1.726001810799153713e-01
1.711426429213899758e-01
1.700387800992949339e-01
1.689975285860239040e-01
1.666581462572137573e-01
1.676591326728018583e-01
1.671074459477299157e-01
1.658697470924920259e-01
1.663486208640933273e-01
1.654020359819920183e-01
1.651692413920241853e-01
1.653623657274876646e-01
1.655691523482528404e-01
1.661660331855142336e-01
1.667391156368891458e-01
1.676287730741027326e-01
1.685958570969141035e-01
1.697036693924047490e-01
1.709394491665290894e-01
1.707829031629596039e-01
1.733045111502982683e-01
1.778003564955254745e-01
1.785213167505469434e-01
1.813425823617228760e-01
1.846055607551362332e-01
1.868762517915397436e-01
1.907704199602283379e-01
1.915673280733552752e-01
1.913419117531756641e-01
1.913461141664657694e-01
1.903214643188834987e-01
1.889566211488020453e-01
1.867979478751452260e-01
1.840150308653360212e-01
1.799929277674470196e-01
1.746626873428455684e-01
1.678273127452221680e-01
1.603428911397724033e-01
1.560537907000330848e-01
1.531856331051735520e-01
1.512382050154082447e-01
1.501171009427379743e-01
1.499401021592464689e-01
1.516562901977553668e-01
1.526155091533193120e-01
1.538277673468294859e-01
1.553877348904155742e-01
1.571963094895398871e-01
1.592301659281780135e-01
1.614086020446433012e-01
1.636271524135920752e-01
1.659046385702602489e-01
1.683217611569349514e-01
1.709756016069400586e-01
1.725516285005587735e-01
1.797183652604033843e-01
1.842222724393504651e-01
1.882654744217589216e-01
1.906560414524411939e-01
2.000866139714542191e-01
2.067062397093770987e-01
2.086806046848605212e-01
2.147505709622129777e-01
2.165617039045392433e-01
2.214576453508689813e-01
2.242716441615401346e-01
2.385029424684172727e-01
2.409120707379305559e-01
2.411774045240966946e-01
2.405233922149320747e-01
2.382231306963892015e-01
2.358687467953417827e-01
2.325373041263561757e-01
2.316999640096283619e-01
2.311889768197968320e-01
2.279501747811116807e-01
2.252095487682000130e-01
2.227733363744740236e-01
2.197918959360729008e-01
2.169411065057896271e-01
2.156411010199252021e-01
2.151234822602970942e-01
2.165978960340494142e-01
2.178207980418727097e-01
2.214733858404368261e-01
2.266671414865932543e-01
2.325542473132397037e-01
2.348393427843059045e-01
2.339112031171661499e-01
2.324983693186423450e-01
2.305749060438799514e-01
2.279150159486473537e-01
2.250606032100577747e-01
2.234757934516835021e-01
2.218715764161144910e-01
2.203011154455337961e-01
2.181157419605412040e-01
2.092858170615820024e-01
2.081252254967391468e-01
2.073046699495529610e-01
2.052933189304055328e-01
2.080016531958413795e-01
2.093874864382360979e-01
2.101820034569400475e-01
2.082325441890220397e-01
2.063640722347432344e-01
2.047661572580555533e-01
2.033984801199597292e-01
2.023627703578531611e-01
2.015791947040464493e-01
2.010194874895918082e-01
2.007007699008588886e-01
2.005872596641604111e-01
2.006677415261754194e-01
2.010316964991200883e-01
2.015427087731701539e-01
2.023484170474616206e-01
2.033079462984188901e-01
2.044877391202529482e-01
2.058849064001133100e-01
2.095876319515049269e-01
2.082339682529875668e-01
2.099422099984945833e-01
2.118190244669644062e-01
2.139269918831317729e-01
2.157099303927646483e-01
2.177959555502677336e-01
2.106879528963731818e-01
2.042506104389155697e-01
1.983741343354169795e-01
1.931020514719454795e-01
1.875027005389581503e-01
1.807166746956109238e-01
1.768531113423211509e-01
1.738462897874649971e-01
1.715319956245649757e-01
1.692596068596954884e-01
1.682000743883697857e-01
1.680501666584795495e-01
1.690441936031127357e-01
1.705607821709124450e-01
1.727096672678163358e-01
1.764361677771486003e-01
1.824333188712870535e-01
1.891771998135405586e-01
1.969119334292050993e-01
2.059894993663926033e-01
2.175311223276577277e-01
2.318779498038558429e-01
2.250205620456662003e-01
2.132916553405571070e-01
2.000612602862343603e-01
1.862741516936839148e-01
1.775725143941072892e-01
1.732701432986291090e-01
1.715178157563040928e-01
1.707566993684080381e-01
1.703296061155717689e-01
1.690288045201508160e-01
1.709967728544551091e-01
1.720189781911523885e-01
1.731118440212379705e-01
1.743898764831765813e-01
1.740759481388319541e-01
1.776002439948117795e-01
1.786355816489521575e-01
1.772584326037538738e-01
1.779562071194812634e-01
1.780101543257011920e-01
1.768724142537161370e-01
1.757167995236493530e-01
1.745708205615338349e-01
1.734240797031665893e-01
1.726393137890379625e-01
1.722123898145048737e-01
1.720897419758799507e-01
1.725361282626508841e-01
1.734067820154075457e-01
1.757777199167414039e-01
1.769246103736719922e-01
1.781191704791061925e-01
1.791646796522683716e-01
1.771356325224644757e-01
1.748014510226377771e-01
1.728879936133735362e-01
1.708767444320110351e-01
1.687393119972627198e-01
1.644713036150114993e-01
1.597145057470974461e-01
1.547511738217262900e-01
1.521226069955270432e-01
1.471821892192782533e-01
1.446146294121258558e-01
1.398768653025903030e-01
1.353713719718705188e-01
1.313129332086781786e-01
1.258004228274173242e-01
1.225557547593171814e-01
1.195696610092103346e-01
1.207343816320473884e-01
1.250793425405811177e-01
1.280680040215789739e-01
1.348784056786024588e-01
1.426683950175761384e-01
1.514595006611000882e-01
1.615304804756729495e-01
1.730550278030260347e-01
1.824398026427341557e-01
1.771096817164491410e-01
1.710857122606075365e-01
1.680058444920883021e-01
1.629854160042201461e-01
1.637856880683335181e-01
1.659596608413831109e-01
1.678835256815686683e-01
1.690226093135519803e-01
1.703962266840922668e-01
1.662605522434847383e-01
1.635578922541220948e-01
1.623672601139643790e-01
1.612513666482373320e-01
1.591893488070295903e-01
1.582895715428948302e-01
1.574497171089535297e-01
1.566646035419836103e-01
1.559285580530127002e-01
1.552359359923026205e-01
1.545836033395941722e-01
1.539668377474647798e-01
1.533813598015273116e-01
1.528248312270504561e-01
1.522939504054355853e-01
1.517858185793488912e-01
1.512986932445614385e-01
1.508301860657881022e-01
1.503788098029645026e-01
1.499430383601149941e-01
1.495216327751766605e-01
1.491135854530387383e-01
1.487168696993961536e-01
1.482093664552296131e-01
1.479597510972687213e-01
1.474818381108542742e-01
1.472481634352335311e-01
1.470195175148192313e-01
1.467953339870688156e-01
1.465755462613834159e-01
1.463604963425816918e-01
1.461478883454921662e-01
1.457417473812485931e-01
1.453561035529713774e-01
1.451682612464043065e-01
1.449837418496171260e-01
1.446383602553089065e-01
1.444689613304348808e-01
1.441547653347989011e-01
1.438635295956751659e-01
1.435981819225097544e-01
1.433620638322929686e-01
1.432494950899623198e-01
1.430555699602248099e-01
1.429285199286472186e-01
1.428153523366572919e-01
1.426585526265392312e-01
1.426069026113936655e-01
1.425714173755964209e-01
1.425687387177937415e-01
1.426495280959281520e-01
1.428143313364776401e-01
1.430642481328728566e-01
1.433992024504963103e-01
1.438187406877736996e-01
1.443178101936208046e-01
1.453185044861973474e-01
1.473490232201635497e-01
1.499046078812755201e-01
1.529799130116047123e-01
1.566124791878537592e-01
1.608661598865783193e-01
1.657451941611124413e-01
1.710183718757827820e-01
1.766073165811442858e-01
1.839817692898893797e-01
1.905475552559190155e-01
1.875754622648639069e-01
1.850009439883617268e-01
1.773169396083827953e-01
1.722787773798899469e-01
1.670877345169313188e-01
1.617543316680016274e-01
1.563390110468925454e-01
1.449419519602624662e-01
1.331595188754082781e-01
1.273127138476497500e-01
1.149972386471003610e-01
1.090147791047536008e-01
1.029194685820291055e-01
9.683541650652288668e-02
9.081485631463413755e-02
7.871222343076228478e-02
7.309945095641326440e-02
7.038851131431383967e-02
6.765334800720226860e-02
6.221173994566563809e-02
5.964760578050860157e-02
5.458836488296734540e-02
5.220547281212919999e-02
4.754706751029444400e-02
4.323545856187698683e-02
3.918739010314153948e-02
3.544324158852399376e-02
3.197380361785222280e-02
3.017186481617768756e-02
2.720948289644644150e-02
2.425357759679335617e-02
2.144342070438109982e-02
1.670911975242097766e-02
1.405451374803473250e-02
1.218187152254915882e-02
1.034451253054754355e-02
7.223206418055244313e-03
3.799031983599438465e-03
4.187853003668806423e-04
1.980105146697074339e-02
1.676175670285657421e-02
1.406618155904020527e-02
1.100939436714984572e-02
8.014225814204342657e-03
3.160164895756680230e-03
-4.997861121897939803e-03
-2.976461763763345661e-02
-3.329778963312049478e-02
-3.081431806941409973e-02
-3.061915411017184299e-02
-3.049558010619866921e-02
-3.046117489469434003e-02
-3.042180975543581564e-02
-3.037871852324091140e-02
