0.000000000000000000e+00
-4.151440279377214676e-10
-1.719610890166897807e-09
-3.986557967453982523e-09
-8.204461277320768956e-09
-1.579086063829049577e-08
-2.730630573296858990e-08
-4.379936225572627804e-08
-6.698038508030604415e-08
-9.744892355128024984e-08
-1.351679837758889040e-07
-1.811255109645603827e-07
-2.369855826582810197e-07
-3.042015903863800427e-07
-3.835809121889903854e-07
-4.758838951208593108e-07
-5.836250683264935033e-07
-7.102255401564072761e-07
-8.575632197548068762e-07
-1.028075988074614163e-06
-1.226581433781123751e-06
-1.456516185934899169e-06
-1.720139252432384838e-06
-2.022475406580226939e-06
-2.368137261818739286e-06
-2.759278699831099319e-06
-3.200557828852259799e-06
-3.697661829354612146e-06
-4.253371981250555432e-06
-4.871790417216175469e-06
-5.558531032235338929e-06
-6.316351444474266281e-06
-7.148505869679962735e-06
-8.060617460763223036e-06
-9.056153024333113134e-06
-1.013734049036494715e-05
-1.130834243344082801e-05
-1.257298912905450022e-05
-1.393390724197334845e-05
-1.539475614169169177e-05
-1.695932855266842399e-05
-1.863032216085174677e-05
-2.041113809074015858e-05
-2.230535502190512091e-05
-2.431502036871517142e-05
-2.644245984757185081e-05
-2.869039732338961771e-05
-3.105989103936436469e-05
-3.355192291359950467e-05
-3.616829697225375099e-05
-3.890917169698277921e-05
-4.177360894171016118e-05
-4.476160039066010812e-05
-4.787242740775402375e-05
-5.110391042216319053e-05
-5.445433871978149555e-05
-5.792159756417013293e-05
-6.150194012946764857e-05
-6.519204562929878290e-05
-6.898897458484525057e-05
-7.288821934825957815e-05
-7.688513618293986386e-05
-8.097603535781211536e-05
-8.515626365064796741e-05
-8.942038162721554085e-05
-9.376366133683386428e-05
-9.818088293839456933e-05
-1.026658803705018209e-04
-1.072129616737328098e-04
-1.118163459377116920e-04
-1.164695014855978523e-04
-1.211661382681932664e-04
-1.258998578312423011e-04
-1.306636295694134397e-04
-1.354508643602424104e-04
-1.402551752036072016e-04
-1.450694490932753745e-04
-1.498867802451525394e-04
-1.547007842301398859e-04
-1.595047675837836531e-04
-1.642923214167414398e-04
-1.690577742896790219e-04
-1.737954546818097526e-04
-1.785001007712453541e-04
-1.831674989943116129e-04
-1.877936231220722065e-04
-1.923745114318492478e-04
-1.969071786964770123e-04
-2.013891665466725908e-04
-2.058180207881926465e-04
-2.101921345262139492e-04
-2.145107114513995880e-04
-2.187729927648486528e-04
-2.229788207194295430e-04
-2.271289668584153493e-04
-2.312243569919926424e-04
-2.352662513632117463e-04
-2.392566293673144772e-04
-2.431974768146697612e-04
-2.470907748340583454e-04
-2.509390406563161949e-04
-2.547447534873811576e-04
-2.585100688741648789e-04
-2.622374072457841500e-04
-2.659290818902712377e-04
-2.695867045995077984e-04
-2.732115728196039079e-04
-2.768044077394638436e-04
-2.803645422637795212e-04
-2.838902067215368281e-04
-2.873786184346626099e-04
-2.908251675661458900e-04
-2.942234976870232444e-04
-2.975658815130191701e-04
-3.008426200531568806e-04
-3.040420000223194676e-04
-3.071508750945178574e-04
-3.101542774147742973e-04
-3.130351690353337722e-04
-3.157751923363663615e-04
-3.183547866396065030e-04
-3.207529243402883331e-04
-3.229478391225620946e-04
-3.249176292683003697e-04
-3.266401886318191523e-04
-3.280937294718666510e-04
-3.292573948598983137e-04
-3.301110784961166817e-04
-3.306354850115946018e-04
-3.308124359674634546e-04
-3.306243694760779991e-04
-3.300537604546083747e-04
-3.290829617122459903e-04
-3.276934062805067363e-04
-3.258644163303191601e-04
-3.235725327285586387e-04
-3.207906811168020618e-04
-3.174869824796756478e-04
-3.136241348080285956e-04
-3.091590889185282334e-04
-3.040426922742267947e-04
-2.982200964579791104e-04
-2.916317191147548178e-04
-2.842140783434882992e-04
-2.759011187840195128e-04
-2.666261062414384490e-04
-2.563231393493008484e-04
-2.449284599633590100e-04
-2.323820092202117781e-04
-2.186286189833977760e-04
-2.036188225371969650e-04
-1.873097871107418783e-04
-1.696659454537165332e-04
-1.506592251330573335e-04
-1.302694650762292598e-04
-1.084846978283236362e-04
-8.530091379441212724e-05
-6.072189619201269386e-05
-3.475919085791520999e-05
-7.431789231684861020e-06
2.123408772930458497e-05
5.120485832258074121e-05
8.243942485511383247e-05
1.148887776049044328e-04
1.484952256738923952e-04
1.831917590138155863e-04
2.189015226404739188e-04
2.555371866349225940e-04
2.930007014172602317e-04
3.311836002918939147e-04
3.699674461756702662e-04
4.092245391837994665e-04
4.488190281239374103e-04
4.886080588594208856e-04
5.284429937922683739e-04
5.681709219832984130e-04
6.076361598000543139e-04
6.466817563253101850e-04
6.851514021554839899e-04
7.228915222122557797e-04
7.597532705538404549e-04
7.955946667443248438e-04
8.302827467626342633e-04
8.636953234889098571e-04
8.957224458606172527e-04
9.262675828294713578e-04
9.552482961467934075e-04
9.825966127706136245e-04
1.008259367899976390e-03
1.032198396778783453e-03
1.054390699739738476e-03
1.074828843921664433e-03
1.093521406674110045e-03
1.102249808481149890e-03
1.118387476071027852e-03
1.132874051450154327e-03
1.145750641606090373e-03
1.151646959637953613e-03
1.162313292167689452e-03
1.171635703713148164e-03
1.179700583773142129e-03
1.186679872092075150e-03
1.192692660748381327e-03
1.197907699564036916e-03
1.202482948636463380e-03
1.206605134716333492e-03
1.210438502809432857e-03
1.214153000533913125e-03
1.217936415687766952e-03
1.221984973659056770e-03
1.226464921318480951e-03
1.231521201115366509e-03
1.237312566725829637e-03
1.243983427602252155e-03
1.251652284646796601e-03
1.260431766558525431e-03
1.270425713367451422e-03
1.281686835670473121e-03
1.294260344684318616e-03
1.308187146985592469e-03
1.323472936785015028e-03
1.340070035621513398e-03
1.357925471152036717e-03
1.376969416770812546e-03
1.397107272900834606e-03
1.418211963638922948e-03
1.440137680187731847e-03
1.462717355571052516e-03
1.485751131915859094e-03
1.509021226553660094e-03
1.532295590990785314e-03
1.555314401007095934e-03
1.577780971591766657e-03
1.599397980717778269e-03
1.619869503812675516e-03
1.638898516961040776e-03
1.656187280567523578e-03
1.671459696481160427e-03
1.684463688228725288e-03
1.694973043326515562e-03
1.702791897596131910e-03
1.707768510501692268e-03
1.709779894233474842e-03
1.708735514336570151e-03
1.704605186903981103e-03
1.697423354727521216e-03
1.687249334153902505e-03
1.674192418634972085e-03
1.658429946770446006e-03
1.640173267878522727e-03
1.619661605164914161e-03
1.597189311659430195e-03
1.573067484771007449e-03
1.547607623703928237e-03
1.521148668900231806e-03
1.494047787038553119e-03
1.466659486773452207e-03
1.439342756479678517e-03
1.412465901617256884e-03
1.386396057231398683e-03
1.361499734184904234e-03
1.338138861445701449e-03
1.316660321702724018e-03
1.297384861799794021e-03
1.280612554691023782e-03
1.266616871373547459e-03
1.255639143344125432e-03
1.247883398015797816e-03
1.243512311648906337e-03
1.242645786310506845e-03
1.245366322166703609e-03
1.251708969780708459e-03
1.261651833459939221e-03
1.275119138236951088e-03
1.291976960743830430e-03
1.312025972315425957e-03
1.335007753536777931e-03
1.360614345511719937e-03
1.388480551004015948e-03
1.418191624411382478e-03
1.449307899960770776e-03
1.481368667367917707e-03
1.513886074028646805e-03
1.546364631796632097e-03
1.578308902679485901e-03
1.609219507346936438e-03
1.638606783366552098e-03
1.666003345810777685e-03
1.690957462527216057e-03
1.713042914117294353e-03
1.731876322979329511e-03
1.747120999539547928e-03
1.758488845137864314e-03
1.765749606435687308e-03
1.768730719482974542e-03
1.767316739889866501e-03
1.761452717955703292e-03
1.751141841584972830e-03
1.736443231000924176e-03
1.717472701720630006e-03
1.694403443185979593e-03
1.667468817619965080e-03
1.636967067399828363e-03
1.603256403943563446e-03
1.566750780838155853e-03
1.527919360782923697e-03
1.487282941839034641e-03
1.445402463520413820e-03
1.402869987434807045e-03
1.360301097923467904e-03
1.318323732319524183e-03
1.277568268618806211e-03
1.238664826002965243e-03
1.202233331428270279e-03
1.168870656009031624e-03
1.139143674190934864e-03
1.113583002697731382e-03
1.092667715748003041e-03
1.076815145381567742e-03
1.066372559588786226e-03
1.061606187321339307e-03
1.062694452257253227e-03
1.069728703485098992e-03
1.082711276275901769e-03
1.101553374327846405e-03
1.126078605808474541e-03
1.156027253047564032e-03
1.191059688018576094e-03
1.230760885816084343e-03
1.274642945706574776e-03
1.322147353624900925e-03
1.372652746101849170e-03
1.425481779887735915e-03
1.479907982596450310e-03
1.535167958879111571e-03
1.590472731185705842e-03
1.645017489076475853e-03
1.697996503392514315e-03
1.748616293081000153e-03
1.796102928931805117e-03
1.839711170185330188e-03
1.878736187549821584e-03
1.896420971311116614e-03
1.927353554884160243e-03
1.952169260183069443e-03
1.970371084645193040e-03
1.976954867193049959e-03
1.984498017552623322e-03
1.984583652952605012e-03
1.977041197808629414e-03
1.961831046022630837e-03
1.939020524304882562e-03
1.908798648826769617e-03
1.871469674891408121e-03
1.827449624099505886e-03
1.777260074755689393e-03
1.721509813309616676e-03
1.660922782817502233e-03
1.596298277700923789e-03
1.528508271842218044e-03
1.458489939342483234e-03
1.387243281139097055e-03
1.315804678852689185e-03
1.245227341954145131e-03
1.176579876026427910e-03
1.110917683415819273e-03
1.049269655636607314e-03
9.926150490314987734e-04
9.418838569171166051e-04
8.979330459715359957e-04
8.615248205196040978e-04
8.333303398206218021e-04
8.139225462666881518e-04
8.037593606084566427e-04
8.031692831873368148e-04
8.123548164760727814e-04
8.313803943703465451e-04
8.601590440945595896e-04
8.984664771164677533e-04
9.459287993145887611e-04
1.002030526233586112e-03
1.066113079874457135e-03
1.137396786930037129e-03
1.214974693851414217e-03
1.297837042033189682e-03
1.384872403641539997e-03
1.474886474091872219e-03
1.566619014580109036e-03
1.658756298237439898e-03
1.749944081177856560e-03
1.838817869594402748e-03
1.924015339936931092e-03
2.004189471450415570e-03
2.078046296793156951e-03
2.144372486432591547e-03
2.202030270498984976e-03
2.249990647019759708e-03
2.287360210396484524e-03
2.313381152346655895e-03
2.327441493137423229e-03
2.329105210989589232e-03
2.318106548357444421e-03
2.294349869441901502e-03
2.257934875981359134e-03
2.209151143151059492e-03
2.148469917618754492e-03
2.076548579853503863e-03
1.994230931702279178e-03
1.902525152445971174e-03
1.802598346322278455e-03
1.695764890093806598e-03
1.583461994405189468e-03
1.467227734435951926e-03
1.348689733481410946e-03
1.229540539072283226e-03
1.111513005643966802e-03
9.963600825174719761e-04
8.858299949776666420e-04
7.816362814314505676e-04
6.854405985494991865e-04
5.988224279392637172e-04
5.232495715640489561e-04
4.600559404790048536e-04
4.104231555544393217e-04
3.753531079984160192e-04
3.556506687215072035e-04
3.519135271274060998e-04
3.645142175430740768e-04
3.935902666034971228e-04
4.390440381917082389e-04
5.005378486592604965e-04
5.774868499784450429e-04
6.690678490976666041e-04
7.742260039704584396e-04
8.916790046156721416e-04
1.019936476666874307e-03
1.157320018587498171e-03
1.301979030233130436e-03
1.451917160407532143e-03
1.605024797542936241e-03
1.759104675971037224e-03
1.911901560460890076e-03
2.061138724340644442e-03
2.204547078688009077e-03
2.339898981362329485e-03
2.465043117368083229e-03
2.577935549005597876e-03
2.676669598694692356e-03
2.759510811464624402e-03
2.824924690242421304e-03
2.871601984456491688e-03
2.898486558676538222e-03
2.904794647136359296e-03
2.890028748613026385e-03
2.853991373729456837e-03
2.796794896361829829e-03
2.718862345910215243e-03
2.620927706325692705e-03
2.504032987665814804e-03
2.369517430288464819e-03
2.219004623351924881e-03
2.054387485159060028e-03
1.877805635582907671e-03
1.691617817635929525e-03
1.498373551029538947e-03
1.300780387025154625e-03
1.101664405742803100e-03
9.039310222380406894e-04
7.105235195302898963e-04
5.243794202884976370e-04
3.483860934895862522e-04
1.853393604132570142e-04
3.790033862813721536e-05
-9.144711161213719649e-05
-2.004358685824934741e-04
-2.870535051736632136e-04
-3.495778374456760687e-04
-3.866079173589189919e-04
-3.970911260602200663e-04
-3.803476965061657403e-04
-3.360868503724420936e-04
-2.644175005481866933e-04
-1.658553594056683838e-04
-4.132253889607302440e-05
1.078596094074737012e-04
2.799813403850841069e-04
4.729623624878006292e-04
6.843761819577947464e-04
9.114769622344656491e-04
1.151231745345004422e-03
1.400360484799026244e-03
1.655378295808073450e-03
1.912641853276763780e-03
2.168401406857325096e-03
2.418854622887856975e-03
2.660200708008392950e-03
2.888698321164405274e-03
3.100723389197666824e-03
3.292823714063175186e-03
3.461773648927999464e-03
3.604626645750954976e-03
3.718763142694999843e-03
3.801935255701098960e-03
3.852307671718907187e-03
3.868491400296920988e-03
3.849572493600759981e-03
3.795136055960661187e-03
3.705281651563796779e-03
3.580631231614324859e-03
3.422330714360653867e-03
3.232043148204489895e-03
3.011933389128380618e-03
2.764646905244179474e-03
2.493281098456868062e-03
2.201348334263585234e-03
1.892733567135757152e-03
1.571646152260011567e-03
1.242564744293187017e-03
1.076192502940424671e-03
9.095786395166758059e-04
5.788007287364194901e-04
2.544451827320917269e-04
-5.863272295135156542e-05
-3.555152308735185320e-04
-6.315048229057380891e-04
-8.821120332736991174e-04
-1.103107626174846872e-03
-1.290670721880209310e-03
-1.441416053168812937e-03
-1.552377196118732983e-03
-1.621084040529551353e-03
-1.645684952900322573e-03
-1.624974286751281524e-03
-1.558398892872517576e-03
-1.446022798491942637e-03
-1.288542057029930417e-03
-1.087424946475911564e-03
-8.448098063790164796e-04
-5.634315036444949038e-04
-2.466379173208570414e-04
1.016500736320543696e-04
4.769880259979345123e-04
8.743420889713518366e-04
1.288225940678554195e-03
1.712906994902723508e-03
2.142365852873738454e-03
2.570339452148065560e-03
2.990458237108383367e-03
3.396352595106271171e-03
3.781724939002808431e-03
4.140475283021564749e-03
4.466797685899826301e-03
4.755242006432166234e-03
5.000797666086136302e-03
5.198995713745552770e-03
5.346019075779530685e-03
5.438727569237080187e-03
5.474685916703816123e-03
5.452221665041464757e-03
5.370521652570383643e-03
5.229670990336721115e-03
5.030602758601431142e-03
4.775102636667159783e-03
4.465794503635319573e-03
4.106132879876705534e-03
3.700392647958364745e-03
3.253626821837695467e-03
2.771581580243788305e-03
2.260605484651219931e-03
1.727611570155085244e-03
1.180016085784985113e-03
6.255936912237751836e-04
7.237319491417077474e-05
-4.714374612703414822e-04
-9.976081630124779536e-04
-1.498015471181051968e-03
-1.964722419475203180e-03
-2.390137987174366634e-03
-2.767173829091895774e-03
-3.089345090725448707e-03
-3.350830992198303507e-03
-3.546574735940334535e-03
-3.672405439737782325e-03
-3.725120841644962225e-03
-3.702536587487231367e-03
-3.603529090990246000e-03
-3.428064748506595445e-03
-3.177206041340813279e-03
-2.853141429567500938e-03
-2.459183610960626477e-03
-1.999723601185530303e-03
-1.480184446243324034e-03
-9.069790466678264275e-04
-2.874532619597585325e-04
3.702091825641569130e-04
1.057089261042366965e-03
1.763641214349214413e-03
2.479824493958513246e-03
3.195232428799473032e-03
3.899226999619303993e-03
4.581096304833975549e-03
5.230250777022961255e-03
5.836407916475791144e-03
6.389731513270189428e-03
6.880972884115102266e-03
7.301656133614825052e-03
7.644226011951100325e-03
7.902161938797305080e-03
7.998636342298219223e-03
8.119855951018561252e-03
8.145357871635647978e-03
8.073020639844125795e-03
8.000531802494588104e-03
7.780289732993799466e-03
7.462909619100021458e-03
7.051116970136750949e-03
6.549006136783867664e-03
5.962220215111266319e-03
5.297574948663004261e-03
4.563247242873387510e-03
3.768426583810576339e-03
2.923526967153955523e-03
2.039955752195492505e-03
1.129971497674302607e-03
2.062514521024493507e-04
-7.177787315588201114e-04
-1.628213224122178381e-03
-2.511351405702300088e-03
-3.353545702097732260e-03
-4.141334357184545817e-03
-4.861900095862807872e-03
-5.503340502020170888e-03
-6.054448741212626467e-03
-6.505347702883861223e-03
-6.847581284780647135e-03
-7.074050740651582729e-03
-7.179321829410702238e-03
-7.159711374713682852e-03
-7.013147145447597500e-03
-6.739397337445461600e-03
-6.340113752282220544e-03
-5.818684352412012949e-03
-5.180240360849706904e-03
-4.431753171713725785e-03
-3.581825608794666441e-03
-2.640819460340057285e-03
-1.620555781356897021e-03
-5.342553106064064534e-04
6.035288331057620968e-04
1.776967759395292265e-03
2.969372307837882859e-03
4.163367988619868544e-03
5.341040745193639458e-03
6.484322109709618823e-03
7.575305344612562504e-03
8.596509431749249641e-03
9.531177046406493283e-03
1.036363648124901705e-02
1.107957855831434753e-02
1.166628021145907530e-02
1.211283837647644281e-02
1.241032130489952423e-02
1.255192771797285396e-02
1.253304481655718138e-02
1.235129937054580893e-02
1.200655334394806241e-02
1.150089948342375955e-02
1.083869992302454940e-02
1.002650646182224811e-02
9.073011551321698981e-03
7.988965206912100950e-03
6.787168257490393264e-03
5.482392841872335727e-03
4.091283102940916454e-03
2.632191425280166423e-03
1.125035361639045240e-03
-4.088903190167896798e-04
-1.947257420733368048e-03
-3.467033117434866960e-03
-4.944800405067745035e-03
-6.357175716520303659e-03
-7.681317889983484484e-03
-8.895353700155681637e-03
-9.978741133071030930e-03
-1.091275225022496527e-02
-1.168081645383379878e-02
-1.226880042673355459e-02
-1.266519396123334286e-02
-1.286127878383970004e-02
-1.285116906229595048e-02
-1.263184207731992033e-02
-1.220314945733386169e-02
-1.156775224396794539e-02
-1.073103887183163123e-02
-9.701080889914701771e-03
-8.488625250357274485e-03
-7.107028831002340334e-03
-5.572216808481566912e-03
-3.902698223586028616e-03
-2.119485727417138622e-03
-2.459763695900688539e-04
1.692229104416970685e-03
3.667545820870836935e-03
5.650781826893372904e-03
7.611612624366367007e-03
9.519115576897895642e-03
1.134235969514975351e-02
1.305106888460589795e-02
1.461638410337959444e-02
1.601150047759356682e-02
1.721222703807450197e-02
1.819748424148631347e-02
1.894966660141941470e-02
1.945485590061927367e-02
1.970293027711958120e-02
1.968753730895167128e-02
1.940596169913910360e-02
1.885896772219325390e-02
1.805062823611863071e-02
1.698815613945349468e-02
1.568177450274396006e-02
1.414466931499675471e-02
1.239300682192626644e-02
1.044598013001893540e-02
8.325892532688139794e-03
6.058235895527177943e-03
3.671710514259519421e-03
1.198114639025192911e-03
-1.327847664328136827e-03
-3.868904832837619014e-03
-6.385813796043018561e-03
-8.838139546162126006e-03
-1.118514274553293782e-02
-1.338678298897803647e-02
-1.540477763548422918e-02
-1.720364459943663979e-02
-1.875172081763004997e-02
-2.002178096149228800e-02
-2.099154885921227648e-02
-2.164396955065987435e-02
-2.196719459454447160e-02
-2.195438039202478320e-02
-2.160333436109710542e-02
-2.091609789608872907e-02
-1.989850266697008180e-02
-1.855985222326577214e-02
-1.691272764926618835e-02
-1.497293373219431463e-02
-1.275961953116702512e-02
-1.029553718342017359e-02
-7.607362292078052174e-03
-4.726057414578275877e-03
-1.687163984743770889e-03
1.469097873521754867e-03
4.697958209505626731e-03
7.950510243913128453e-03
1.117450135272533666e-02
1.431548287816187051e-02
1.731820175434867215e-02
2.012843204719188053e-02
2.269485899321165706e-02
2.497057865292335102e-02
2.691465820146054719e-02
2.849329343080071394e-02
2.968041938387380035e-02
3.045786435853293714e-02
3.081499352507072187e-02
3.074795799120745923e-02
3.025869311989936791e-02
2.935388002248921768e-02
2.804398647034165096e-02
2.634253691526266053e-02
2.426570207554801240e-02
2.183225453377416608e-02
1.906389750069088090e-02
1.598591802048215244e-02
1.262802101600505982e-02
9.025208818502890307e-03
5.218592878057697060e-03
1.256007328242954258e-03
-2.807763216764212495e-03
-6.911260589482267486e-03
-1.098723642954574017e-02
-1.496412916990427257e-02
-1.876814163146728678e-02
-2.232602450604357150e-02
-2.556798009156048893e-02
-2.843126701235524148e-02
-3.086210477430185659e-02
-3.281757878047027177e-02
-3.426685945719349508e-02
-3.519103291392244176e-02
-3.558224671688360596e-02
-3.544199310556139099e-02
-3.477904989468707381e-02
-3.360722055621020998e-02
-3.283861746623755601e-02
-3.194884171099707237e-02
-2.981141010485850035e-02
-2.722069492916916883e-02
-2.419751363115213091e-02
-2.076516099954435826e-02
-1.695020807226100407e-02
-1.278449998899012195e-02
-8.307456641774048356e-03
-3.567335357880129214e-03
1.377888008847791062e-03
6.459436876025030118e-03
1.159831802652249930e-02
1.670621608139134448e-02
2.168577677532742762e-02
2.410617953673071384e-02
2.645620429571137258e-02
3.087015643888205846e-02
3.485704635653692068e-02
3.667939078417498111e-02
3.836363503604212771e-02
4.125738910614871330e-02
4.248244067056279605e-02
4.354437602768325422e-02
4.443797648430036773e-02
4.516167101617608176e-02
4.571518948044882985e-02
4.629675697529323647e-02
4.622117962246530265e-02
4.551138340347209155e-02
4.493044478323794666e-02
4.331586687088124360e-02
4.113496300989626792e-02
3.841726631741075593e-02
3.518675644631902993e-02
3.146793419934109520e-02
2.728306841464469765e-02
2.265659290867923573e-02
1.762014269821842588e-02
1.221652369366776208e-02
6.495423255544965566e-03
5.195896760659352107e-04
-5.629846281545573296e-03
-1.185523483795920645e-02
-1.497494636730965778e-02
-1.807366932080682262e-02
-2.410809895514181775e-02
-2.987549788866844178e-02
-3.262850199954329955e-02
-3.526006580030120047e-02
-3.775476866595468134e-02
-4.009480983951672906e-02
-4.226595187467012404e-02
-4.425446128089411540e-02
-4.605056025144550064e-02
-4.764615260009370107e-02
-4.903508527841068249e-02
-5.113630714712126546e-02
-5.189049626589134490e-02
-5.273929214450814168e-02
-5.286436849950973405e-02
-5.279221234818669978e-02
-5.204598996449069648e-02
-5.058361985627268798e-02
-4.843903920513300404e-02
-4.566701026871214375e-02
-4.230166339251704988e-02
-3.837319954010630363e-02
-3.390486436823481053e-02
-2.891561026937349010e-02
-2.342288005050689390e-02
-1.745257898383666476e-02
-1.104453035367143100e-02
-4.258342870117060031e-03
2.818406776655079087e-03
1.009325099566913894e-02
1.745620280043597150e-02
2.115040580866450401e-02
2.481840046526335650e-02
2.844236234425736448e-02
3.199860943710851335e-02
3.546609014334889398e-02
3.881957355944728322e-02
4.203605289629064323e-02
4.509187309398200727e-02
4.796591675724692916e-02
5.063782112636149024e-02
5.189689951770091320e-02
5.422879536123610678e-02
5.631402061024762956e-02
5.726629757621749112e-02
5.896252605156607901e-02
6.039103129463486985e-02
6.155143109201752921e-02
6.244428325957137454e-02
6.307213607274780864e-02
6.353025823742423916e-02
6.305192136368477362e-02
6.170708026555715708e-02
5.957414084697300327e-02
5.673532854297046180e-02
5.325565827162118820e-02
4.918184285363613739e-02
4.453926941929543110e-02
3.934263450529415507e-02
3.360271692453002668e-02
2.733672149970749199e-02
2.056397723147873960e-02
1.332691166884909795e-02
5.685907316642878177e-03
-2.270710922002296562e-03
-6.346867521432851718e-03
-1.046314240977366979e-02
-1.460308209004203620e-02
-2.283631177943056326e-02
-2.694482384249674567e-02
-3.100652368247725291e-02
-3.499203865909080585e-02
-3.695373297428877074e-02
-3.888520753065733554e-02
-4.078432739964131526e-02
-4.264682408854098689e-02
-4.623462631020398145e-02
-4.796697006714995687e-02
-5.126454288994693187e-02
-5.283190767583468422e-02
-5.433637927438626780e-02
-5.577496337479876526e-02
-5.842666314115740195e-02
-6.079318336017929675e-02
-6.285596897376818926e-02
-6.460371243030005317e-02
-6.603245128013450482e-02
-6.662805130558592526e-02
-6.757414812554542183e-02
-6.820391718810012160e-02
-6.853669555139199621e-02
-6.857765701925991331e-02
-6.834385010736636346e-02
-6.751346426358126318e-02
-6.667114038521727848e-02
-6.561667823369632391e-02
-6.289934954581143101e-02
-5.948022576654024562e-02
-5.542233734805130513e-02
-5.078008923570576788e-02
-4.557423017089333450e-02
-3.980745545592392215e-02
-3.346352320356223847e-02
-2.655641169007356278e-02
-1.910327292815172662e-02
-1.114003523616931453e-02
-2.738050858630181831e-03
5.995213735204461651e-03
1.046178063154418886e-02
1.496940885945578434e-02
1.949574329236032633e-02
2.401894155578882667e-02
2.851787565291296830e-02
3.075856689231209681e-02
3.298591489905788876e-02
3.738337784077785941e-02
3.955711542899834066e-02
4.170634608530360971e-02
4.382670249587675149e-02
4.591428457959930570e-02
4.796357541107305195e-02
5.191624613324945237e-02
5.382826335133070184e-02
5.568553100190944821e-02
5.748276679225876318e-02
5.921572005187262372e-02
6.087898851827731883e-02
6.396628827020678365e-02
6.540166429385936564e-02
6.675341164741527278e-02
6.918021319330083796e-02
7.125083402143853051e-02
7.295145328338471791e-02
7.428485331984323314e-02
7.525121778293308861e-02
7.585839025961597926e-02
7.612434672563510307e-02
7.606196379279461794e-02
7.569761462166665900e-02
7.413269446672057783e-02
7.164262079770877811e-02
6.835560772423332487e-02
6.439435182301067595e-02
5.983986410172899284e-02
5.472952920599906401e-02
4.909792663633136961e-02
4.294221101102112248e-02
3.623871867342572106e-02
2.896432970425504710e-02
2.112808475820073667e-02
1.275758001528033182e-02
3.937687313810792934e-03
-5.203214775265373876e-03
-9.868925819013354278e-03
-1.456519402605889295e-02
-1.926865380572771042e-02
-2.395836916496287688e-02
-2.861546357372319119e-02
-3.322214606694470079e-02
-3.550802589654378227e-02
-3.777329044155967180e-02
-4.221087560773876396e-02
-4.653076084750550068e-02
-4.864769215227970900e-02
-5.072170784552922085e-02
-5.274740843694333825e-02
-5.661763954285784634e-02
-5.847203205524415665e-02
-6.026022894308501882e-02
-6.197472653677398718e-02
-6.361119470651353802e-02
-6.516572068947938667e-02
-6.663334678367716091e-02
-6.801354439338086477e-02
-6.930045664418478524e-02
-7.049235822901003812e-02
-7.158727111515846009e-02
-7.258314377611722878e-02
-7.348016790789717312e-02
-7.427795993516590756e-02
-7.497687485879106495e-02
-7.557742287192779906e-02
-7.608082511500628697e-02
-7.648871244470711872e-02
-7.701603501236588267e-02
-7.718752136176088019e-02
-7.714974219061235261e-02
-7.682413235354006165e-02
-7.619729656748547297e-02
-7.474312049175735329e-02
-7.197422813184173318e-02
-6.841641801927729472e-02
-6.420204493651357480e-02
-5.941006811654923198e-02
-5.409577532675299838e-02
-4.828722206177539500e-02
-4.196451794476096370e-02
-3.508439498397604439e-02
-2.761007650261007584e-02
-1.952511303394123543e-02
-1.085814650418993367e-02
-1.708430553845410003e-03
3.015473350788310577e-03
1.261299852247091229e-02
1.746634625415603714e-02
2.231988936498475323e-02
2.474680331403222855e-02
2.956821377511463164e-02
3.316082130165493719e-02
3.672255146961574818e-02
4.024255283373805864e-02
4.371372856371957133e-02
4.712453853595571091e-02
4.880702250807700954e-02
5.046827699081162660e-02
5.210601076693228972e-02
5.529633168439429536e-02
5.685303122980200907e-02
5.838019570202161029e-02
5.987293663317535403e-02
6.133044492463788494e-02
6.274970364668361333e-02
6.412735408074761445e-02
6.546379052101347629e-02
6.799287996980905857e-02
6.957652765994547239e-02
7.106954675502251406e-02
7.246828727469127596e-02
7.376869151541705361e-02
7.496789048686278156e-02
7.606552757862876379e-02
7.705914608671762811e-02
7.794856568189771628e-02
7.940313193870207620e-02
7.998057589608430218e-02
8.045625752664750663e-02
8.109962178169334568e-02
8.133276625819291228e-02
8.135879754149502596e-02
8.081538691931870744e-02
8.006370901167292331e-02
7.771808190821034856e-02
7.619091692730224630e-02
7.253504950144476493e-02
7.151165494954096757e-02
6.934980231809398377e-02
6.460462032989686132e-02
5.937091551861841537e-02
5.367453931080727603e-02
5.065395305212598565e-02
4.423110183493990377e-02
3.726867750075158608e-02
2.972321125926127502e-02
2.158155011412918670e-02
1.286895205443003461e-02
3.667285213004555563e-03
-5.868789799950165260e-03
-1.073032736210489425e-02
-1.560997358411211552e-02
-2.048537410341442003e-02
-2.533305531036228811e-02
-3.014072157321666390e-02
-3.253088374512324438e-02
-3.490447897570788521e-02
-3.956925472437324703e-02
-4.413267006011421800e-02
-4.638195015163067148e-02
-4.859596216540069957e-02
-5.076806453916653944e-02
-5.289410980322960254e-02
-5.696893369543166302e-02
-5.893622811540103618e-02
-6.084246055921994217e-02
-6.267664159592721551e-02
-6.610511721395463669e-02
-6.919214653006242055e-02
-7.192010588162192630e-02
-7.315271002499550146e-02
-7.529022406237501075e-02
-7.701743353796398905e-02
-7.773124946078513453e-02
-7.883738602006630514e-02
-7.953809187746248288e-02
-7.985147090813397852e-02
-7.979299253220147048e-02
-7.938595231216497017e-02
-7.865878511722673716e-02
-7.702331034206318094e-02
-7.397898475786710004e-02
-7.013948173338163672e-02
-6.566335395653531692e-02
-6.065312348134214299e-02
-5.517755437257947787e-02
-4.925251550149234436e-02
-4.285540838507034128e-02
-3.592318040564716070e-02
-2.840574585136715347e-02
-2.026868267650713817e-02
-1.151867904815791731e-02
-2.225810493351793821e-03
2.593726331933507347e-03
7.494268160896406551e-03
1.244692640588692008e-02
2.234238094718804177e-02
2.728142259452634097e-02
2.973933762729333991e-02
3.218554169451751101e-02
3.700889667585554460e-02
3.939545328868031271e-02
4.175947785183312805e-02
4.409585551173272194e-02
4.866131292399984709e-02
5.089930234553045885e-02
5.309871768014326476e-02
5.525065419010492807e-02
5.735066942970611786e-02
5.939736025505307909e-02
6.138273750495390479e-02
6.330684851998145957e-02
6.515829373422911408e-02
6.693568431136627528e-02
6.863209971859564329e-02
7.024282708584216051e-02
7.176557798467594895e-02
7.319379594963641711e-02
7.452586981051713411e-02
7.575660887768159713e-02
7.688613240744000821e-02
7.791248992076846291e-02
7.883576257347384153e-02
7.965509626250188990e-02
8.036934824234917563e-02
8.097817834409443138e-02
8.148189952065414132e-02
8.188197345647442449e-02
8.218038049045994775e-02
8.237927096914375580e-02
8.248237068846345221e-02
8.222549512679633299e-02
8.163410671283370668e-02
8.073165219272980531e-02
7.954483204700582566e-02
7.643109419861292275e-02
7.250523996365797197e-02
6.792335885081847435e-02
6.281786598750338513e-02
5.727475052739580685e-02
5.130814792182619710e-02
4.489181379608934291e-02
3.797848139692774211e-02
3.051026235404368306e-02
2.244453487868689617e-02
1.378618149544687255e-02
4.598506886772433730e-03
-4.973613745598376434e-03
-1.473793744716224950e-02
-1.965528725084141407e-02
-2.455151051470588069e-02
-3.411674422293112935e-02
-3.649277056701220878e-02
-4.116191218542568364e-02
-4.571199957107680012e-02
-4.904548788258156905e-02
-5.228956895282070583e-02
-5.541310471873855253e-02
-5.840749111222630352e-02
-6.126710443066657463e-02
-6.264490238781433851e-02
-6.397944945272884820e-02
-6.526999523944775061e-02
-6.770596537389696190e-02
-6.885530533829262168e-02
-7.098931869561737884e-02
-7.198356791711919833e-02
-7.292362102015743919e-02
-7.462307519375439846e-02
-7.692449345785064285e-02
-7.768075060786226727e-02
-7.833723565330437399e-02
-7.932514245053945423e-02
-7.991965711200255118e-02
-8.013225615084909603e-02
-7.946458576403932217e-02
-7.866342396993283859e-02
-7.757427287513798952e-02
-7.462022379124245985e-02
-7.081488744452141271e-02
-6.633185013991402257e-02
-6.129449318621445209e-02
-5.579764211885136077e-02
-4.987129410882776975e-02
-4.350160412471568844e-02
-3.662699046725383795e-02
-2.918643752386797241e-02
-2.114522033429438314e-02
-1.251197819093333163e-02
-7.977559745337054614e-03
-3.308788309581239123e-03
6.302664019667201384e-03
1.122121252561025968e-02
1.617415191857737855e-02
2.113881090849254601e-02
2.362127120193323673e-02
2.609745873684166106e-02
2.856385328575943711e-02
3.101771448131900033e-02
3.345564848108149164e-02
3.587610732559449317e-02
4.064241271272116263e-02
4.299772730029376849e-02
4.532666713695671090e-02
4.762389132572539957e-02
4.988589005749415745e-02
5.210776800467625119e-02
5.428551102412026291e-02
5.846865475678010571e-02
6.048711760753595901e-02
6.244338806030651917e-02
6.432743725014311575e-02
6.613559936863883104e-02
6.786395411468180983e-02
6.950929615585269006e-02
7.107092535660997079e-02
7.390651555600402656e-02
7.518668416438265001e-02
7.636511909131352138e-02
7.744141056089860753e-02
7.841534326524794707e-02
7.928397507880642625e-02
8.004917981922521353e-02
8.070845277812196961e-02
8.170770759370014902e-02
8.206224441338859366e-02
8.232049161074667110e-02
8.253103743801296077e-02
8.249852878602180473e-02
8.216077139482909353e-02
8.149077384838460114e-02
8.052241434541256015e-02
7.927621833536140084e-02
7.605070221595552904e-02
7.309469389853599786e-02
6.859251300518796890e-02
6.354808290194899345e-02
5.804146563711900381e-02
5.210992014781860165e-02
4.574335287296242558e-02
3.888207978364490586e-02
3.148039610653449033e-02
2.350337901079802699e-02
1.494229813493684091e-02
5.847060491121425924e-03
1.119975031699366273e-03
-8.537136140097987755e-03
-1.344864290933697921e-02
-1.837096301469786849e-02
-2.327935332419518721e-02
-2.814475440225557012e-02
-3.056510662216184102e-02
-3.296849594882950152e-02
-3.534956897967928696e-02
-4.002068105232248901e-02
-4.232313047211929552e-02
-4.681587596263014212e-02
-4.901530323456442656e-02
-5.117481318429628612e-02
-5.328746585963749227e-02
-5.534840000484882172e-02
-5.735463811762773340e-02
-5.929795942135916015e-02
-6.117846148889002217e-02
-6.298783123925809357e-02
-6.472283069368452157e-02
-6.637964296617863968e-02
-6.795306837378317644e-02
-6.943987778900716223e-02
-7.083613809684416451e-02
-7.213965245504461166e-02
-7.443573033833150721e-02
-7.544464369072305387e-02
-7.635340114030710057e-02
-7.715827004454166305e-02
-7.844981277176295287e-02
-7.933914566822009018e-02
-7.984465183531101740e-02
-7.996983048950417894e-02
-7.973958947192902325e-02
-7.829327147656060804e-02
-7.775185453724650642e-02
-7.647579093790217442e-02
-7.495486325083712542e-02
-7.127511998445702768e-02
-6.689165547475811602e-02
-6.193747329108512806e-02
-5.649678433492714980e-02
-5.061592081739405696e-02
-4.429277615939997137e-02
-3.748563484163287829e-02
-3.013560595963953037e-02
-2.218867970379809207e-02
-1.364390204778650681e-02
-4.545295249304282491e-03
4.996337881819010174e-03
9.899007360268722439e-03
1.484460293700119900e-02
1.980809284372401710e-02
2.475898167082408660e-02
2.723011017820916799e-02
2.969076540343203868e-02
3.455820108548708636e-02
3.935194138975503519e-02
4.172342244083435819e-02
4.406939209419715592e-02
4.638507994209152552e-02
4.866662417400581531e-02
5.090989565303861292e-02
5.311137005431170593e-02
5.526675963788808821e-02
5.737052657650865833e-02
5.941862752321610402e-02
6.140612740081611426e-02
6.332660708823960316e-02
6.517646655472426886e-02
6.694920289342817799e-02
6.864109969843863734e-02
7.024661363461048857e-02
7.176259194963469090e-02
7.318503154159831936e-02
7.451085824375464073e-02
7.573729165941017749e-02
7.686159500838954384e-02
7.788249929493497314e-02
7.879895884513456183e-02
7.961120253444391170e-02
8.031909814321436247e-02
8.092363512534878067e-02
8.142575624395577416e-02
8.182693916339335571e-02
8.212814192997117124e-02
8.243109817038241083e-02
8.236821196480005602e-02
8.195624523298757069e-02
8.121877582979526722e-02
7.887117607484372961e-02
7.556496770658170659e-02
7.361748044359195386e-02
6.920939411903662131e-02
6.423346644423427731e-02
5.878801795091471993e-02
5.291816652734697424e-02
4.661185301600753728e-02
3.982255790409111595e-02
3.249885509548320478e-02
2.460761131102196658e-02
1.613867597277660743e-02
7.133221167234329169e-03
2.448659018044385596e-03
-7.137653491922603226e-03
-1.202385206986188691e-02
-1.692834477783800029e-02
-2.182284519717671983e-02
-2.426540730076739288e-02
-2.669691388931695261e-02
-2.911620034696323425e-02
-3.152006530680825924e-02
-3.390584803994161484e-02
-3.627241239975637077e-02
-3.861625696294812560e-02
-4.093380363040335229e-02
-4.546484599306833962e-02
-4.985460206351503831e-02
-5.199601891395834452e-02
-5.409061017629131218e-02
-5.613150942701577994e-02
-5.811412045940439475e-02
-6.003345974219912590e-02
-6.188611628143325660e-02
-6.366695977883390922e-02
-6.537064086085861425e-02
-6.851123062860224600e-02
-7.130202369371482773e-02
-7.256928432149377384e-02
-7.373948192983148520e-02
-7.480860028287487917e-02
-7.577529859358973774e-02
-7.663915148560682122e-02
-7.740080530371865053e-02
-7.805995316991851118e-02
-7.861634229980747623e-02
-7.907207664573603911e-02
-7.942742326065635461e-02
-7.968493850967646452e-02
-7.984674971686978040e-02
-7.991502351714875607e-02
-7.977471721169852870e-02
-7.957905863202627272e-02
-7.930257606903458323e-02
-7.851196403544256908e-02
-7.800844390379581272e-02
-7.679533883375495862e-02
-7.533404406166156753e-02
-7.176295546213415366e-02
-6.747724726949073937e-02
-6.261145030557957458e-02
-5.725306878588812959e-02
-5.144701117301350712e-02
-4.519206393201787020e-02
-3.845079524552809380e-02
-3.116481541344610917e-02
-2.328725209556707643e-02
-1.480532774260836897e-02
-1.034262632869422521e-02
-5.741704842856623289e-03
-1.018061013505427255e-03
3.804705541496034450e-03
8.700660152349907681e-03
1.363993107621771020e-02
1.612129851272890713e-02
1.860385552150262481e-02
2.355482518814766557e-02
2.602504670081030175e-02
3.092506809404277010e-02
3.336159409102983087e-02
3.578172514420217831e-02
3.818185991948482017e-02
4.056058567942399939e-02
4.522518673591063160e-02
4.752164302013383440e-02
5.199901752909066172e-02
5.418037773311228100e-02
5.631312093710236916e-02
5.839276260188032419e-02
6.041467732346621905e-02
6.424838578696086266e-02
6.606581933344543578e-02
6.780394231143602179e-02
6.945962825558914255e-02
7.102602276803909875e-02
7.250133225670619963e-02
7.388148925161240610e-02
7.516224751809338911e-02
7.634361546960309608e-02
7.741959917092097743e-02
7.924595954796161135e-02
8.001148736434514352e-02
8.067481181456782890e-02
8.123357223516011749e-02
8.168905378306980103e-02
8.228648325765536287e-02
8.244274698227638254e-02
8.246774942912546424e-02
8.234572319137767327e-02
8.184680537070775086e-02
8.103038577318197322e-02
7.992919342268361982e-02
7.695667029396999204e-02
7.417042350787531046e-02
6.984884869559497556e-02
6.495943591484877599e-02
5.960004719699901060e-02
5.381101710114664927e-02
4.758703520853244801e-02
4.087561991069573603e-02
3.362758611948694215e-02
2.579589456927947402e-02
1.736984325057323517e-02
8.382579863379731669e-03
3.700959440931292539e-03
-1.080764488937752382e-03
-5.931648947507021062e-03
-1.082566708246991000e-02
-1.573654321468516068e-02
-2.064179362164294054e-02
-2.309072332923532353e-02
-2.552919421159035446e-02
-2.795466689783334194e-02
-3.036396385023039379e-02
-3.511302256840740516e-02
-3.746385774025638715e-02
-3.979111333599066880e-02
-4.209007540614646131e-02
-4.435929154810545894e-02
-4.659432270483364336e-02
-4.879277623101917899e-02
-5.095071084027052305e-02
-5.306304102890553598e-02
-5.512515912207599511e-02
-5.713361686695084957e-02
-6.095009184660404172e-02
-6.277161718713038241e-02
-6.452219689908794686e-02
-6.619263263689263710e-02
-6.777964702231818739e-02
-6.927824544336784462e-02
-7.068616520141685067e-02
-7.200200040162763049e-02
-7.322050628048092091e-02
-7.434160347401258528e-02
-7.536248863008432330e-02
-7.628137923650032959e-02
-7.780388024999233820e-02
-7.841572291998454014e-02
-7.932339817002756477e-02
-7.984294481597931092e-02
-7.998063065881030886e-02
-7.991700170919030510e-02
-7.952590756030016028e-02
-7.833274604899824467e-02
-7.718438628907248189e-02
-7.578134444849375650e-02
-7.414946674503644641e-02
-7.027987004437051544e-02
-6.575427664941595196e-02
-6.328819148627504165e-02
-5.800507641528285241e-02
-5.228036304093088005e-02
-4.611596002533153993e-02
-3.947329516688840439e-02
-3.228992335301853617e-02
-2.451870112218979339e-02
-1.613028428137517831e-02
-1.170520451992087402e-02
-9.434100134628418607e-03
-7.129812966109455585e-03
-2.429712858264545909e-03
-3.878199281734091928e-05
4.803914301741939001e-03
7.253073449791386934e-03
9.715161014872696760e-03
1.466050571869263568e-02
1.714365923492754476e-02
1.962728773538470473e-02
2.457541926071318134e-02
2.827077321529566228e-02
3.194036751158110810e-02
3.557883709985852627e-02
3.917477671363957942e-02
4.095724753806612162e-02
4.272526863893510302e-02
4.620516468017074607e-02
4.961026372974867288e-02
5.128614126000532319e-02
5.293901895926308304e-02
5.456637967129221445e-02
5.772755648363378511e-02
5.926469742362859561e-02
6.076770452618995844e-02
6.223440203725250780e-02
6.366277150648015637e-02
6.638461885779199656e-02
6.682365832085813973e-02
6.768716392144930039e-02
6.934822689211263269e-02
7.014758016480759917e-02
7.167747413955249947e-02
7.311284448172200578e-02
7.445243900707645968e-02
7.569279913991866504e-02
7.682956842795050922e-02
7.786389710896379768e-02
7.879253181652655369e-02
7.961729005375525747e-02
8.033776317045089599e-02
8.095443395108016527e-02
8.186798510628316705e-02
8.238051308163805986e-02
8.249651628639290135e-02
8.244018419712284551e-02
8.203440731678310338e-02
8.130591279969434648e-02
7.896782400952716274e-02
7.742332319742155355e-02
7.470749638884628674e-02
7.046807885858408227e-02
6.565604853820751485e-02
6.036831021087082222e-02
5.465683759731088109e-02
4.851095086248009142e-02
4.188587453204049849e-02
3.473387532895611668e-02
2.700869895339667523e-02
1.867841914355029831e-02
9.777087564662511471e-03
5.127481484546957818e-03
3.698769991786797300e-04
-4.470874181702846027e-03
-9.362917036928373668e-03
-1.427905244951887219e-02
-1.674212415769560716e-02
-1.920238035970130500e-02
-2.165695612516750981e-02
-2.410277530163848492e-02
-2.653678663542404989e-02
-2.895607173138642007e-02
-3.135876285056255625e-02
-3.374167448422070448e-02
-3.610366794644131322e-02
-3.844188512794918799e-02
-4.075407986579591274e-02
-4.527138373122040205e-02
-4.748852764325602049e-02
-4.966753878913282572e-02
-5.180266352500537130e-02
-5.590291590292032625e-02
-5.788592204156307180e-02
-5.885865876997323914e-02
-6.075209463804832205e-02
-6.167399968920971032e-02
-6.346330554051575479e-02
-6.517567312765482068e-02
-6.833864288047340751e-02
-6.908297256773036910e-02
-7.050341256561754033e-02
-7.304793140842806565e-02
-7.471110454072307783e-02
-7.546451919394889241e-02
-7.678712275718496683e-02
-7.736653987233904628e-02
-7.788271384050182711e-02
-7.873675577047299645e-02
-7.936301685741295464e-02
-7.976338821262135559e-02
-7.995417658342246492e-02
-7.970265529983694419e-02
-7.858564692964127574e-02
-7.751579384337879686e-02
-7.461269911846324376e-02
-7.283040075831376248e-02
-6.871482086458993721e-02
-6.398397710766057234e-02
-5.876328577272052489e-02
-5.309933865641169176e-02
-4.700703008925777304e-02
-4.045321402213390705e-02
-3.337565981273243887e-02
-2.570885649467785639e-02
-1.742179875460874924e-02
-1.304275981357972194e-02
-8.509910137899126883e-03
-3.842814124177614758e-03
9.420406144315383087e-04
5.814681724892703518e-03
1.567824908639723139e-02
1.817155881895995279e-02
2.066408418122752874e-02
2.562030810378617546e-02
2.808982550279517584e-02
3.054556091330948298e-02
3.298577346522233583e-02
3.541073547547641392e-02
3.781594933351702104e-02
4.019933160109243758e-02
4.255989299044089791e-02
4.489032902602319713e-02
4.718987818513979693e-02
4.945399824277204454e-02
5.168013596638626472e-02
5.386378209512882043e-02
5.599993926906499109e-02
5.808493811763374565e-02
6.011105663575655456e-02
6.207495936332274589e-02
6.397076320566695562e-02
6.579311769965605350e-02
6.753733425817710911e-02
6.838021940808462762e-02
6.999911013716615671e-02
7.152919074928197618e-02
7.296954763017053647e-02
7.431546744691386319e-02
7.556321889407691117e-02
7.671049924446600443e-02
7.775303748776317414e-02
7.869254703629365022e-02
7.952716553277683342e-02
8.025713310145141111e-02
8.139721410541231328e-02
8.191010203895443542e-02
8.226956879486575780e-02
8.247454963466954725e-02
8.253133273121718294e-02
8.221083558264699609e-02
8.158097663726647519e-02
8.064730299764133470e-02
7.943186305109625756e-02
7.796008079024216442e-02
7.533014274477667360e-02
7.116811109461700091e-02
6.640849024164571790e-02
6.116505003025184822e-02
5.549702111102218505e-02
4.941493849573114217e-02
4.287621270624684955e-02
3.582623332838770491e-02
2.820907175101131786e-02
1.999411139245113253e-02
1.119903440283148352e-02
1.910311977779733088e-03
-2.892646085953724626e-03
-7.765793480811522542e-03
-1.022326850380893097e-02
-1.268694927673225635e-02
-1.515266753236012287e-02
-2.007345292355236163e-02
-2.253075642155548050e-02
-2.498046336103129303e-02
-2.741855133531036909e-02
-2.984222906412280218e-02
-3.462337983475605174e-02
-3.698788217562511138e-02
-3.932811412687794300e-02
-4.390875923700408856e-02
-4.615762420675419142e-02
-4.836902408152696231e-02
-5.054109383810193035e-02
-5.266901235960649158e-02
-5.474579758124990120e-02
-5.676830081939191613e-02
-5.873318714726852297e-02
-6.063256405865677379e-02
-6.246184261175691255e-02
-6.422033531549206642e-02
-6.590158088675031334e-02
-6.671265283634013332e-02
-6.827032799392403206e-02
-6.973762410011762058e-02
-7.237852321399176891e-02
-7.327926876226267816e-02
-7.412637573423482007e-02
-7.491781098896706237e-02
-7.564986307587437397e-02
-7.693728365909660583e-02
-7.799319247724177673e-02
-7.882450196665237441e-02
-7.915581232789607735e-02
-7.964594721723686210e-02
-7.981040524581133055e-02
-7.997267773749219821e-02
-7.992982141649500327e-02
-7.968751017079067633e-02
-7.886808015414695228e-02
-7.787232746514689830e-02
-7.508959892314026607e-02
-7.144093074334875726e-02
-6.708747618083694964e-02
-6.468603636693072423e-02
-5.951386975510184613e-02
-5.389531860020843612e-02
-4.784708734730402230e-02
-4.133852254242858376e-02
-3.431481010512479890e-02
-2.671173543214952484e-02
-2.268090538845144929e-02
-1.416115282002058419e-02
-9.676889068017630741e-03
-5.051920287198296937e-03
4.515968297989262151e-03
6.970307517506511841e-03
9.439986071721889749e-03
1.192139738877723114e-02
1.689926927824182343e-02
2.187023989414923694e-02
2.558780363310573028e-02
2.744124480261389207e-02
2.928744333823028734e-02
3.295070097665870473e-02
3.477111567619786681e-02
3.657894555800118852e-02
3.837679705570082311e-02
4.016219506551883811e-02
4.193295480329602143e-02
4.368926385340995283e-02
4.542723846825292427e-02
4.714826123991861656e-02
4.884899219183067021e-02
5.052764050347337971e-02
5.218431400626111910e-02
5.381579074216868291e-02
5.542103467187720761e-02
5.699782542380044115e-02
5.854355794052868572e-02
6.005721091461489747e-02
6.153543555017138011e-02
6.297686375942157522e-02
6.483686888796462433e-02
6.574077629702840264e-02
6.748835032154595903e-02
6.833326387176766326e-02
6.915728723936409583e-02
6.996028452836784706e-02
7.074008141054644039e-02
7.149757999765950223e-02
7.223215865944594694e-02
7.362768833633663579e-02
7.492764075478774988e-02
7.554204823954241421e-02
7.613189390603407325e-02
7.723163958017761899e-02
7.774380958594864777e-02
7.868878137358860381e-02
7.952761030947504139e-02
8.026331817302730098e-02
8.089680575920417394e-02
8.117550056058928099e-02
8.165646261359618685e-02
8.195081220008451628e-02
8.218834873337955982e-02
8.249248065349862324e-02
8.256408167731436876e-02
8.258414938169507391e-02
8.246515107265549316e-02
8.215010095624065978e-02
8.165040066020354259e-02
8.097746543397008057e-02
8.014316306414151492e-02
7.915606690519698396e-02
7.803079043538234394e-02
7.587246386264084874e-02
7.179148630803360021e-02
6.708238020163859172e-02
6.187400010065965267e-02
5.623538894814907735e-02
5.017961492534316753e-02
4.367376111954027196e-02
3.666721431148860233e-02
2.910676273185084165e-02
2.095240108328198791e-02
1.221552133138637669e-02
7.639817121238877580e-03
2.945012106837095918e-03
-1.847045565978571151e-03
-4.273133102317916432e-03
-6.713919566671232124e-03
-9.166083964070537160e-03
-1.162633464954361366e-02
-1.655092120165109135e-02
-2.146918137934636719e-02
-2.392293614261846446e-02
-2.878797881507155765e-02
-3.120422875145150918e-02
-3.360174185305906530e-02
-3.597840213061245795e-02
-3.833264607885023684e-02
-4.294663280827955981e-02
-4.521529037837365012e-02
-4.633822773271089462e-02
-4.745170983991359864e-02
-4.964651653280315047e-02
-5.072850076467880914e-02
-5.285708922519074399e-02
-5.390286941027230133e-02
-5.595092445773924839e-02
-5.794381130665069574e-02
-5.987245149632321184e-02
-6.173451159181399944e-02
-6.352405772862397548e-02
-6.439163560191833724e-02
-6.606479955741656473e-02
-6.765526478039900204e-02
-6.915855301498545493e-02
-7.187748326758035267e-02
-7.280727060621398905e-02
-7.368363382172986309e-02
-7.450348146053721587e-02
-7.596524116427194606e-02
-7.719878996135061400e-02
-7.820317789509070860e-02
-7.862282985151669568e-02
-7.898521379974779433e-02
-7.953634332181366839e-02
-7.986724854679341790e-02
-7.998689125001828826e-02
-7.960555535683849770e-02
-7.905037068409413725e-02
-7.725139700611449722e-02
-7.424247122616282890e-02
-7.040771915892045374e-02
-7.014479476950619130e-02
-7.001265498986700142e-02
-6.997948361873591872e-02
-6.994622345237037908e-02
-6.991289360125850505e-02
-6.987954457017159227e-02
