0.000000000000000000e+00
1.000000000000000021e-02
2.000000000000000042e-02
2.999999999999999889e-02
4.000000000000000083e-02
5.000000000000000278e-02
6.000000000000000472e-02
7.000000000000000666e-02
8.000000000000000167e-02
8.999999999999999667e-02
9.999999999999999167e-02
1.099999999999999867e-01
1.199999999999999817e-01
1.299999999999999767e-01
1.399999999999999856e-01
1.499999999999999944e-01
1.600000000000000033e-01
1.700000000000000122e-01
1.800000000000000211e-01
1.900000000000000300e-01
2.000000000000000111e-01
2.100000000000000200e-01
2.200000000000000289e-01
2.300000000000000377e-01
2.399999999999999911e-01
2.500000000000000000e-01
2.600000000000000089e-01
2.700000000000000178e-01
2.800000000000000266e-01
2.900000000000000355e-01
3.000000000000000444e-01
3.100000000000000533e-01
3.200000000000000067e-01
3.300000000000000155e-01
3.400000000000000244e-01
3.500000000000000333e-01
3.599999999999999867e-01
3.699999999999999956e-01
3.800000000000000044e-01
3.900000000000000133e-01
4.000000000000000222e-01
4.100000000000000311e-01
4.200000000000000400e-01
4.300000000000000488e-01
4.400000000000000022e-01
4.500000000000000111e-01
4.600000000000000200e-01
4.700000000000000289e-01
4.799999999999999822e-01
4.899999999999999911e-01
5.000000000000000000e-01
5.100000000000000089e-01
5.200000000000000178e-01
5.300000000000000266e-01
5.400000000000000355e-01
5.500000000000000444e-01
5.600000000000000533e-01
5.700000000000000622e-01
5.800000000000000711e-01
5.900000000000000799e-01
5.999999999999999778e-01
6.099999999999999867e-01
6.199999999999999956e-01
6.300000000000000044e-01
6.400000000000000133e-01
6.500000000000000222e-01
6.600000000000000311e-01
6.700000000000000400e-01
6.800000000000000488e-01
6.900000000000000577e-01
7.000000000000000666e-01
7.100000000000000755e-01
7.199999999999999734e-01
7.299999999999999822e-01
7.399999999999999911e-01
7.500000000000000000e-01
7.600000000000000089e-01
7.700000000000000178e-01
7.800000000000000266e-01
7.900000000000000355e-01
8.000000000000000444e-01
8.100000000000000533e-01
8.200000000000000622e-01
8.300000000000000711e-01
8.399999999999999689e-01
8.499999999999999778e-01
8.599999999999999867e-01
8.699999999999999956e-01
8.800000000000000044e-01
8.900000000000000133e-01
9.000000000000000222e-01
9.100000000000000311e-01
9.200000000000000400e-01
9.300000000000000488e-01
9.400000000000000577e-01
9.500000000000000666e-01
9.599999999999999645e-01
9.699999999999999734e-01
9.799999999999999822e-01
9.899999999999999911e-01
1.000000000000000000e+00
1.010000000000000009e+00
1.020000000000000018e+00
1.030000000000000027e+00
1.040000000000000036e+00
1.050000000000000044e+00
1.060000000000000053e+00
1.070000000000000062e+00
1.080000000000000071e+00
1.090000000000000080e+00
1.100000000000000089e+00
1.110000000000000098e+00
1.120000000000000107e+00
1.130000000000000115e+00
1.140000000000000124e+00
1.150000000000000133e+00
1.159999999999999920e+00
1.169999999999999929e+00
1.179999999999999938e+00
1.189999999999999947e+00
1.199999999999999956e+00
1.209999999999999964e+00
1.219999999999999973e+00
1.229999999999999982e+00
1.239999999999999991e+00
1.250000000000000000e+00
1.260000000000000009e+00
1.270000000000000018e+00
1.280000000000000027e+00
1.290000000000000036e+00
1.300000000000000044e+00
1.310000000000000053e+00
1.320000000000000062e+00
1.330000000000000071e+00
1.340000000000000080e+00
1.350000000000000089e+00
1.360000000000000098e+00
1.370000000000000107e+00
1.380000000000000115e+00
1.390000000000000124e+00
1.400000000000000133e+00
1.410000000000000142e+00
1.420000000000000151e+00
1.430000000000000160e+00
1.439999999999999947e+00
1.449999999999999956e+00
1.459999999999999964e+00
1.469999999999999973e+00
1.479999999999999982e+00
1.489999999999999991e+00
1.500000000000000000e+00
1.510000000000000009e+00
1.520000000000000018e+00
1.530000000000000027e+00
1.540000000000000036e+00
1.550000000000000044e+00
1.560000000000000053e+00
1.570000000000000062e+00
1.580000000000000071e+00
1.590000000000000080e+00
1.600000000000000089e+00
1.610000000000000098e+00
1.620000000000000107e+00
1.630000000000000115e+00
1.640000000000000124e+00
1.650000000000000133e+00
1.660000000000000142e+00
1.670000000000000151e+00
1.679999999999999938e+00
1.689999999999999947e+00
1.699999999999999956e+00
1.709999999999999964e+00
1.719999999999999973e+00
1.729999999999999982e+00
1.739999999999999991e+00
1.750000000000000000e+00
1.760000000000000009e+00
1.770000000000000018e+00
1.780000000000000027e+00
1.790000000000000036e+00
1.800000000000000044e+00
1.810000000000000053e+00
1.820000000000000062e+00
1.830000000000000071e+00
1.840000000000000080e+00
1.850000000000000089e+00
1.860000000000000098e+00
1.870000000000000107e+00
1.880000000000000115e+00
1.890000000000000124e+00
1.900000000000000133e+00
1.910000000000000142e+00
1.919999999999999929e+00
1.924999999999999822e+00
1.934999999999999831e+00
1.944999999999999840e+00
1.954999999999999849e+00
1.959999999999999964e+00
1.969999999999999973e+00
1.979999999999999982e+00
1.989999999999999991e+00
2.000000000000000000e+00
2.009999999999999787e+00
2.019999999999999574e+00
2.029999999999999361e+00
2.039999999999999147e+00
2.049999999999998934e+00
2.059999999999998721e+00
2.069999999999998508e+00
2.079999999999998295e+00
2.089999999999998082e+00
2.099999999999997868e+00
2.109999999999997655e+00
2.119999999999997442e+00
2.129999999999997229e+00
2.139999999999997016e+00
2.149999999999996803e+00
2.159999999999996589e+00
2.169999999999996376e+00
2.179999999999996163e+00
2.189999999999995950e+00
2.199999999999995737e+00
2.209999999999995524e+00
2.219999999999995310e+00
2.229999999999995097e+00
2.239999999999994884e+00
2.249999999999994671e+00
2.259999999999994458e+00
2.269999999999994245e+00
2.279999999999994031e+00
2.289999999999993818e+00
2.299999999999993605e+00
2.309999999999993392e+00
2.319999999999993179e+00
2.329999999999992966e+00
2.339999999999992752e+00
2.349999999999992539e+00
2.359999999999992326e+00
2.369999999999992113e+00
2.379999999999991900e+00
2.389999999999991687e+00
2.399999999999991473e+00
2.409999999999991260e+00
2.419999999999991047e+00
2.429999999999990834e+00
2.439999999999990621e+00
2.449999999999990408e+00
2.459999999999990195e+00
2.469999999999989981e+00
2.479999999999989768e+00
2.489999999999989555e+00
2.499999999999989342e+00
2.509999999999989129e+00
2.519999999999988916e+00
2.529999999999988702e+00
2.539999999999988489e+00
2.549999999999988276e+00
2.559999999999988063e+00
2.569999999999987850e+00
2.579999999999987637e+00
2.589999999999987423e+00
2.599999999999987210e+00
2.609999999999986997e+00
2.619999999999986784e+00
2.629999999999986571e+00
2.639999999999986358e+00
2.649999999999986144e+00
2.659999999999985931e+00
2.669999999999985718e+00
2.679999999999985505e+00
2.689999999999985292e+00
2.699999999999985079e+00
2.709999999999984865e+00
2.719999999999984652e+00
2.729999999999984439e+00
2.739999999999984226e+00
2.749999999999984013e+00
2.759999999999983800e+00
2.769999999999983586e+00
2.779999999999983373e+00
2.789999999999983160e+00
2.799999999999982947e+00
2.809999999999982734e+00
2.819999999999982521e+00
2.829999999999982307e+00
2.839999999999982094e+00
2.849999999999981881e+00
2.859999999999981668e+00
2.869999999999981455e+00
2.879999999999981242e+00
2.889999999999981029e+00
2.899999999999980815e+00
2.909999999999980602e+00
2.919999999999980389e+00
2.929999999999980176e+00
2.939999999999979963e+00
2.949999999999979750e+00
2.959999999999979536e+00
2.969999999999979323e+00
2.979999999999979110e+00
2.989999999999978897e+00
2.999999999999978684e+00
3.009999999999978471e+00
3.019999999999978257e+00
3.029999999999978044e+00
3.039999999999977831e+00
3.049999999999977618e+00
3.059999999999977405e+00
3.069999999999977192e+00
3.079999999999976978e+00
3.089999999999976765e+00
3.099999999999976552e+00
3.109999999999976339e+00
3.119999999999976126e+00
3.129999999999975913e+00
3.139999999999975699e+00
3.149999999999975486e+00
3.159999999999975273e+00
3.169999999999975060e+00
3.179999999999974847e+00
3.189999999999974634e+00
3.199999999999974420e+00
3.209999999999974207e+00
3.219999999999973994e+00
3.229999999999973781e+00
3.239999999999973568e+00
3.249999999999973355e+00
3.259999999999973141e+00
3.269999999999972928e+00
3.279999999999972715e+00
3.289999999999972502e+00
3.299999999999972289e+00
3.309999999999972076e+00
3.319999999999971863e+00
3.329999999999971649e+00
3.339999999999971436e+00
3.349999999999971223e+00
3.359999999999971010e+00
3.369999999999970797e+00
3.379999999999970584e+00
3.389999999999970370e+00
3.399999999999970157e+00
3.404999999999970051e+00
3.414999999999969837e+00
3.424999999999969624e+00
3.434999999999969411e+00
3.439999999999999947e+00
3.449999999999999734e+00
3.459999999999999520e+00
3.469999999999999307e+00
3.479999999999999094e+00
3.489999999999998881e+00
3.499999999999998668e+00
3.509999999999998455e+00
3.519999999999998241e+00
3.529999999999998028e+00
3.539999999999997815e+00
3.549999999999997602e+00
3.559999999999997389e+00
3.569999999999997176e+00
3.579999999999996962e+00
3.589999999999996749e+00
3.599999999999996536e+00
3.609999999999996323e+00
3.619999999999996110e+00
3.629999999999995897e+00
3.639999999999995683e+00
3.649999999999995470e+00
3.659999999999995257e+00
3.669999999999995044e+00
3.679999999999994831e+00
3.689999999999994618e+00
3.699999999999994404e+00
3.709999999999994191e+00
3.719999999999993978e+00
3.729999999999993765e+00
3.739999999999993552e+00
3.749999999999993339e+00
3.759999999999993125e+00
3.769999999999992912e+00
3.779999999999992699e+00
3.789999999999992486e+00
3.799999999999992273e+00
3.809999999999992060e+00
3.819999999999991847e+00
3.829999999999991633e+00
3.839999999999991420e+00
3.849999999999991207e+00
3.859999999999990994e+00
3.869999999999990781e+00
3.879999999999990568e+00
3.889999999999990354e+00
3.899999999999990141e+00
3.909999999999989928e+00
3.919999999999989715e+00
3.929999999999989502e+00
3.939999999999989289e+00
3.949999999999989075e+00
3.959999999999988862e+00
3.969999999999988649e+00
3.979999999999988436e+00
3.989999999999988223e+00
3.999999999999988010e+00
4.009999999999988241e+00
4.019999999999988027e+00
4.029999999999987814e+00
4.039999999999987601e+00
4.049999999999987388e+00
4.059999999999987175e+00
4.069999999999986962e+00
4.079999999999986748e+00
4.089999999999986535e+00
4.099999999999986322e+00
4.109999999999986109e+00
4.119999999999985896e+00
4.129999999999985683e+00
4.139999999999985469e+00
4.149999999999985256e+00
4.159999999999985043e+00
4.169999999999984830e+00
4.179999999999984617e+00
4.189999999999984404e+00
4.199999999999984190e+00
4.209999999999983977e+00
4.219999999999983764e+00
4.229999999999983551e+00
4.239999999999983338e+00
4.249999999999983125e+00
4.259999999999982911e+00
4.269999999999982698e+00
4.279999999999982485e+00
4.289999999999982272e+00
4.299999999999982059e+00
4.309999999999981846e+00
4.319999999999981632e+00
4.329999999999981419e+00
4.339999999999981206e+00
4.349999999999980993e+00
4.359999999999980780e+00
4.369999999999980567e+00
4.379999999999980353e+00
4.389999999999980140e+00
4.399999999999979927e+00
4.409999999999979714e+00
4.419999999999979501e+00
4.429999999999979288e+00
4.439999999999979075e+00
4.449999999999978861e+00
4.459999999999978648e+00
4.469999999999978435e+00
4.479999999999978222e+00
4.489999999999978009e+00
4.499999999999977796e+00
4.509999999999977582e+00
4.519999999999977369e+00
4.529999999999977156e+00
4.539999999999976943e+00
4.549999999999976730e+00
4.559999999999976517e+00
4.569999999999976303e+00
4.579999999999976090e+00
4.589999999999975877e+00
4.599999999999975664e+00
4.609999999999975451e+00
4.619999999999975238e+00
4.629999999999975024e+00
4.639999999999974811e+00
4.649999999999974598e+00
4.659999999999974385e+00
4.669999999999974172e+00
4.679999999999973959e+00
4.689999999999973745e+00
4.699999999999973532e+00
4.709999999999973319e+00
4.719999999999973106e+00
4.729999999999972893e+00
4.739999999999972680e+00
4.749999999999972466e+00
4.759999999999972253e+00
4.769999999999972040e+00
4.779999999999971827e+00
4.789999999999971614e+00
4.799999999999971401e+00
4.809999999999971187e+00
4.819999999999970974e+00
4.829999999999970761e+00
4.839999999999970548e+00
4.849999999999970335e+00
4.859999999999970122e+00
4.869999999999969909e+00
4.879999999999969695e+00
4.889999999999969482e+00
4.899999999999969269e+00
4.909999999999969056e+00
4.919999999999968843e+00
4.929999999999968630e+00
4.939999999999968416e+00
4.949999999999968203e+00
4.959999999999967990e+00
4.969999999999967777e+00
4.979999999999967564e+00
4.989999999999967351e+00
4.999999999999967137e+00
5.009999999999966924e+00
5.019999999999966711e+00
5.029999999999966498e+00
5.039999999999966285e+00
5.049999999999966072e+00
5.059999999999965858e+00
5.069999999999965645e+00
5.079999999999965432e+00
5.089999999999965219e+00
5.099999999999965006e+00
5.109999999999964793e+00
5.119999999999964579e+00
5.129999999999964366e+00
5.139999999999964153e+00
5.149999999999963940e+00
5.154999999999963833e+00
5.160000000000000142e+00
5.169999999999999929e+00
5.179999999999999716e+00
5.189999999999999503e+00
5.199999999999999289e+00
5.209999999999999076e+00
5.219999999999998863e+00
5.229999999999998650e+00
5.239999999999998437e+00
5.249999999999998224e+00
5.259999999999998010e+00
5.269999999999997797e+00
5.279999999999997584e+00
5.289999999999997371e+00
5.299999999999997158e+00
5.309999999999996945e+00
5.319999999999996732e+00
5.329999999999996518e+00
5.339999999999996305e+00
5.349999999999996092e+00
5.359999999999995879e+00
5.369999999999995666e+00
5.379999999999995453e+00
5.389999999999995239e+00
5.399999999999995026e+00
5.409999999999994813e+00
5.419999999999994600e+00
5.429999999999994387e+00
5.439999999999994174e+00
5.449999999999993960e+00
5.459999999999993747e+00
5.469999999999993534e+00
5.479999999999993321e+00
5.489999999999993108e+00
5.499999999999992895e+00
5.509999999999992681e+00
5.519999999999992468e+00
5.529999999999992255e+00
5.539999999999992042e+00
5.549999999999991829e+00
5.559999999999991616e+00
5.569999999999991402e+00
5.579999999999991189e+00
5.589999999999990976e+00
5.599999999999990763e+00
5.609999999999990550e+00
5.619999999999990337e+00
5.629999999999990123e+00
5.639999999999989910e+00
5.649999999999989697e+00
5.659999999999989484e+00
5.669999999999989271e+00
5.679999999999989058e+00
5.689999999999988844e+00
5.699999999999988631e+00
5.709999999999988418e+00
5.719999999999988205e+00
5.729999999999987992e+00
5.739999999999987779e+00
5.749999999999987566e+00
5.759999999999987352e+00
5.769999999999987139e+00
5.779999999999986926e+00
5.789999999999986713e+00
5.799999999999986500e+00
5.809999999999986287e+00
5.819999999999986073e+00
5.829999999999985860e+00
5.839999999999985647e+00
5.849999999999985434e+00
5.859999999999985221e+00
5.869999999999985008e+00
5.879999999999984794e+00
5.889999999999984581e+00
5.899999999999984368e+00
5.909999999999984155e+00
5.919999999999983942e+00
5.929999999999983729e+00
5.939999999999983515e+00
5.949999999999983302e+00
5.959999999999983089e+00
5.969999999999982876e+00
5.979999999999982663e+00
5.989999999999982450e+00
5.999999999999982236e+00
6.009999999999982023e+00
6.019999999999981810e+00
6.029999999999981597e+00
6.039999999999981384e+00
6.044999999999981277e+00
6.054999999999981064e+00
6.064999999999980851e+00
6.074999999999980638e+00
6.080000000000000071e+00
6.089999999999999858e+00
6.099999999999999645e+00
6.109999999999999432e+00
6.119999999999999218e+00
6.129999999999999005e+00
6.139999999999998792e+00
6.149999999999998579e+00
6.159999999999998366e+00
6.169999999999998153e+00
6.179999999999997939e+00
6.189999999999997726e+00
6.199999999999997513e+00
6.209999999999997300e+00
6.219999999999997087e+00
6.229999999999996874e+00
6.239999999999996660e+00
6.249999999999996447e+00
6.259999999999996234e+00
6.269999999999996021e+00
6.279999999999995808e+00
6.289999999999995595e+00
6.299999999999995381e+00
6.309999999999995168e+00
6.319999999999994955e+00
6.329999999999994742e+00
6.339999999999994529e+00
6.349999999999994316e+00
6.359999999999994102e+00
6.369999999999993889e+00
6.379999999999993676e+00
6.389999999999993463e+00
6.399999999999993250e+00
6.409999999999993037e+00
6.419999999999992824e+00
6.429999999999992610e+00
6.439999999999992397e+00
6.449999999999992184e+00
6.459999999999991971e+00
6.469999999999991758e+00
6.479999999999991545e+00
6.489999999999991331e+00
6.499999999999991118e+00
6.509999999999990905e+00
6.519999999999990692e+00
6.529999999999990479e+00
6.539999999999990266e+00
6.549999999999990052e+00
6.559999999999989839e+00
6.569999999999989626e+00
6.579999999999989413e+00
6.589999999999989200e+00
6.599999999999988987e+00
6.609999999999988773e+00
6.619999999999988560e+00
6.629999999999988347e+00
6.639999999999988134e+00
6.649999999999987921e+00
6.659999999999987708e+00
6.669999999999987494e+00
6.679999999999987281e+00
6.689999999999987068e+00
6.699999999999986855e+00
6.709999999999986642e+00
6.719999999999986429e+00
6.729999999999986215e+00
6.739999999999986002e+00
6.749999999999985789e+00
6.759999999999985576e+00
6.769999999999985363e+00
6.779999999999985150e+00
6.789999999999984936e+00
6.799999999999984723e+00
6.809999999999984510e+00
6.819999999999984297e+00
6.829999999999984084e+00
6.839999999999983871e+00
6.849999999999983658e+00
6.859999999999983444e+00
6.869999999999983231e+00
6.879999999999983018e+00
6.889999999999982805e+00
6.899999999999982592e+00
6.909999999999982379e+00
6.919999999999982165e+00
6.929999999999981952e+00
6.939999999999981739e+00
6.949999999999981526e+00
6.959999999999981313e+00
6.969999999999981100e+00
6.979999999999980886e+00
6.989999999999980673e+00
6.999999999999980460e+00
7.009999999999980247e+00
7.019999999999980034e+00
7.029999999999979821e+00
7.039999999999979607e+00
7.049999999999979394e+00
7.059999999999979181e+00
7.069999999999978968e+00
7.079999999999978755e+00
7.089999999999978542e+00
7.099999999999978328e+00
7.109999999999978115e+00
7.119999999999977902e+00
7.129999999999977689e+00
7.139999999999977476e+00
7.149999999999977263e+00
7.159999999999977049e+00
7.169999999999976836e+00
7.179999999999976623e+00
7.189999999999976410e+00
7.199999999999976197e+00
7.209999999999975984e+00
7.219999999999975770e+00
7.229999999999975557e+00
7.239999999999975344e+00
7.249999999999975131e+00
7.259999999999974918e+00
7.269999999999974705e+00
7.279999999999974492e+00
7.289999999999974278e+00
7.299999999999974065e+00
7.309999999999973852e+00
7.319999999999973639e+00
7.329999999999973426e+00
7.339999999999973213e+00
7.349999999999972999e+00
7.359999999999972786e+00
7.369999999999972573e+00
7.379999999999972360e+00
7.389999999999972147e+00
7.399999999999971934e+00
7.409999999999971720e+00
7.419999999999971507e+00
7.429999999999971294e+00
7.439999999999971081e+00
7.449999999999970868e+00
7.459999999999970655e+00
7.469999999999970441e+00
7.479999999999970228e+00
7.489999999999970015e+00
7.499999999999969802e+00
7.509999999999969589e+00
7.519999999999969376e+00
7.529999999999969162e+00
7.539999999999968949e+00
7.549999999999968736e+00
7.559999999999968523e+00
7.569999999999968310e+00
7.579999999999968097e+00
7.589999999999967883e+00
7.599999999999967670e+00
7.609999999999967457e+00
7.619999999999967244e+00
7.629999999999967031e+00
7.639999999999966818e+00
7.649999999999966604e+00
7.659999999999966391e+00
7.669999999999966178e+00
7.679999999999965965e+00
7.689999999999965752e+00
7.699999999999965539e+00
7.709999999999965326e+00
7.719999999999965112e+00
7.729999999999964899e+00
7.739999999999964686e+00
7.749999999999964473e+00
7.759999999999964260e+00
7.769999999999964047e+00
7.779999999999963833e+00
7.789999999999963620e+00
7.799999999999963407e+00
7.809999999999963194e+00
7.819999999999962981e+00
7.829999999999962768e+00
7.839999999999962554e+00
7.849999999999962341e+00
7.859999999999962128e+00
7.869999999999961915e+00
7.879999999999961702e+00
7.889999999999961489e+00
7.899999999999961275e+00
7.909999999999961062e+00
7.914999999999960956e+00
7.919999999999999929e+00
7.929999999999999716e+00
7.939999999999999503e+00
7.949999999999999289e+00
7.959999999999999076e+00
7.969999999999998863e+00
7.979999999999998650e+00
7.989999999999998437e+00
7.999999999999998224e+00
8.009999999999998010e+00
8.019999999999997797e+00
8.029999999999997584e+00
8.039999999999997371e+00
8.049999999999997158e+00
8.054999999999997939e+00
8.059999999999998721e+00
8.069999999999998508e+00
8.079999999999998295e+00
8.084999999999999076e+00
8.089999999999999858e+00
8.099999999999999645e+00
8.105000000000000426e+00
8.110000000000001208e+00
8.115000000000001990e+00
8.120000000000000995e+00
8.125000000000000000e+00
8.134999999999998010e+00
8.144999999999997797e+00
8.154999999999997584e+00
8.160000000000000142e+00
8.169999999999999929e+00
8.179999999999999716e+00
8.189999999999999503e+00
8.199999999999999289e+00
8.209999999999999076e+00
8.219999999999998863e+00
8.229999999999998650e+00
8.239999999999998437e+00
8.249999999999998224e+00
8.259999999999998010e+00
8.269999999999997797e+00
8.279999999999997584e+00
8.289999999999997371e+00
8.294999999999998153e+00
8.299999999999998934e+00
8.309999999999998721e+00
8.319999999999998508e+00
8.324999999999999289e+00
8.330000000000000071e+00
8.335000000000000853e+00
8.340000000000001634e+00
8.345000000000002416e+00
8.350000000000003197e+00
8.355000000000000426e+00
8.359999999999999432e+00
8.364999999999998437e+00
8.374999999999996447e+00
8.379999999999997229e+00
8.389999999999997016e+00
8.394999999999997797e+00
8.400000000000000355e+00
8.410000000000000142e+00
8.419999999999999929e+00
8.429999999999999716e+00
8.439999999999999503e+00
8.449999999999999289e+00
8.459999999999999076e+00
8.469999999999998863e+00
8.479999999999998650e+00
8.489999999999998437e+00
8.499999999999998224e+00
8.509999999999998010e+00
8.519999999999997797e+00
8.529999999999997584e+00
8.539999999999997371e+00
8.549999999999997158e+00
8.554999999999997939e+00
8.560000000000000497e+00
8.565000000000001279e+00
8.570000000000002061e+00
8.575000000000002842e+00
8.580000000000003624e+00
8.585000000000004405e+00
8.590000000000005187e+00
8.595000000000002416e+00
8.599999999999999645e+00
8.602499999999999147e+00
8.607499999999996376e+00
8.612499999999993605e+00
8.614999999999991331e+00
8.619999999999988560e+00
8.624999999999985789e+00
8.629999999999983018e+00
8.634999999999980247e+00
8.640000000000000568e+00
8.650000000000000355e+00
8.660000000000000142e+00
8.669999999999999929e+00
8.679999999999999716e+00
8.689999999999999503e+00
8.699999999999999289e+00
8.709999999999999076e+00
8.719999999999998863e+00
8.729999999999998650e+00
8.739999999999998437e+00
8.749999999999998224e+00
8.759999999999998010e+00
8.769999999999997797e+00
8.779999999999997584e+00
8.789999999999997371e+00
8.794999999999998153e+00
8.800000000000000711e+00
8.805000000000001492e+00
8.815000000000001279e+00
8.820000000000002061e+00
8.825000000000002842e+00
8.830000000000003624e+00
8.832500000000001350e+00
8.834999999999999076e+00
8.837499999999996803e+00
8.839999999999999858e+00
8.845000000000005969e+00
8.847500000000005471e+00
8.852500000000006253e+00
8.855000000000005755e+00
8.857500000000005258e+00
8.860000000000004761e+00
8.865000000000005542e+00
8.870000000000006324e+00
8.875000000000003553e+00
8.880000000000000782e+00
8.884999999999998010e+00
8.887499999999995737e+00
8.892499999999992966e+00
8.897499999999990195e+00
8.902499999999987423e+00
8.907499999999984652e+00
8.912499999999981881e+00
8.919999999999999929e+00
8.925000000000000711e+00
8.930000000000001492e+00
8.940000000000001279e+00
8.950000000000001066e+00
8.960000000000000853e+00
8.970000000000000639e+00
8.980000000000000426e+00
8.990000000000000213e+00
9.000000000000000000e+00
9.009999999999999787e+00
9.019999999999999574e+00
9.029999999999999361e+00
9.039999999999999147e+00
9.049999999999998934e+00
9.054999999999999716e+00
9.060000000000000497e+00
9.065000000000001279e+00
9.070000000000002061e+00
9.075000000000001066e+00
9.077500000000000568e+00
9.080000000000000071e+00
9.084999999999999076e+00
9.087499999999998579e+00
9.089999999999998082e+00
9.092499999999997584e+00
9.094999999999997087e+00
9.097499999999996589e+00
9.102499999999995595e+00
9.104999999999995097e+00
9.107499999999994600e+00
9.109999999999994102e+00
9.112499999999993605e+00
9.114999999999993108e+00
9.119999999999992113e+00
9.122499999999991616e+00
9.124999999999991118e+00
9.129999999999990123e+00
9.134999999999989129e+00
9.139999999999988134e+00
9.144999999999987139e+00
9.149999999999986144e+00
9.154999999999985150e+00
9.160000000000000142e+00
9.165000000000000924e+00
9.170000000000001705e+00
9.180000000000001492e+00
9.190000000000001279e+00
9.200000000000001066e+00
9.210000000000000853e+00
9.220000000000000639e+00
9.230000000000000426e+00
9.240000000000000213e+00
9.250000000000000000e+00
9.259999999999999787e+00
9.269999999999999574e+00
9.279999999999999361e+00
9.289999999999999147e+00
9.299999999999998934e+00
9.309999999999998721e+00
9.314999999999999503e+00
9.320000000000000284e+00
9.325000000000001066e+00
9.330000000000001847e+00
9.335000000000002629e+00
9.340000000000003411e+00
9.342500000000002913e+00
9.345000000000002416e+00
9.350000000000003197e+00
9.355000000000000426e+00
9.357499999999999929e+00
9.359999999999999432e+00
9.362499999999998934e+00
9.367499999999997939e+00
9.369999999999997442e+00
9.372499999999996945e+00
9.374999999999996447e+00
9.377499999999995950e+00
9.379999999999995453e+00
9.382499999999994955e+00
9.384999999999994458e+00
9.387499999999993960e+00
9.389999999999993463e+00
9.392499999999992966e+00
9.394999999999992468e+00
9.397499999999991971e+00
9.400000000000000355e+00
9.402500000000008740e+00
9.405000000000017124e+00
9.407500000000025508e+00
9.410000000000033893e+00
9.415000000000050662e+00
9.420000000000051443e+00
9.422500000000050946e+00
9.427500000000051728e+00
9.432500000000052509e+00
9.439999999999999503e+00
9.449999999999999289e+00
9.459999999999999076e+00
9.469999999999998863e+00
9.479999999999998650e+00
9.489999999999998437e+00
9.499999999999998224e+00
9.509999999999998010e+00
9.519999999999997797e+00
9.529999999999997584e+00
9.539999999999997371e+00
9.549999999999997158e+00
9.559999999999996945e+00
9.564999999999997726e+00
9.574999999999997513e+00
9.579999999999998295e+00
9.584999999999999076e+00
9.587499999999998579e+00
9.592499999999999361e+00
9.596249999999999503e+00
9.599999999999999645e+00
9.603749999999999787e+00
9.607499999999999929e+00
9.611250000000000071e+00
9.613125000000000142e+00
9.615000000000000213e+00
9.616875000000000284e+00
9.620625000000000426e+00
9.622500000000000497e+00
9.624375000000000568e+00
9.626250000000000639e+00
9.628125000000000711e+00
9.630000000000000782e+00
9.631875000000000853e+00
9.633750000000000924e+00
9.637500000000001066e+00
9.640000000000000568e+00
9.642500000000000071e+00
9.644999999999999574e+00
9.647499999999999076e+00
9.649999999999998579e+00
9.652499999999998082e+00
9.654999999999997584e+00
9.657499999999997087e+00
9.662499999999996092e+00
9.664999999999995595e+00
9.667499999999995097e+00
9.672499999999994102e+00
9.676249999999996021e+00
9.679999999999999716e+00
9.687500000000007105e+00
9.692500000000007887e+00
9.702500000000007674e+00
9.707500000000008455e+00
9.717500000000008242e+00
9.720000000000000639e+00
9.724999999999985434e+00
9.734999999999955023e+00
9.744999999999954809e+00
9.754999999999954596e+00
9.759999999999999787e+00
9.769999999999999574e+00
9.779999999999999361e+00
9.789999999999999147e+00
9.799999999999998934e+00
9.809999999999998721e+00
9.819999999999998508e+00
9.829999999999998295e+00
9.834999999999999076e+00
9.839999999999999858e+00
9.845000000000000639e+00
9.850000000000001421e+00
9.855000000000002203e+00
9.857500000000001705e+00
9.860000000000001208e+00
9.865000000000001990e+00
9.870000000000002771e+00
9.872500000000002274e+00
9.875000000000001776e+00
9.877500000000001279e+00
9.880000000000000782e+00
9.884999999999999787e+00
9.887499999999999289e+00
9.889999999999998792e+00
9.892499999999998295e+00
9.897499999999997300e+00
9.902499999999996305e+00
9.907499999999995310e+00
9.909999999999994813e+00
9.914999999999993818e+00
9.919999999999999929e+00
9.922499999999999432e+00
9.927500000000000213e+00
9.932500000000000995e+00
9.937500000000001776e+00
9.942500000000002558e+00
9.947500000000003340e+00
9.952500000000004121e+00
9.960000000000000853e+00
9.970000000000000639e+00
9.980000000000000426e+00
9.990000000000000213e+00
1.000000000000000000e+01
1.000999999999999979e+01
1.001999999999999957e+01
1.002999999999999936e+01
1.003999999999999915e+01
1.004999999999999893e+01
1.005999999999999872e+01
1.006999999999999851e+01
1.007999999999999829e+01
1.008499999999999908e+01
1.008999999999999986e+01
1.009500000000000064e+01
1.010500000000000043e+01
1.011000000000000121e+01
1.011250000000000249e+01
1.011500000000000377e+01
1.012000000000000099e+01
1.012249999999999872e+01
1.012499999999999645e+01
1.012749999999999417e+01
1.013249999999999140e+01
1.013499999999999091e+01
1.013749999999998863e+01
1.013999999999998636e+01
1.014249999999998408e+01
1.014499999999998181e+01
1.014749999999997954e+01
1.014999999999997726e+01
1.015249999999997499e+01
1.015499999999997272e+01
1.015749999999997044e+01
1.016000000000000014e+01
1.016250000000002984e+01
1.016500000000005954e+01
1.016750000000008924e+01
1.017000000000011894e+01
1.017250000000014865e+01
1.017500000000017835e+01
1.017750000000020805e+01
1.018000000000023775e+01
1.018250000000026745e+01
1.018500000000029715e+01
1.018750000000032685e+01
1.019000000000035655e+01
1.019250000000038625e+01
1.019500000000041595e+01
1.020000000000000107e+01
1.020499999999958618e+01
1.020999999999917129e+01
1.021499999999875641e+01
1.021999999999834152e+01
1.022999999999751175e+01
1.023999999999751154e+01
1.024999999999751132e+01
1.025999999999751111e+01
1.026999999999751090e+01
1.027999999999751068e+01
1.028999999999751047e+01
1.029999999999751026e+01
1.030999999999751005e+01
1.031999999999750983e+01
1.032999999999750962e+01
1.033999999999750941e+01
1.034999999999750919e+01
1.035999999999750898e+01
1.036499999999750976e+01
1.036999999999751054e+01
1.037999999999751033e+01
1.038249999999750983e+01
1.038749999999751061e+01
1.039249999999751140e+01
1.039624999999875499e+01
1.040000000000000036e+01
1.040375000000124572e+01
1.040750000000249109e+01
1.041125000000373646e+01
1.041312500000436003e+01
1.041500000000498360e+01
1.041687500000560718e+01
1.042062500000685255e+01
1.042250000000747434e+01
1.042625000000871971e+01
1.042812500000934151e+01
1.043000000000996508e+01
1.043375000001121045e+01
1.043999999999999950e+01
1.044249999999999901e+01
1.044499999999999851e+01
1.044999999999999929e+01
1.045500000000000007e+01
1.046000000000000085e+01
1.047000000000000064e+01
1.047500000000000142e+01
1.048000000000000043e+01
1.048999999999999844e+01
1.049999999999999822e+01
1.050999999999999801e+01
1.051999999999999780e+01
1.052999999999999758e+01
1.053999999999999737e+01
1.054999999999999716e+01
1.055999999999999694e+01
1.056999999999999673e+01
1.057999999999999652e+01
1.058999999999999631e+01
1.059499999999999709e+01
1.059999999999999964e+01
1.060999999999999943e+01
1.061500000000000021e+01
1.062000000000000099e+01
1.062500000000000178e+01
1.062750000000000128e+01
1.063000000000000078e+01
1.063250000000000028e+01
1.063499999999999979e+01
1.063749999999999929e+01
1.064000000000000057e+01
1.064500000000000313e+01
1.064750000000000263e+01
1.065000000000000213e+01
1.065250000000000163e+01
1.065500000000000114e+01
1.065750000000000064e+01
1.066000000000000014e+01
1.066500000000000092e+01
1.066750000000000043e+01
1.066999999999999993e+01
1.067249999999999943e+01
1.067499999999999893e+01
1.067749999999999844e+01
1.067999999999999972e+01
1.068250000000000099e+01
1.068750000000000355e+01
1.069000000000000306e+01
1.069250000000000256e+01
1.069500000000000206e+01
1.069750000000000156e+01
1.070000000000000107e+01
1.070250000000000057e+01
1.070500000000000007e+01
1.071000000000000085e+01
1.071250000000000036e+01
1.071500000000000163e+01
1.072000000000000064e+01
1.072250000000000014e+01
1.072749999999999915e+01
1.073249999999999815e+01
1.073749999999999716e+01
1.074249999999999616e+01
1.075249999999999417e+01
1.075999999999999979e+01
1.076999999999999957e+01
1.077999999999999936e+01
1.078999999999999915e+01
1.079999999999999893e+01
1.080999999999999872e+01
1.081999999999999851e+01
1.082999999999999829e+01
1.083999999999999808e+01
1.084999999999999787e+01
1.085999999999999766e+01
1.086499999999999844e+01
1.087499999999999822e+01
1.088000000000000078e+01
1.088500000000000156e+01
1.089000000000000234e+01
1.089500000000000313e+01
1.089750000000000263e+01
1.090000000000000213e+01
1.090250000000000163e+01
1.090750000000000242e+01
1.091000000000000192e+01
1.091500000000000270e+01
1.091750000000000043e+01
1.091999999999999993e+01
1.092249999999999943e+01
1.092499999999999893e+01
1.092749999999999844e+01
1.092999999999999794e+01
1.093249999999999744e+01
1.093499999999999694e+01
1.093749999999999645e+01
1.093999999999999595e+01
1.094249999999999545e+01
1.094499999999999496e+01
1.094749999999999446e+01
1.094999999999999396e+01
1.095499999999999297e+01
1.095749999999999602e+01
1.096000000000000085e+01
1.096250000000000568e+01
1.096750000000001535e+01
1.097250000000001613e+01
1.097750000000001691e+01
1.098250000000001769e+01
1.098750000000001847e+01
1.099750000000001826e+01
1.100000000000000000e+01
1.100499999999996348e+01
1.100999999999992696e+01
1.101999999999985391e+01
1.102999999999985370e+01
1.103999999999985349e+01
1.104999999999985327e+01
1.105999999999985306e+01
1.106999999999985285e+01
1.107999999999985263e+01
1.108999999999985242e+01
1.109999999999985221e+01
1.110999999999985199e+01
1.111999999999985178e+01
1.112999999999985157e+01
1.113499999999985235e+01
1.113999999999985313e+01
1.114499999999985391e+01
1.114999999999985469e+01
1.115249999999985420e+01
1.115499999999985370e+01
1.115999999999985448e+01
1.116499999999985526e+01
1.116749999999985477e+01
1.116999999999985427e+01
1.117249999999985377e+01
1.117499999999985327e+01
1.117749999999985278e+01
1.117999999999985228e+01
1.118249999999985178e+01
1.118499999999985128e+01
1.118749999999985079e+01
1.118999999999985029e+01
1.119249999999984979e+01
1.119499999999984929e+01
1.119749999999984880e+01
1.120000000000000107e+01
1.120250000000015334e+01
1.120500000000030560e+01
1.120750000000045787e+01
1.121000000000061014e+01
1.121250000000076241e+01
1.121500000000091468e+01
1.121750000000106695e+01
1.122000000000121922e+01
1.122250000000137149e+01
1.122500000000152376e+01
1.122750000000167603e+01
1.123000000000182830e+01
1.123250000000198057e+01
1.123500000000213284e+01
1.124000000000000021e+01
1.124499999999786759e+01
1.124999999999573497e+01
1.125499999999360234e+01
1.126499999998933710e+01
1.127499999998933689e+01
1.127999999999999936e+01
1.128999999999999915e+01
1.129999999999999893e+01
1.130999999999999872e+01
1.131999999999999851e+01
1.132999999999999829e+01
1.133999999999999808e+01
1.134999999999999787e+01
1.135999999999999766e+01
1.136999999999999744e+01
1.137999999999999723e+01
1.138499999999999801e+01
1.139499999999999780e+01
1.140000000000000036e+01
1.140500000000000114e+01
1.141000000000000192e+01
1.141250000000000142e+01
1.141500000000000092e+01
1.141750000000000043e+01
1.141999999999999993e+01
1.142249999999999943e+01
1.142499999999999893e+01
1.142749999999999844e+01
1.142999999999999794e+01
1.143499999999999872e+01
1.143999999999999950e+01
1.144249999999999901e+01
1.144499999999999851e+01
1.144749999999999801e+01
1.144999999999999751e+01
1.145249999999999702e+01
1.145499999999999652e+01
1.145749999999999602e+01
1.145999999999999552e+01
1.146499999999999631e+01
1.146999999999999709e+01
1.147249999999999659e+01
1.147499999999999609e+01
1.147749999999999559e+01
1.148000000000000043e+01
1.148250000000000526e+01
1.148500000000001009e+01
1.148750000000001492e+01
1.149000000000001975e+01
1.149250000000002458e+01
1.149500000000002942e+01
1.149750000000003425e+01
1.150000000000003908e+01
1.150250000000004391e+01
1.150750000000005357e+01
1.151000000000005308e+01
1.151250000000005258e+01
1.151750000000005336e+01
1.151999999999999957e+01
1.152499999999989200e+01
1.152999999999978442e+01
1.153999999999956927e+01
1.154999999999956906e+01
1.155999999999956884e+01
1.156999999999956863e+01
1.157999999999956842e+01
1.158999999999956820e+01
1.159999999999956799e+01
1.160999999999956778e+01
1.161999999999956756e+01
1.162999999999956735e+01
1.163499999999956813e+01
1.164000000000000057e+01
1.164500000000000135e+01
1.165000000000000213e+01
1.165500000000000291e+01
1.166000000000000369e+01
1.166250000000000320e+01
1.166500000000000270e+01
1.167000000000000348e+01
1.167250000000000121e+01
1.167749999999999844e+01
1.167999999999999972e+01
1.168250000000000099e+01
1.168500000000000227e+01
1.168750000000000355e+01
1.169250000000000611e+01
1.169500000000000561e+01
1.170000000000000639e+01
1.170250000000000590e+01
1.170500000000000540e+01
1.170750000000000490e+01
1.171000000000000441e+01
1.171500000000000519e+01
1.171750000000000291e+01
1.172000000000000064e+01
1.172249999999999837e+01
1.172499999999999609e+01
1.172749999999999382e+01
1.172999999999999154e+01
1.173249999999998927e+01
1.173499999999998700e+01
1.173749999999998472e+01
1.174249999999998018e+01
1.174499999999997790e+01
1.174749999999997563e+01
1.174999999999997335e+01
1.175249999999997108e+01
1.175749999999996653e+01
1.175999999999999979e+01
1.176500000000006629e+01
1.176750000000006580e+01
1.177250000000006658e+01
1.177750000000006736e+01
1.178250000000006814e+01
1.179250000000006793e+01
1.180000000000000071e+01
1.181000000000000050e+01
1.182000000000000028e+01
1.183000000000000007e+01
1.183999999999999986e+01
1.184999999999999964e+01
1.185999999999999943e+01
1.186999999999999922e+01
1.187999999999999901e+01
1.188999999999999879e+01
1.189999999999999858e+01
1.190499999999999936e+01
1.191000000000000014e+01
1.191499999999999915e+01
1.191999999999999993e+01
1.192500000000000071e+01
1.193000000000000149e+01
1.193250000000000099e+01
1.193500000000000050e+01
1.193750000000000000e+01
1.193999999999999950e+01
1.194500000000000028e+01
1.194749999999999979e+01
1.194999999999999929e+01
1.195249999999999879e+01
1.195499999999999829e+01
1.195749999999999780e+01
1.196000000000000085e+01
1.196250000000000391e+01
1.196500000000000696e+01
1.196750000000001002e+01
1.197000000000001307e+01
1.197500000000001918e+01
1.197750000000001869e+01
1.198000000000001819e+01
1.198250000000001769e+01
1.198500000000001720e+01
1.198750000000001670e+01
1.199000000000001620e+01
1.199250000000001570e+01
1.199500000000001521e+01
1.199750000000000760e+01
1.200000000000000000e+01
1.200249999999999240e+01
1.200749999999997719e+01
1.200999999999996959e+01
1.201499999999995438e+01
1.201999999999993918e+01
1.202499999999992397e+01
1.202749999999991637e+01
1.203249999999990116e+01
1.204000000000000092e+01
1.204500000000000171e+01
1.205000000000000249e+01
1.205500000000000327e+01
1.206500000000000306e+01
1.207500000000000284e+01
1.208000000000000007e+01
1.208999999999999453e+01
1.209999999999999432e+01
1.210999999999999410e+01
1.211999999999999389e+01
1.212999999999999368e+01
1.213999999999999346e+01
1.214999999999999325e+01
1.215499999999999403e+01
1.215749999999999709e+01
1.216000000000000014e+01
1.216500000000000625e+01
1.216750000000000576e+01
1.217250000000000654e+01
1.217500000000000604e+01
1.217750000000000554e+01
1.218250000000000632e+01
1.218500000000000583e+01
1.218750000000000533e+01
1.219250000000000611e+01
1.219625000000000270e+01
1.220000000000000107e+01
1.220374999999999943e+01
1.220749999999999780e+01
1.220937499999999787e+01
1.221124999999999616e+01
1.221499999999999453e+01
1.221874999999999289e+01
1.222062499999999119e+01
1.222249999999998948e+01
1.222437499999998778e+01
1.222812499999998614e+01
1.222999999999998622e+01
1.223187499999998451e+01
1.223374999999998280e+01
1.223562499999998110e+01
1.223937499999997947e+01
1.224000000000000021e+01
1.224125000000004171e+01
1.224375000000012470e+01
1.224500000000016620e+01
1.224750000000024919e+01
1.225000000000033218e+01
1.225250000000041517e+01
1.225500000000049816e+01
1.225750000000058115e+01
1.226000000000066414e+01
1.226250000000074714e+01
1.226500000000083013e+01
1.226750000000091312e+01
1.227000000000099611e+01
1.227500000000116209e+01
1.228000000000000114e+01
1.228249999999941977e+01
1.228749999999825882e+01
1.229249999999709786e+01
1.229749999999593690e+01
1.230749999999361499e+01
1.231249999999361577e+01
1.232000000000000028e+01
1.233000000000000007e+01
1.233999999999999986e+01
1.234999999999999964e+01
1.235999999999999943e+01
1.236999999999999922e+01
1.237999999999999901e+01
1.238999999999999879e+01
1.239999999999999858e+01
1.240999999999999837e+01
1.241999999999999815e+01
1.242499999999999893e+01
1.242999999999999972e+01
1.243499999999999872e+01
1.243999999999999950e+01
1.244500000000000028e+01
1.244749999999999979e+01
1.244999999999999929e+01
1.245249999999999879e+01
1.245499999999999829e+01
1.245749999999999780e+01
1.245999999999999730e+01
1.246249999999999680e+01
1.246499999999999631e+01
1.246749999999999581e+01
1.246999999999999531e+01
1.247249999999999481e+01
1.247749999999999559e+01
1.248000000000000043e+01
1.248250000000000526e+01
1.248500000000001009e+01
1.249000000000001975e+01
1.249250000000001926e+01
1.249375000000001990e+01
1.249625000000001940e+01
1.249750000000002004e+01
1.250000000000001954e+01
1.250250000000001904e+01
1.250750000000001982e+01
1.250875000000002046e+01
1.251125000000001997e+01
1.251625000000002075e+01
1.251999999999999957e+01
1.252187499999998899e+01
1.252562499999996781e+01
1.252749999999995723e+01
1.252937499999994664e+01
1.253312499999992546e+01
1.253687499999990429e+01
1.254062499999988312e+01
1.254437499999986194e+01
1.255187499999981959e+01
1.256000000000000050e+01
1.256500000000000128e+01
1.257500000000000107e+01
1.258000000000000185e+01
1.259000000000000163e+01
1.259999999999999964e+01
1.260999999999999943e+01
1.261999999999999922e+01
1.262999999999999901e+01
1.263999999999999879e+01
1.264999999999999858e+01
1.265999999999999837e+01
1.266999999999999815e+01
1.267499999999999893e+01
1.267999999999999972e+01
1.268500000000000050e+01
1.269000000000000128e+01
1.269500000000000206e+01
1.270500000000000185e+01
1.270750000000000135e+01
1.271000000000000085e+01
1.271500000000000163e+01
1.271750000000000114e+01
1.272000000000000064e+01
1.272250000000000014e+01
1.272499999999999964e+01
1.272749999999999915e+01
1.272999999999999865e+01
1.273249999999999815e+01
1.273499999999999766e+01
1.273749999999999716e+01
1.273999999999999666e+01
1.274249999999999616e+01
1.274499999999999567e+01
1.274749999999999517e+01
1.274999999999999467e+01
1.275249999999999417e+01
1.275499999999999368e+01
1.275749999999999318e+01
1.275999999999999979e+01
1.276250000000000639e+01
1.276375000000000881e+01
1.276625000000001542e+01
1.276875000000002203e+01
1.277125000000002863e+01
1.277375000000003524e+01
1.277625000000004185e+01
1.277875000000004846e+01
1.278125000000005507e+01
1.278375000000006168e+01
1.278625000000006828e+01
1.278875000000007489e+01
1.279375000000008811e+01
1.279687500000004441e+01
1.280000000000000071e+01
1.280312499999995701e+01
1.280624999999991331e+01
1.281249999999982592e+01
1.281749999999982670e+01
1.282249999999982748e+01
1.282749999999982826e+01
1.283249999999982904e+01
1.283999999999999986e+01
1.284999999999999964e+01
1.285999999999999943e+01
1.286999999999999922e+01
1.287999999999999901e+01
1.288999999999999879e+01
1.289999999999999858e+01
1.290999999999999837e+01
1.291999999999999815e+01
1.292999999999999794e+01
1.293999999999999773e+01
1.294999999999999751e+01
1.295499999999999829e+01
1.296000000000000085e+01
1.296250000000000036e+01
1.296499999999999986e+01
1.296749999999999936e+01
1.297250000000000014e+01
1.297499999999999964e+01
1.297749999999999915e+01
1.297999999999999865e+01
1.298249999999999815e+01
1.298749999999999893e+01
1.298999999999999844e+01
1.299249999999999794e+01
1.299749999999999872e+01
1.300000000000000000e+01
1.300250000000000128e+01
1.300500000000000256e+01
1.300750000000000384e+01
1.301000000000000512e+01
1.301250000000000639e+01
1.301500000000000767e+01
1.301750000000000895e+01
1.302000000000001023e+01
1.302250000000001151e+01
1.302500000000001279e+01
1.302625000000001343e+01
1.302875000000001471e+01
1.303125000000001599e+01
1.303625000000001855e+01
1.303812500000000973e+01
1.304000000000000092e+01
1.304187499999999211e+01
1.304374999999998330e+01
1.304749999999996568e+01
1.305124999999994806e+01
1.305499999999993044e+01
1.305687499999992163e+01
1.306062499999990401e+01
1.306249999999989519e+01
1.306624999999987757e+01
1.306999999999985995e+01
1.307374999999984233e+01
1.308000000000000007e+01
1.308500000000000085e+01
1.309500000000000064e+01
1.310500000000000043e+01
1.311500000000000021e+01
1.312000000000000099e+01
1.313000000000000078e+01
1.314000000000000057e+01
1.315000000000000036e+01
1.316000000000000014e+01
1.316999999999999993e+01
1.317999999999999972e+01
1.318500000000000050e+01
1.319500000000000028e+01
1.320000000000000107e+01
1.320500000000000185e+01
1.321500000000000163e+01
1.321750000000000114e+01
1.322000000000000064e+01
1.322250000000000014e+01
1.322750000000000092e+01
1.323250000000000171e+01
1.323625000000000185e+01
1.323812500000000014e+01
1.324000000000000021e+01
1.324375000000000036e+01
1.324562500000000043e+01
1.324750000000000050e+01
1.324937500000000057e+01
1.325125000000000064e+01
1.325312500000000071e+01
1.325500000000000078e+01
1.325687500000000085e+01
1.325875000000000092e+01
1.326062500000000099e+01
1.326250000000000107e+01
1.326437500000000114e+01
1.326625000000000121e+01
1.326812500000000128e+01
1.327000000000000135e+01
1.327187500000000142e+01
1.327375000000000149e+01
1.327562500000000156e+01
1.327750000000000163e+01
1.328000000000000114e+01
1.328125000000000000e+01
1.328374999999999950e+01
1.328500000000000014e+01
1.328624999999999901e+01
1.328749999999999787e+01
1.328874999999999673e+01
1.328999999999999559e+01
1.329124999999999446e+01
1.329374999999999396e+01
1.329624999999999346e+01
1.329749999999999233e+01
1.329874999999999119e+01
1.330124999999999069e+01
1.330249999999999133e+01
1.330499999999999083e+01
1.330749999999999034e+01
1.330999999999998984e+01
1.331249999999998934e+01
1.331374999999998820e+01
1.331624999999998771e+01
1.331812499999999488e+01
1.332000000000000028e+01
1.332375000000001108e+01
1.332562500000001648e+01
1.332750000000002188e+01
1.333125000000003268e+01
1.333500000000004349e+01
1.333875000000005429e+01
1.334250000000006509e+01
1.334625000000007589e+01
1.335000000000008669e+01
1.335375000000009749e+01
1.335999999999999943e+01
1.336999999999999922e+01
1.337999999999999901e+01
1.338999999999999879e+01
1.339999999999999858e+01
1.340999999999999837e+01
1.341999999999999815e+01
1.342999999999999794e+01
1.343999999999999773e+01
1.344999999999999751e+01
1.345999999999999730e+01
1.346499999999999808e+01
1.346999999999999886e+01
1.347499999999999964e+01
1.347749999999999915e+01
1.348000000000000043e+01
1.348250000000000171e+01
1.348500000000000298e+01
1.349000000000000554e+01
1.349500000000000632e+01
1.349750000000000583e+01
1.350250000000000661e+01
1.350500000000000611e+01
1.350750000000000561e+01
1.351000000000000512e+01
1.351250000000000462e+01
1.351750000000000540e+01
1.351999999999999957e+01
1.352124999999999666e+01
1.352249999999999375e+01
1.352499999999998792e+01
1.352624999999998501e+01
1.352874999999997918e+01
1.352999999999997627e+01
1.353249999999997044e+01
1.353499999999996461e+01
1.353749999999995879e+01
1.353999999999995296e+01
1.354249999999994714e+01
1.354374999999994422e+01
1.354624999999993840e+01
1.354874999999993257e+01
1.355124999999992674e+01
1.355624999999991509e+01
1.355812499999995779e+01
1.356000000000000050e+01
1.356187500000004320e+01
1.356562500000012861e+01
1.356937500000021402e+01
1.357312500000029942e+01
1.357500000000034213e+01
1.357687500000038483e+01
1.358062500000047024e+01
1.358437500000055564e+01
1.358812500000064105e+01
1.359562500000081187e+01
1.359999999999999964e+01
1.360874999999837520e+01
1.361874999999837499e+01
1.362874999999837478e+01
1.362937499999837421e+01
1.362968749999837392e+01
1.362976562499837385e+01
1.362984374999837378e+01
1.362992187499837371e+01
1.362999999999837364e+01
