9.999999999999840128e-01
9.823500110903919946e-01
9.823565997342235123e-01
9.823720194207288259e-01
9.823885017600790803e-01
9.824089203457789798e-01
9.824297211252848161e-01
9.824491285019152365e-01
9.824607690405234850e-01
9.824659719836676963e-01
9.824657544610378990e-01
9.824637226486155894e-01
9.824627933799016111e-01
9.824603347526875696e-01
9.824638482880346801e-01
9.824708310511961473e-01
9.824842791424400756e-01
9.824962061166402361e-01
9.825078031519425270e-01
9.825177528128281601e-01
9.825229579487947396e-01
9.825243676635617707e-01
9.825213465903215315e-01
9.825176062739663374e-01
9.825139562966765938e-01
9.825161504833171966e-01
9.825219498040966837e-01
9.825287972057736852e-01
9.825402445507955829e-01
9.825512128660552902e-01
9.825609690690431108e-01
9.825666694706344240e-01
9.825686567039734198e-01
9.825662589305317329e-01
9.825645959299906806e-01
9.825619979704014462e-01
9.825602449206372047e-01
9.825645725048706147e-01
9.825699606276484532e-01
9.825819871753608270e-01
9.825944911190001019e-01
9.826049976494675153e-01
9.826133759565386372e-01
9.826202251091290529e-01
9.826220442202433514e-01
9.826233071120361595e-01
9.826259980395436466e-01
9.826280665461712971e-01
9.826321463735372408e-01
9.826407224189990242e-01
9.826515943230674788e-01
9.826662189435994010e-01
9.826823025363566888e-01
9.826933122862502312e-01
9.827031096494596163e-01
9.827113013256840723e-01
9.827154583204313898e-01
9.827185082290122997e-01
9.827228866368431515e-01
9.827276040423512660e-01
9.827377835601512901e-01
9.827522818078372469e-01
9.827683024760757169e-01
9.828002417040780925e-01
9.828333440809505772e-01
9.828676234227560204e-01
9.828984602210923960e-01
9.829255351829553344e-01
9.829515612847644634e-01
9.829779555307243122e-01
9.830031778627601469e-01
9.830349049183930710e-01
9.830652149130161277e-01
9.830973678526205850e-01
9.831294566127480872e-01
9.831608331998712424e-01
9.831903383314011258e-01
9.832181055001876224e-01
9.832417169098133236e-01
9.832652868855737971e-01
9.832873361539816726e-01
9.833081428269572211e-01
9.833308321186947643e-01
9.833562775299408143e-01
9.833840934896997954e-01
9.834120342285174177e-01
9.834398894556152237e-01
9.834684250454197585e-01
9.834933030055174052e-01
9.835150734751310075e-01
9.835342433187264088e-01
9.835523339744223215e-01
9.835775289425517931e-01
9.836069368626109144e-01
9.836358243735127127e-01
9.836683035267284048e-01
9.836996740327176303e-01
9.837309503760752749e-01
9.837636993935888752e-01
9.837915909344215892e-01
9.838206202921246923e-01
9.838477152777965751e-01
9.838735110339286161e-01
9.838979922315550519e-01
9.839207543090890962e-01
9.839486536078039247e-01
9.839797217279625530e-01
9.838403802215094363e-01
9.834879829238188931e-01
9.831509649731965395e-01
9.827997275757707207e-01
9.823977805758969950e-01
9.819808716983111641e-01
9.815683145934970266e-01
9.811523655068272731e-01
9.807464943369611499e-01
9.803572372379576461e-01
9.799894680253141699e-01
9.796525466373535718e-01
9.793436397076246136e-01
9.790480516865947003e-01
9.787870169532499887e-01
9.785514383924152071e-01
9.783178473989602164e-01
9.780845292697214477e-01
9.778826939902164339e-01
9.776932226354837496e-01
9.775160672376601578e-01
9.773725134108772750e-01
9.772660613619701397e-01
9.771870605583772296e-01
9.771355360731368567e-01
9.771067094277348097e-01
9.769158515938933807e-01
9.766949027480715806e-01
9.764777120855241410e-01
9.762632145074821022e-01
9.760372609091498841e-01
9.757860457279253774e-01
9.755397808745687183e-01
9.752943917281270414e-01
9.750808245859245993e-01
9.748999738472495791e-01
9.747314250528614776e-01
9.745754846699437035e-01
9.744561707875747381e-01
9.743801936528294627e-01
9.743910134061247730e-01
9.744314403179574757e-01
9.745106601774862209e-01
9.746584671525149179e-01
9.748804146226374145e-01
9.751836477896023148e-01
9.755869597354278611e-01
9.761624739957528440e-01
9.768378957417471753e-01
9.775651881516628228e-01
9.784426586221186550e-01
9.797742245474558853e-01
9.809638479612754480e-01
9.807275936004947736e-01
9.804805838817531871e-01
9.802264496419560436e-01
9.799534894910684191e-01
9.796665605269897492e-01
9.793731315808213989e-01
9.791296827182303097e-01
9.789135422394532604e-01
9.786933815787790536e-01
9.784005703871311299e-01
9.781700463191251860e-01
9.779678697583049640e-01
9.778164449016024662e-01
9.778248378515227435e-01
9.778671232108813172e-01
9.778850701281223134e-01
9.779273093304918785e-01
9.780202401791388001e-01
9.782115924719406719e-01
9.783978968556600320e-01
9.785801619353233782e-01
9.786086508626936631e-01
9.783504890399119525e-01
9.781023254277488865e-01
9.778648389378700179e-01
9.776392614410035486e-01
9.774261074283236983e-01
9.772391238116634460e-01
9.771324012587940810e-01
9.770341973839850036e-01
9.769404702378458039e-01
9.768550376219172771e-01
9.767775263862813473e-01
9.767056753159517601e-01
9.766439039247239995e-01
9.766039436634360582e-01
9.765711333707477459e-01
9.765253368220825347e-01
9.764597847132061581e-01
9.764390193028192888e-01
9.764495641233065237e-01
9.764660461723624341e-01
9.764936022846683050e-01
9.765360710270029054e-01
9.765826983214205281e-01
9.766431341860573045e-01
9.767091332062319831e-01
9.767696931254565840e-01
9.768045700875374049e-01
9.768160048490218683e-01
9.768098940143845610e-01
9.767941189783647671e-01
9.767782304715855179e-01
9.767689795550520415e-01
9.767717264301798430e-01
9.767952692167648499e-01
9.768397552401261175e-01
9.768896334670922332e-01
9.769468812619943598e-01
9.770188482881229097e-01
9.770833074258107320e-01
9.771925855934641136e-01
9.772932667197530288e-01
9.773974099088890144e-01
9.775124718694493398e-01
9.775703233743623377e-01
9.775666149578839947e-01
9.775690101179483893e-01
9.775617334174657724e-01
9.775582036610408476e-01
9.775481750242213108e-01
9.775460011143651817e-01
9.775710293468896639e-01
9.775876904187048577e-01
9.775953786797180189e-01
9.776073264925217998e-01
9.776275019846323300e-01
9.776540476158702697e-01
9.777010817613051019e-01
9.776861040714834861e-01
9.776432256288036804e-01
9.775407847384008919e-01
9.774912298637298269e-01
9.775040440392486207e-01
9.775914628628153968e-01
9.778085936676117473e-01
9.779343909500157750e-01
9.779314606743498839e-01
9.779357481179825617e-01
9.779470709934293682e-01
9.779616703584624871e-01
9.779827526897724166e-01
9.780359123692505818e-01
9.780967011045962334e-01
9.781392327040872026e-01
9.781403353341736606e-01
9.780909915266090549e-01
9.780347221327637675e-01
9.779136753287899220e-01
9.777183807289777651e-01
9.775527134454787825e-01
9.774644044257375652e-01
9.773865159748391651e-01
9.773132089174798587e-01
9.772527417593818155e-01
9.772005476937495327e-01
9.771400023221621378e-01
9.770776281833412069e-01
9.770154413771647839e-01
9.769615344442836857e-01
9.769185058826580503e-01
9.768939096907444108e-01
9.768982420049856508e-01
9.769340693652179830e-01
9.769909245127713637e-01
9.771297477295887157e-01
9.772942187887221355e-01
9.774687295564019607e-01
9.776058889010762476e-01
9.775764361978509509e-01
9.775431980994543357e-01
9.774897490566366587e-01
9.774450016592004520e-01
9.774307795253132092e-01
9.774831777812466038e-01
9.775453343126695449e-01
9.776106501282399996e-01
9.775142848669849949e-01
9.773190406701395272e-01
9.771656946758888740e-01
9.770295120945572398e-01
9.769329302041918073e-01
9.768990667988061150e-01
9.769255948371293741e-01
9.769448026752820535e-01
9.768676968405971550e-01
9.767912564757598171e-01
9.768714393941689833e-01
9.769932121144755399e-01
9.771477841080676852e-01
9.775371836583468532e-01
9.782797102563699498e-01
9.783569759066157445e-01
9.783483915665549535e-01
9.783667092037914292e-01
9.783772843848523859e-01
9.783582495646330202e-01
9.783022670724415004e-01
9.781710927469171590e-01
9.779557002470694593e-01
9.777908449287657788e-01
9.776668407521472703e-01
9.775449830006524010e-01
9.774174193349148831e-01
9.773330735057715879e-01
9.772452726781397647e-01
9.771379678338365515e-01
9.770636101086731529e-01
9.770437042462261079e-01
9.770009919663010800e-01
9.769375886430998746e-01
9.768488507721582170e-01
9.767372951855133323e-01
9.766139763236049154e-01
9.765409745556974386e-01
9.765271837107611930e-01
9.765292649096812827e-01
9.765502727487946899e-01
9.766290267651369650e-01
9.768331073493463634e-01
9.771503179056786337e-01
9.773789646568125100e-01
9.773415325933101361e-01
9.772614361633692459e-01
9.772416993498758142e-01
9.773006599749077816e-01
9.769830941928704382e-01
9.764160652715123678e-01
9.758318097667905144e-01
9.753073253853048463e-01
9.748525822987685885e-01
9.744701930276700175e-01
9.741727764981106263e-01
9.739649902011446869e-01
9.738545678690675444e-01
9.738459099548432141e-01
9.739391650248092613e-01
9.741378820761859014e-01
9.744407595994765137e-01
9.748427357081974609e-01
9.753612047081513525e-01
9.759907959637394992e-01
9.762337734382969812e-01
9.761166956259554883e-01
9.762320146779950303e-01
9.768741855069376090e-01
9.783904412717085997e-01
9.786861218746739643e-01
9.786490746771518978e-01
9.785677913402544004e-01
9.783496072682649203e-01
9.781099381060071041e-01
9.779440588144072688e-01
9.778380608018204523e-01
9.776903463967542285e-01
9.778764369438729398e-01
9.780004202971667171e-01
9.780928171511801272e-01
9.781480719720467842e-01
9.781904264661437365e-01
9.782306995463062593e-01
9.782041311137188444e-01
9.781143786080238600e-01
9.779613549620398416e-01
9.777408857762869276e-01
9.774814918680100329e-01
9.772444791141730036e-01
9.769743932033162492e-01
9.766519840936240815e-01
9.762540890422440887e-01
9.759391898466850401e-01
9.760215637845602865e-01
9.762872996499840639e-01
9.767366000092991829e-01
9.769146677525869515e-01
9.767884601683154422e-01
9.768214117414362185e-01
9.758408418486949065e-01
9.746916253820440135e-01
9.736114856142211726e-01
9.725445396691627664e-01
9.715798936538545538e-01
9.707590735654056946e-01
9.700742282531787941e-01
9.695346455833794286e-01
9.691608906113650113e-01
9.689833974525801086e-01
9.689606906739832715e-01
9.690847508029822865e-01
9.693614306087428023e-01
9.698216281477308742e-01
9.704853744034002139e-01
9.713413711617229218e-01
9.723699933943424911e-01
9.735521575542773753e-01
9.748431794933333228e-01
9.757871162119181596e-01
9.755135417235518691e-01
9.755898427511411342e-01
9.774787368701585155e-01
9.786351436108935431e-01
9.790440194266947227e-01
9.788044113970977289e-01
9.786477742919661438e-01
9.785074615880396953e-01
9.788495689805583044e-01
9.792901584311323182e-01
9.798315971945662506e-01
9.795857881292697744e-01
9.791386251255471684e-01
9.788081475729766279e-01
9.787039650923539114e-01
9.786434354171446026e-01
9.785725348208759167e-01
9.771387354435926431e-01
9.755613285546040903e-01
9.758612930379697570e-01
9.769322445124292154e-01
9.758574379747619876e-01
9.748057876955350531e-01
9.742798203793030520e-01
9.742162900247216539e-01
9.743317806252894675e-01
9.750165618083472818e-01
9.751284671897516576e-01
9.755544082623925917e-01
9.762504864147508732e-01
9.762670622001757836e-01
9.746528725843524033e-01
9.727732928263630452e-01
9.708466572338971812e-01
9.689525550235451590e-01
9.673883319149739757e-01
9.660537313621124778e-01
9.649963268030506969e-01
9.641007228425388931e-01
9.633611507030782617e-01
9.627409041639041209e-01
9.623498668638247322e-01
9.622149289521982896e-01
9.623493872674443450e-01
9.627477620438633643e-01
9.634069679932601993e-01
9.642780438371948426e-01
9.653186118761113432e-01
9.667120402955042824e-01
9.654449684017482047e-01
9.650777725240996530e-01
9.674225336424996380e-01
9.722114938421179131e-01
9.746528698697231041e-01
9.747351927166079122e-01
9.769575855175709478e-01
9.781700542169026180e-01
9.792624134691597648e-01
9.797505443025232852e-01
9.805131349630750170e-01
9.795266599635881200e-01
9.795366853996266832e-01
9.802615495977502480e-01
9.706489782157651236e-01
9.546632314182128543e-01
9.493597202961745474e-01
9.481120397359336094e-01
9.473316537982231500e-01
9.465195208674973548e-01
9.451795059339871408e-01
9.440919804081584488e-01
9.431202622413391579e-01
9.420876682413419356e-01
9.413581370280239558e-01
9.397351664014433892e-01
9.381550847010616812e-01
9.423918299485031236e-01
9.544818710950496721e-01
9.652208404168626243e-01
9.656645548327311701e-01
9.667788602201875525e-01
9.689827069152268102e-01
9.709402762402470355e-01
9.711603431848299106e-01
9.680633671566925003e-01
9.653873172224313182e-01
9.629948188951310550e-01
9.605537261865627618e-01
9.585403822451705746e-01
9.567591081379319684e-01
9.546901184698657339e-01
9.532019827038367144e-01
9.522028428873007266e-01
9.514887554722404328e-01
9.491708490549299881e-01
9.467433548568436885e-01
9.457103276454014162e-01
9.443773525837738658e-01
9.432748094096999880e-01
9.430672317810541161e-01
9.439767539673612484e-01
9.470928374364396829e-01
9.501847185317076061e-01
9.534539246580422400e-01
9.486904170839408623e-01
9.509459627007376126e-01
9.609877305903484768e-01
9.745971025208917116e-01
9.736599958387549547e-01
9.800594596408968018e-01
9.804973675867947325e-01
9.813496147568860906e-01
9.829631302287752392e-01
9.647999177413174587e-01
9.584868533823955872e-01
9.573528606214566361e-01
9.538795069159357043e-01
9.452005632160601634e-01
9.411461422276077293e-01
9.395374029383847247e-01
9.371278794517429178e-01
9.350697737028768053e-01
9.331223908925216914e-01
9.310213206680346687e-01
9.287819168293335315e-01
9.266683852221609952e-01
9.237188509949905146e-01
9.211873492913911221e-01
9.278051404328080398e-01
9.348674549871274220e-01
9.384164030614816632e-01
9.382032166619695968e-01
9.517338741493879262e-01
9.542381970772636501e-01
9.578506823199623987e-01
9.618474636635507835e-01
9.624246508511052900e-01
9.584997858163856188e-01
9.544543772309773688e-01
9.510211095874290255e-01
9.481903887141772680e-01
9.458442998664723378e-01
9.447259964253378328e-01
9.421782076474036760e-01
9.345089363734073729e-01
9.286502335356994209e-01
9.263873047213445622e-01
9.253456020605963506e-01
9.248890257233673973e-01
9.254589913764641462e-01
9.260516591203994397e-01
9.283825815946090687e-01
9.317751319309232061e-01
9.380012008495096643e-01
9.399908987127281179e-01
9.423774391343560097e-01
9.409168946992536586e-01
9.469397778004149391e-01
9.530635080185776431e-01
9.494992312117059852e-01
9.682698775390150558e-01
9.788142134909809666e-01
9.820414612323313808e-01
9.749224004405500077e-01
9.671103068623629895e-01
9.657771751163221063e-01
9.547103963831462536e-01
9.459560897835462834e-01
9.417356557118505833e-01
9.367963666721947913e-01
9.339900574730750638e-01
9.353802723343992431e-01
9.283626181656098320e-01
9.232807280024944996e-01
9.207897931859554408e-01
9.194139193372350416e-01
9.184571773197205413e-01
9.195982693856236123e-01
9.216372216735814193e-01
9.219722105685210778e-01
9.136912715139697827e-01
9.190393300872670146e-01
9.142463629104734535e-01
9.160768499051549218e-01
9.304478427840676691e-01
9.330422870674740521e-01
9.371853587928191676e-01
9.427363884518712434e-01
9.552730768468264966e-01
9.492707595177424240e-01
9.450873246556529272e-01
9.432154159884337252e-01
9.384895494636262825e-01
9.278928859066057910e-01
9.179289852936041161e-01
9.035815624188648920e-01
8.959876161624431568e-01
8.942756330403609510e-01
8.857549263125172878e-01
8.795880486058625936e-01
8.785320710947041034e-01
8.817250052699634466e-01
8.819467729002128387e-01
8.820563217199334227e-01
8.875231748414871280e-01
8.929009218105011803e-01
8.953905680526585975e-01
9.067166511763573578e-01
9.198743844244176016e-01
9.409063822838759084e-01
9.451643098881158389e-01
9.440953565639379486e-01
9.474984752450189562e-01
9.613423607955386974e-01
9.553828095730081404e-01
9.537870294666370707e-01
9.665136359250641185e-01
9.524684312332959424e-01
9.273888288465188534e-01
9.339236157427242002e-01
9.258654942241720809e-01
9.109718859914652800e-01
8.889890016872413758e-01
8.751753611383558118e-01
8.687479670009963240e-01
8.685606858281528231e-01
8.685253729241159126e-01
8.672105356903725415e-01
8.643546607921765990e-01
8.641244262515832553e-01
8.700972647386290282e-01
8.841670726338094477e-01
8.904479237832840788e-01
8.873273712943748892e-01
8.978865243755339565e-01
9.113583685608014351e-01
9.002596291275434259e-01
8.888803664494612233e-01
8.965352394457152263e-01
9.137999913662574469e-01
9.469704081567296150e-01
9.406014123159197604e-01
9.347753464362141829e-01
9.232794961418017143e-01
9.116462525799038374e-01
8.845291390132404841e-01
8.582090735344852783e-01
8.476225155804656408e-01
8.447615305577659273e-01
8.522308230177547683e-01
8.432681171724759617e-01
8.425257718571833587e-01
8.439637370129084992e-01
8.405550155923513511e-01
8.339584737553122906e-01
8.289982538113184196e-01
8.323224336974636151e-01
8.425179449909010465e-01
8.574626513665216665e-01
8.546178397498219725e-01
8.782455295239544046e-01
8.956718778850072393e-01
9.218719192141294760e-01
9.466733820630247598e-01
9.220931544479514796e-01
8.862162841924754453e-01
8.754209869265053845e-01
9.426328681577633706e-01
9.382961820921164042e-01
9.204920790299426780e-01
9.089852680775862837e-01
8.903217799893936579e-01
8.709525601371588266e-01
8.656632430444123338e-01
8.698670010633127170e-01
8.625239187323472390e-01
8.523510463415003846e-01
8.409492589917986205e-01
8.391084458917713595e-01
8.358159990773069703e-01
8.359290798252636545e-01
8.347564657142201305e-01
8.374376899934915519e-01
8.463439138432028441e-01
8.295921043718120780e-01
7.931215214248222845e-01
7.880627895619335410e-01
8.408270423296791973e-01
8.610539842195391591e-01
8.231337395127813483e-01
8.135453116811540708e-01
8.573471268336021467e-01
9.377105132673604349e-01
9.307591183219853237e-01
9.115296578696642227e-01
8.947524518256280146e-01
8.637033773217049903e-01
8.354286242018655884e-01
8.207684258712456549e-01
8.165524713834823034e-01
8.181994434618713452e-01
7.959225343464155777e-01
7.928946312397133767e-01
7.961872633936811772e-01
7.921243419134844643e-01
7.784985186072986840e-01
7.861306377691803515e-01
8.016704910603880130e-01
8.100906661701785527e-01
8.052228379947853343e-01
7.967062760787695375e-01
7.964361741417366192e-01
8.104884784554139410e-01
8.262412208445922834e-01
8.543967689530422849e-01
8.912733036866120617e-01
8.682917521682128603e-01
8.409924956523688877e-01
8.145423036718910659e-01
9.343723731112590913e-01
8.897465067458560917e-01
8.790068374740732660e-01
8.662155642348110529e-01
8.485095482349852558e-01
8.290845589605153609e-01
8.197543003936691441e-01
8.007389968901995614e-01
7.891977794028804949e-01
7.688066311726831081e-01
7.584627350349837371e-01
7.569786316207507415e-01
7.593684579920085831e-01
7.733708664787836140e-01
7.800361862537387170e-01
7.814448546195439382e-01
7.748054185537945893e-01
7.326642332916827316e-01
7.111398131893641450e-01
6.733867726654025887e-01
6.306851593832606406e-01
6.517873469767095918e-01
6.919914155551258883e-01
7.101765193645933616e-01
7.165320664974651477e-01
9.123545714832939080e-01
9.048986088157866536e-01
8.647115229982972329e-01
8.456948472055801913e-01
8.109384460554593943e-01
7.960144331106423499e-01
7.125855123767735888e-01
6.773752740297934727e-01
6.722116682358977302e-01
6.975071742701430821e-01
7.092215869296997210e-01
6.844732579013261820e-01
6.579019966169361577e-01
6.399415713487502932e-01
6.305265082298787682e-01
6.232125451068754041e-01
6.152962012354254995e-01
6.123877186783641680e-01
6.296115794948429212e-01
6.466024507887573325e-01
6.900463913190103549e-01
7.272007868051002522e-01
7.358501424459198414e-01
7.350010341677302161e-01
7.781924709810841279e-01
7.280219554864777454e-01
7.089309872981642835e-01
8.996246978940360961e-01
8.408841231692225637e-01
8.276008932018033004e-01
7.687380599349677990e-01
7.537736053447343654e-01
7.124268774080663169e-01
6.950354055534153641e-01
6.784853587194253910e-01
6.661371987149135032e-01
6.506290371849754450e-01
6.518064166075417942e-01
6.611613969847957017e-01
6.629670633622699594e-01
6.290743425691082136e-01
5.974767202119461995e-01
5.996719548631321839e-01
6.418091565438466262e-01
6.843843139855166902e-01
6.428681016348842814e-01
6.091770336798099095e-01
5.797401879830326177e-01
4.938493665173737113e-01
5.249600825726767894e-01
5.233914643624028029e-01
4.405594560683059324e-01
7.695143048718650070e-01
8.614736032809701127e-01
8.309550396060767508e-01
7.692499542349822139e-01
6.613625067456959661e-01
6.085562372709524270e-01
5.758211423336120349e-01
5.498228496915061880e-01
5.615068803500962158e-01
5.463173966826068151e-01
5.166709746408019166e-01
5.650225294566835199e-01
5.922198321053122605e-01
5.938674555142802181e-01
5.749590722804774900e-01
5.902296575753457342e-01
5.939096908958581000e-01
6.014321780208189416e-01
6.105165422939579090e-01
6.268082373747593250e-01
6.361349968711074165e-01
6.439063568323464271e-01
6.170939016411594036e-01
5.680474305888114639e-01
6.033084167935462983e-01
6.492113485001502760e-01
6.428676094693037690e-01
6.247602758681306545e-01
5.799743088689833792e-01
4.947480765017094329e-01
4.643022729974051188e-01
8.351964911275221448e-01
7.955907232293442100e-01
6.976488776430307404e-01
7.103933977108640718e-01
7.126170311642011646e-01
7.041147714839789407e-01
6.602225320696314403e-01
6.447199771873344254e-01
6.377456557796612469e-01
6.087325565656893644e-01
6.083386721095535021e-01
5.931861722958892136e-01
5.734909218853316837e-01
5.422123062914480096e-01
5.062613002966428466e-01
4.901256551162019859e-01
4.814215827181611007e-01
4.948611657939037123e-01
5.106003898549293929e-01
5.236432136853542696e-01
4.902504482501444105e-01
5.047424386795114071e-01
5.207853211969247775e-01
5.604007010795887256e-01
5.894440665190512352e-01
5.805396839021581545e-01
5.899772649298967719e-01
5.621851968827588086e-01
5.363216237232291128e-01
5.541568756993972000e-01
5.045488319356392637e-01
4.388447520211695152e-01
3.330425332236046088e-01
2.513075236973042470e-01
5.320621079653899965e-01
7.882135127539230401e-01
7.936854639653901922e-01
7.884417104751356709e-01
7.313522470267979081e-01
6.690029200345468663e-01
6.131778941317367337e-01
4.957870609821204422e-01
4.848890395522271191e-01
4.717835894850860856e-01
4.590426177735031366e-01
4.549234591395323601e-01
4.384543400900611787e-01
4.700553712140493889e-01
4.550248688614201842e-01
4.618852878570323117e-01
4.778280598991707095e-01
4.581573436477770489e-01
4.301246931543547536e-01
4.519358897677719367e-01
4.792552172465789906e-01
4.645251290213537887e-01
4.693666988592840594e-01
4.710104419775381634e-01
4.787471843170546526e-01
4.348062688043785595e-01
4.320444959016044861e-01
4.848561794130606950e-01
5.130495893956892317e-01
5.348445040335266798e-01
5.348883151483635467e-01
4.952045897762195614e-01
4.245483633358060893e-01
3.946077416795931714e-01
3.584856897422134536e-01
4.076578396542829275e-01
4.044342366180896375e-01
3.546617522261152344e-01
3.123735930885203627e-01
2.398839707086373452e-01
3.093784325269990920e-01
3.543243928712132007e-01
6.021090036138047052e-01
7.400507062808596714e-01
7.358605192535676576e-01
7.252623526629592421e-01
6.819752513023132900e-01
6.438358200231100170e-01
6.109857457189827867e-01
6.115623223385243667e-01
6.025151186406308979e-01
5.967060051922483677e-01
5.845058929366668821e-01
5.896145913844377251e-01
5.799189020081655377e-01
5.593248548287875765e-01
5.329024894001366253e-01
5.193306067596198394e-01
5.215156941027579984e-01
4.870990069864339911e-01
4.755589214039706025e-01
4.582498536599923233e-01
4.260450375602634066e-01
3.978543477364599457e-01
4.039301307203627123e-01
3.915496757038434694e-01
3.606238461719143973e-01
3.696797239068413399e-01
3.877722100488483203e-01
4.266912001771666629e-01
4.053271676184065919e-01
3.945846912619560554e-01
3.868906355153589050e-01
3.981062803416046680e-01
4.014137223385660369e-01
4.243488939646823388e-01
4.545084945140996369e-01
4.713678411777328936e-01
4.977863894357252850e-01
5.123555426980459515e-01
5.198687389264093905e-01
5.232020140165576372e-01
5.041967877470008297e-01
4.583934912672613105e-01
4.702013034683592552e-01
3.868194154064906742e-01
2.309185923937001339e-01
1.830328634611587402e-01
1.040752360242361702e-01
2.925489074163015735e-01
3.937439239400073454e-01
7.210355859418798863e-01
7.211412398261403123e-01
7.176320112557587061e-01
7.149213393066441435e-01
6.725717101292134625e-01
6.258494898033621912e-01
6.047771010149733950e-01
5.860572084473810728e-01
5.566093294202100195e-01
5.291290286092767969e-01
4.933563044877292691e-01
4.698435037425241489e-01
4.382629401329206087e-01
4.307593675669553202e-01
4.088476606863084561e-01
3.724658711219366869e-01
3.951001181502065696e-01
3.791810257057491307e-01
3.843143887225715094e-01
4.146782050507212825e-01
3.980912710488248019e-01
3.714843182850258718e-01
3.650566083395057615e-01
3.730224627706814067e-01
3.929639983791200497e-01
4.062906851210436598e-01
4.129365967707742668e-01
3.751353467727367996e-01
3.785476582859215178e-01
3.852970565300188888e-01
3.714684299013541469e-01
3.633392864313322312e-01
3.780164058062592813e-01
3.809406772935696184e-01
4.088977306771879872e-01
4.245894420734070418e-01
4.131152435384136123e-01
4.205150380298025570e-01
4.047222737955895600e-01
3.215677290451534054e-01
2.434004742039153624e-01
2.964216040701919130e-01
3.208172132667989618e-01
3.209049388259463953e-01
3.050216446122627767e-01
2.466016778472574222e-01
1.866309397026763017e-01
2.315616470244408198e-01
3.050940941203301726e-01
5.169139877244193215e-01
7.116123654103179152e-01
7.097088995693199287e-01
7.008236662186675403e-01
6.648352163798872949e-01
6.169171515543477868e-01
5.984220068100067902e-01
5.830264908191459261e-01
5.829171294977121276e-01
5.690212311643161325e-01
5.563997882146795027e-01
5.247695628266177970e-01
4.984364178151146074e-01
4.650062690524334186e-01
4.725578027596206154e-01
4.725516651906133125e-01
4.672845001483360572e-01
4.774125611232773458e-01
4.407792637699059490e-01
4.253763282525461209e-01
4.206559041471634730e-01
4.005593151244660199e-01
3.922733868649737610e-01
3.753412612411248239e-01
3.643429622314925953e-01
3.418488661725588296e-01
3.127271915956867376e-01
3.202871668950056372e-01
3.191786082142039072e-01
3.214595312914554359e-01
3.366748322980218644e-01
3.565688473394434399e-01
3.032150834149291430e-01
2.980339753952223614e-01
3.232690302381033276e-01
3.395634756645896091e-01
3.438005408458988943e-01
3.234684615570728172e-01
3.629226315524203272e-01
3.892524047946223642e-01
4.067452066102625330e-01
4.174764865930460922e-01
4.384948138675177631e-01
4.590531878359095930e-01
4.773358664402929108e-01
4.922542245003933559e-01
4.681725743184652067e-01
4.853727994049573113e-01
4.442164337721774547e-01
4.343199757481404633e-01
3.274536460890434819e-01
3.454760030073925625e-01
1.690671880001017868e-01
1.408895949406868409e-01
8.134897885457030575e-02
2.413977885970943760e-01
3.712915847375382605e-01
6.970960293946574238e-01
6.923913844739048029e-01
6.931646108142988094e-01
6.854738414388124035e-01
6.860148352534418681e-01
6.829311400116169217e-01
6.707323090842600699e-01
6.310918169656019039e-01
5.661341039559923960e-01
5.451049028243861727e-01
5.125409655496337979e-01
4.962155882534243223e-01
4.493578835332419641e-01
4.279630742432252166e-01
4.077057987574516096e-01
4.032123235156828134e-01
3.521210778385166495e-01
3.732099411134213729e-01
3.633078601601243407e-01
3.667416813589126079e-01
3.774034270364984844e-01
3.722845232711876617e-01
3.620593590503602410e-01
3.486976310281361124e-01
3.557296157428755934e-01
3.614461831822382010e-01
3.558616025922760606e-01
3.349469339527724743e-01
3.472211664326750324e-01
3.898067569742592053e-01
3.970656145754535848e-01
3.830585948331505786e-01
3.615771029154604688e-01
3.472231117874146622e-01
3.425012838814168736e-01
3.315786215022915040e-01
3.344584893140496451e-01
3.398799272107989045e-01
3.798080301615772147e-01
4.088390307249240019e-01
3.942517276001783477e-01
4.048006924409893181e-01
3.723622651878413237e-01
3.290867777720618004e-01
2.288359990760361340e-01
2.588961718431260217e-01
2.726230316432852185e-01
2.849149904140705902e-01
2.907751895103343198e-01
2.936350076267933984e-01
2.325159582360100674e-01
1.675003660374150272e-01
2.104027541238713828e-01
2.884986221922150595e-01
4.154700597083222924e-01
6.857674892446562476e-01
7.016801863084454194e-01
7.012706045737082672e-01
6.933014478831821537e-01
6.573081115301245836e-01
6.359367263542703430e-01
6.154321713201102995e-01
5.955856372321584047e-01
5.896577079797864496e-01
5.803523249912657667e-01
5.719573620632244504e-01
5.359360200524779794e-01
4.849061016002766955e-01
4.511137964428083014e-01
4.469690075954529940e-01
4.413905522320646924e-01
4.456338549976479602e-01
4.556065009159925294e-01
4.258021742302298129e-01
4.182358891437827908e-01
3.985362622459107662e-01
3.909399086143358071e-01
3.648634106005088640e-01
3.501242598614699997e-01
3.270432990913950677e-01
2.964182889298817569e-01
3.056550649822883381e-01
2.996207733008862117e-01
3.131160295513402692e-01
3.276629083386105590e-01
3.390384140882320985e-01
2.844989246641995151e-01
2.762414602739394764e-01
2.995949469467455439e-01
3.094237056890905002e-01
3.137883390582390519e-01
3.045225275311428392e-01
3.498571483624344225e-01
3.741982159558676080e-01
3.968556547450546312e-01
4.080225292282155802e-01
4.313701989745555299e-01
4.531947816068662704e-01
4.715707647229708255e-01
4.754509434775590626e-01
4.374635157607969504e-01
4.377145125119825675e-01
4.311980047834485519e-01
4.233717611971258843e-01
3.169341105334108066e-01
3.158203316111384829e-01
1.713101479356967105e-01
1.251762067087090757e-01
8.901758355263905687e-02
1.784057299116271755e-01
3.366433518535081881e-01
6.941412706208368588e-01
6.888970582669876608e-01
6.888915543760988358e-01
6.833480803196165798e-01
6.858645178753418614e-01
6.797594093869528953e-01
6.263924732419696717e-01
5.905721919516787599e-01
5.730929916191715989e-01
5.167021995287487401e-01
5.021572053040519457e-01
4.470411813463007755e-01
4.265317165317205061e-01
4.119777299662046866e-01
4.053131428713632189e-01
3.591899003790426370e-01
3.684448444163599956e-01
3.653952674914398013e-01
3.856325278233700415e-01
3.705894401806498761e-01
3.673835114957380577e-01
3.611137300208450696e-01
3.530663894595172936e-01
3.439750196330162435e-01
3.527342388914442295e-01
3.352569568719633297e-01
3.445212648692364543e-01
3.646746795127281948e-01
3.814330895443687752e-01
3.935692880372722025e-01
3.728517458231973003e-01
3.528928491353782726e-01
3.349683229429576414e-01
3.238135473367170780e-01
3.235026138174985633e-01
3.503873970264249071e-01
3.944929226120075794e-01
4.004665673134115145e-01
4.001092177455594645e-01
3.719232112501816290e-01
3.369836418117697630e-01
2.352717123831351564e-01
2.373319587187581459e-01
2.487059098338972596e-01
2.842145147298668628e-01
2.805931629390483462e-01
2.415444564128968463e-01
1.755755700464047275e-01
1.678493291950650113e-01
2.640827077012941060e-01
3.530597104767435046e-01
4.479143234403120677e-01
7.009736684138745400e-01
6.997415129574026116e-01
6.943998380248156410e-01
6.444021453391087784e-01
6.265733592488077486e-01
6.123620964815419399e-01
5.923233234323243002e-01
5.874849490405050778e-01
5.797428276293555838e-01
5.747255461283488076e-01
5.528112202874762016e-01
5.141150704413413042e-01
4.768205103824051383e-01
4.536243875285084770e-01
4.443642670007817985e-01
4.481522449657177609e-01
4.408654469796103315e-01
4.495763051894283713e-01
4.212008533412599509e-01
4.180545545379375505e-01
3.990407877161386008e-01
3.929534642639561093e-01
3.856048429249720466e-01
3.760930578669618995e-01
3.550564438776860343e-01
3.544008343596014576e-01
3.468701716440943938e-01
3.197329924184844074e-01
2.966396949005337680e-01
2.970615173288232991e-01
3.036338502202968748e-01
2.996377781828196696e-01
3.144148086747957649e-01
3.372317776059524097e-01
3.007672868971126290e-01
2.813670365762778180e-01
2.793580873533883513e-01
3.065026193818577993e-01
3.049280589853916035e-01
3.001998639565728322e-01
3.142564936111610363e-01
3.502699125503463407e-01
3.768031085793674961e-01
4.023708288964653046e-01
4.486075416323225262e-01
4.600839981456879002e-01
4.778980807440809109e-01
4.516055887159863280e-01
4.390879288034610917e-01
4.283019037013359176e-01
4.334541352896616462e-01
3.324137548561827415e-01
3.328940266536812298e-01
1.206870621859417597e-01
1.318184642548279883e-01
1.135979557341861984e-01
2.879996062839307314e-01
4.076570998095292442e-01
6.886550921446707996e-01
6.871225008398634815e-01
6.855775936779623381e-01
6.831879707631391963e-01
6.832477530239675634e-01
6.743824956597136433e-01
6.508976844843867848e-01
5.940640444829661249e-01
5.584136598525931694e-01
5.229356259989076383e-01
5.127598062508982313e-01
4.637117653200673595e-01
4.367390891194274372e-01
3.940490773938730151e-01
4.128177363279387779e-01
3.692555641419073553e-01
3.604577772180094231e-01
3.648347002603632427e-01
3.613395847524332738e-01
3.872822618269085027e-01
3.827390100734071043e-01
3.639643274996567368e-01
3.581834125473641883e-01
3.574908786491006185e-01
3.426738873252807571e-01
3.530289749557908863e-01
3.415314228872048941e-01
3.358240412242611828e-01
3.579112310558296151e-01
3.910719580808082463e-01
3.763468144298917073e-01
3.621310822983098698e-01
3.520134355454307418e-01
3.374912875009283830e-01
3.295275746353336643e-01
3.242092180642390242e-01
3.149135759713579952e-01
3.429436764808565519e-01
3.860237396389274434e-01
4.056004113549394607e-01
3.981990620065812281e-01
3.773227175488447216e-01
3.451093279196056351e-01
2.471592797398997343e-01
2.235965376751391509e-01
2.331501471587243690e-01
2.759766037177363573e-01
2.751929217216746437e-01
2.562025419748318877e-01
2.499809842983700403e-01
1.768228532629747551e-01
1.466930270614414111e-01
2.150041267878276263e-01
3.049334601814575052e-01
5.285625522095025453e-01
7.004056382605208242e-01
6.969070964462337203e-01
6.789103361833276340e-01
6.533321875501859610e-01
6.291984759541009442e-01
6.096934932894196857e-01
5.936580757353078219e-01
5.879726946364002282e-01
5.778404247979107566e-01
5.677408705866635596e-01
5.213704482744190294e-01
4.729145751764830541e-01
4.490510751973402215e-01
4.353780789848982202e-01
4.463093634096645390e-01
4.508144724385507729e-01
4.187218072960128268e-01
4.070067133949843430e-01
3.949407042606765672e-01
3.837401822516315897e-01
3.719637710228066996e-01
3.588950027107677410e-01
3.463424709707687010e-01
3.162867348890665009e-01
2.983943855833595116e-01
2.977895921071709306e-01
3.032517096341258989e-01
3.007528761854014743e-01
3.297649834140250480e-01
3.379149913943984007e-01
2.984755447274929918e-01
2.722073601901033313e-01
2.809883752738853713e-01
3.068267487505039193e-01
3.042730079931191267e-01
3.014810173139373939e-01
3.191611246889035636e-01
3.505402265155571628e-01
3.754223443610489319e-01
3.931651551523477339e-01
4.414399188129772278e-01
4.582747912981756655e-01
4.775815676389009168e-01
4.611592337655334717e-01
4.407457679603600242e-01
4.338957945350193635e-01
4.473757450155389503e-01
3.616513771811419864e-01
2.490259217844636719e-01
1.289072365552485500e-01
1.748737446107869187e-01
6.663383195931921188e-02
2.112137273549754835e-01
3.534885262096221781e-01
6.437926765310725274e-01
6.874888719401016646e-01
6.906124438735384841e-01
6.836399316645883628e-01
6.832722476875706663e-01
6.707857021547822818e-01
5.910910178381051372e-01
5.749309200546905974e-01
5.457760869844632268e-01
5.188822328375847226e-01
4.937157199534192298e-01
4.493779122495912270e-01
4.352908225962786037e-01
4.030981161752979491e-01
4.095329731240675009e-01
3.978481487691494234e-01
3.568634960662788180e-01
3.632477811486732322e-01
3.582833747956705173e-01
3.804788178145813715e-01
3.926719527722082881e-01
3.677859611802803408e-01
3.677799925280680893e-01
3.640149248910611868e-01
3.473660122117896432e-01
3.458795387439788094e-01
3.538278872087166071e-01
3.484007084800147536e-01
3.670269781368403761e-01
3.845628663266920100e-01
3.792267809932571287e-01
3.579106462832726265e-01
3.538625284080959554e-01
3.321561491009048517e-01
3.285196891158793098e-01
3.309109005415578619e-01
3.267877943926986717e-01
3.172911093858259424e-01
3.349605791689109768e-01
3.820905962702176861e-01
4.101983136108784400e-01
3.963191092088629852e-01
3.788161319074042632e-01
3.483241608074519324e-01
2.575471601710446756e-01
2.122609529159434349e-01
2.174382370656602059e-01
2.699289094755537577e-01
2.886014913067476151e-01
2.701984274667828534e-01
1.941864625935696420e-01
1.381956835736550815e-01
1.986308074907207066e-01
2.708638873926601520e-01
4.510216658530372125e-01
6.276161240257388529e-01
7.003175236410009719e-01
6.995909778205250396e-01
6.598720766613932476e-01
6.464321344741539299e-01
6.275946821208089332e-01
6.129360958137655135e-01
5.976547768448364772e-01
5.914659109906417189e-01
5.864309190444559894e-01
5.734250620571678114e-01
5.547309008262443220e-01
5.165511957681770960e-01
4.787057257056625548e-01
4.543285153788627628e-01
4.441078498093711802e-01
4.487293033562606004e-01
4.380910241928727133e-01
4.476773151330608602e-01
4.224656191843771946e-01
3.994834100151572476e-01
3.938106805795195675e-01
3.872859679778057895e-01
3.737924763445323317e-01
3.681115241984836417e-01
3.567157653467113998e-01
3.466719793915217229e-01
3.124840510374067848e-01
2.993193232443567831e-01
3.028277229591427866e-01
3.013936176581769044e-01
3.173457793018637507e-01
3.375434032083021729e-01
2.960813144090010951e-01
2.797825785323263537e-01
2.720415702962987181e-01
3.004901580892270219e-01
3.060595426328183710e-01
3.006019222319324946e-01
3.003641294778601201e-01
3.461400228582088845e-01
3.565114925029984616e-01
3.778972751497500226e-01
3.871211708456452349e-01
4.119676281469764612e-01
4.484945434599886260e-01
4.652677796922726206e-01
4.837299985055826257e-01
4.671788274256169493e-01
4.404095759614107264e-01
4.406988201711893316e-01
4.583383957583609392e-01
3.949731400671361858e-01
3.418264877849639394e-01
2.982214387650055087e-01
1.348404705149681138e-01
1.618786270964225338e-01
6.147618221354915480e-02
2.553720823718734767e-01
4.396731034584479003e-01
6.681225912406513201e-01
6.882133567636402605e-01
6.909338404992882987e-01
6.834621509787695004e-01
6.824042655049484818e-01
6.729641796968504064e-01
6.389637312426279525e-01
5.887712413991039728e-01
5.670901444744815834e-01
5.511269089643817676e-01
5.162578608699011085e-01
5.058710500403896804e-01
4.540947132802117814e-01
4.315957844522367859e-01
3.960188511914655152e-01
4.097725305820636432e-01
3.616364077566361357e-01
3.659519273145235285e-01
3.646140344553363555e-01
3.626182987547414971e-01
3.848242792793589717e-01
3.763696829809002886e-01
3.656644244175061842e-01
3.590302373835510541e-01
3.542640539342837291e-01
3.430227216546878899e-01
3.528790065125478326e-01
3.558755832703062172e-01
3.405076606640854986e-01
3.625611131450897640e-01
3.762577178135359524e-01
3.951185085591956136e-01
3.814307123630291674e-01
3.612571947407505202e-01
3.516265858067136318e-01
3.344589060563748495e-01
3.359240189480956484e-01
3.177774141296025867e-01
3.163497910934449653e-01
3.188839867157460817e-01
3.530242860568053587e-01
3.940135237261908618e-01
3.910983372971274519e-01
3.942596609919137851e-01
3.790246920530722097e-01
3.494050753829606171e-01
2.675068827254318826e-01
2.113491328904923972e-01
2.077573585887593777e-01
2.748667417510856636e-01
2.894710603168006435e-01
2.455098010624943428e-01
2.732297112990924592e-01
2.144496269518743614e-01
1.518126045256645573e-01
1.950897774927852213e-01
3.280435189828566078e-01
4.134525727249822036e-01
7.011034593152811745e-01
6.997496532451055185e-01
6.954068294545835416e-01
6.703039125657190844e-01
6.494007338097775861e-01
6.252293666636208336e-01
6.053498859273570565e-01
5.930559670111253956e-01
5.859829254803284870e-01
5.762971929759675982e-01
5.612579223734625034e-01
4.663039841702198984e-01
4.452383894157944111e-01
4.353090803200382886e-01
4.498036788773355221e-01
4.002948885166598414e-01
3.945779662184668579e-01
3.906727721646882090e-01
3.802699148596817569e-01
3.718197634968544718e-01
3.597342175936450448e-01
3.338167599309534439e-01
2.968326212216281790e-01
2.973380674927105227e-01
3.054803886771488841e-01
2.999204621832212148e-01
3.106382531576408201e-01
3.333506667260745515e-01
3.375688024473474935e-01
2.860655785329738188e-01
2.910127834622718845e-01
3.072545937040814246e-01
3.097277517879619135e-01
2.993622830601195828e-01
3.467330868744930572e-01
3.700074331516596260e-01
3.848322684669508997e-01
4.333602976073358537e-01
4.543708764766603569e-01
4.735510637652781685e-01
4.718909289510472282e-01
4.350675668591004741e-01
4.473278026709212596e-01
4.541667891529508339e-01
3.959194591258829443e-01
3.199168438156765881e-01
3.230552750246577509e-01
1.465116571508128518e-01
1.374514539422201365e-01
7.152813691150612663e-02
2.616934725833189312e-01
3.843195657998963455e-01
5.741133591325650043e-01
6.908668079585609245e-01
6.897642863342073882e-01
6.831578697410364276e-01
6.841512919475090104e-01
6.762612610070958263e-01
6.019973441976166351e-01
5.782772600696272081e-01
5.680602066120723492e-01
5.119811773051901049e-01
4.788498457360866878e-01
4.412850285581024767e-01
4.069820877157805938e-01
4.074644012012772487e-01
3.870916536341111325e-01
3.539361395168432178e-01
3.569686802933491609e-01
3.861454580853176943e-01
3.931451499856611354e-01
3.650782577173437016e-01
3.626698369371991193e-01
3.625199279989886891e-01
3.536178059308611732e-01
3.433752545209246554e-01
3.530668944672549214e-01
3.558558012684062688e-01
3.365730630796524570e-01
3.415297702178428652e-01
3.584927019825471239e-01
3.694339944188131386e-01
3.951600594319767956e-01
3.775858149477024917e-01
3.605765563424472853e-01
3.529841752261931309e-01
3.295034349865380019e-01
3.269367951153113183e-01
3.188163358441704620e-01
3.313107594771020903e-01
3.746333690516740478e-01
4.072032417227697820e-01
3.924311290347624603e-01
3.858637828918937696e-01
3.543132235519497186e-01
2.777230058472880958e-01
2.204497800925123707e-01
1.981148700751855507e-01
2.843030539649050170e-01
2.826717314458663810e-01
2.456508285498024691e-01
2.887538400213934264e-01
2.302429889950309561e-01
1.619135527700303612e-01
2.817037798914684976e-01
4.779596138740238587e-01
6.729706170335165716e-01
7.000588830719678413e-01
6.985401222803008237e-01
6.913163631046308488e-01
6.347753103398792174e-01
6.148060320548237589e-01
5.950833513400529684e-01
5.929015256222817110e-01
5.859174245828475680e-01
5.804503003315915066e-01
5.722721928793681467e-01
5.325065806772055765e-01
4.815891672444686522e-01
4.495709782962264978e-01
4.473629078644438262e-01
4.370803540004347121e-01
4.435555122610311263e-01
4.534551001204648601e-01
4.242379708635971580e-01
4.151833148908502524e-01
3.964096593076858466e-01
3.885294610675543159e-01
3.730368976067360842e-01
3.630542765477838274e-01
3.488383756777497235e-01
3.240403374610919540e-01
2.949432016117995992e-01
2.971256971030197258e-01
3.040136907138002997e-01
3.120849332832211775e-01
3.362544150577103652e-01
3.052700757311372359e-01
2.733932116771458087e-01
3.070268628004785838e-01
3.080194788224265845e-01
2.985169880253115138e-01
3.317128949717462749e-01
3.593730898912468885e-01
3.812920997011487456e-01
4.284994447489205993e-01
4.529686896013926378e-01
4.720784499906413578e-01
4.870267281116485991e-01
4.355034370014471690e-01
4.525758746293460089e-01
4.335157075939924387e-01
3.924325884532952058e-01
3.199323116547381218e-01
3.160785428355576965e-01
1.773515040052676128e-01
1.205586329651761046e-01
9.367707089906956996e-02
1.607784957089856970e-01
3.250712194035081937e-01
6.933815493391636275e-01
6.880784582901310342e-01
6.877694448502309488e-01
6.905909054647160206e-01
6.839483963939778643e-01
6.848521252099849521e-01
6.812715971975644713e-01
6.299359041979802898e-01
5.884043877475344519e-01
5.681888807922400586e-01
5.455229600699251780e-01
5.161941935222363886e-01
5.036030019484734055e-01
4.485288552398392081e-01
4.286752556770750955e-01
4.104105747533169368e-01
4.101535718549059739e-01
3.610248895089527288e-01
3.715269567187513000e-01
3.874927489191063446e-01
3.727020105876303613e-01
3.667864863587296242e-01
3.609302249844443811e-01
3.609387749888189334e-01
3.426483314660133672e-01
3.477256802071768127e-01
3.519919913284027535e-01
3.466937629748093608e-01
3.348613932145024230e-01
3.487304799208766903e-01
3.637181263128935749e-01
3.881665299232428534e-01
3.801275207406647483e-01
3.760183874890231093e-01
3.565665072439402339e-01
3.480163954728616726e-01
3.298048762375416776e-01
3.347067559717908924e-01
3.236412456104583169e-01
3.175325486993890722e-01
3.178556587058072869e-01
3.469389942979744790e-01
3.897682997015674555e-01
4.006364521341486684e-01
3.894146516312174122e-01
3.908247087881636106e-01
3.567997730824933322e-01
2.857251470879082489e-01
2.413243937216545953e-01
2.000410511569926664e-01
2.911448052458461278e-01
2.554294271312455566e-01
2.768094409404296408e-01
2.431555733932662111e-01
1.760207004530058850e-01
1.614141111306100218e-01
2.506554229039095749e-01
3.432907200313842777e-01
4.308760485712218036e-01
5.953664932117872510e-01
7.001185040899358114e-01
6.995026697213807543e-01
6.943659212190398389e-01
6.456439982783050979e-01
6.226397577337663414e-01
6.032926050628614201e-01
5.924041818039158525e-01
5.845335100686525065e-01
5.754766821127847987e-01
5.532117099372911850e-01
5.020499962377364955e-01
4.619833814928313576e-01
4.433736430099590731e-01
4.434672400047162122e-01
4.459464256532767457e-01
4.409929755665324413e-01
4.126782159346391032e-01
3.981085390095938648e-01
3.924745893844807099e-01
3.794453779475865929e-01
3.725254964708893946e-01
3.540432544952644700e-01
3.351247124232694108e-01
2.986968666646710457e-01
3.041134048923853084e-01
2.983251336318920588e-01
3.036552971717161875e-01
3.195021678106704788e-01
3.363124530135804258e-01
3.243425069931220595e-01
2.763847360015020960e-01
2.773057993703990087e-01
3.047724471996312023e-01
3.048364585584747433e-01
2.991233022147317122e-01
3.034941211691247753e-01
3.463961266051235888e-01
3.701764813342361404e-01
3.788840837559641073e-01
4.106859061963977764e-01
4.487634241849711159e-01
4.646529681950691826e-01
4.808024740052951884e-01
4.852664901732381963e-01
4.510135489045982715e-01
4.386744336871724048e-01
4.281226330834354554e-01
4.341550238574292675e-01
3.992344406056612116e-01
3.326212474333504754e-01
2.045197358530771448e-01
1.205219027569390394e-01
1.311678546957436853e-01
1.148111243903925105e-01
2.895746631188952924e-01
4.103417951072422798e-01
6.278492465148041157e-01
6.890368372842976541e-01
6.871039847278402890e-01
6.901216940871059968e-01
6.851969400949183830e-01
6.831401574094125850e-01
6.830093883917783826e-01
6.505290852802464441e-01
5.939488670220286481e-01
5.726500939455352324e-01
5.580117698281501504e-01
5.205736561964411369e-01
5.101442220261733773e-01
4.645703047204036151e-01
4.360324216760011473e-01
3.941825769532738000e-01
4.108125270851021860e-01
3.702676336710409299e-01
3.579759174166934343e-01
3.632072893921622914e-01
3.612385925266005104e-01
3.868354309266028301e-01
3.829640528830235424e-01
3.635015678014866802e-01
3.577831312373752071e-01
3.419317952074992784e-01
3.498670876869214297e-01
3.530483897671367610e-01
3.361343847682870534e-01
3.583792875926835042e-01
3.721571933575563706e-01
3.914199884844054012e-01
3.764377646597854565e-01
3.523297979469950936e-01
3.367242773585522042e-01
3.285262095839504015e-01
3.238519095483914367e-01
3.163998886673313193e-01
3.166262205158751897e-01
3.412118360567631958e-01
3.857423082864090413e-01
4.051022114250664163e-01
3.878690303983461374e-01
3.950771615095838851e-01
3.589145130437579323e-01
2.924475986523952797e-01
2.467271530191572082e-01
2.097489197230114066e-01
2.993325540655982220e-01
2.757500316807240948e-01
2.748388864478039095e-01
2.597365835033175752e-01
2.491043633289816428e-01
1.774164793433069820e-01
1.480558608455442293e-01
2.167014850730109854e-01
4.177223883785065039e-01
5.318781139716480810e-01
7.002460348338600538e-01
6.997778843216987399e-01
6.965270651998367590e-01
6.775609444152965732e-01
6.534901543328544005e-01
6.291210030901562833e-01
6.094275009543401733e-01
5.950688979152688463e-01
5.884040868306057437e-01
5.778517426798787104e-01
5.669101461678434095e-01
5.183548733588034807e-01
4.447440238665035794e-01
4.482787806518238605e-01
4.343706447440187080e-01
4.460505926093923934e-01
4.493267948054242011e-01
4.177279083806011983e-01
4.047042389184869471e-01
3.934226752726470155e-01
3.828557231334209221e-01
3.712674076673949108e-01
3.575139205469262671e-01
3.457650261380060264e-01
3.146871405872228578e-01
2.980692127903299404e-01
2.972765751574188431e-01
3.027323365780831832e-01
3.003310578054533275e-01
3.158700824840501298e-01
3.301737421209763879e-01
3.378974755015712872e-01
2.967117709612093757e-01
2.797656184542630098e-01
2.816036270809976760e-01
2.990436359209103223e-01
3.045766605011037131e-01
3.018101635475810007e-01
3.198005787314487924e-01
3.530403971923664064e-01
3.770624915481022299e-01
4.187438057117048862e-01
4.507387962321443009e-01
4.691682782697793042e-01
4.857610808861874685e-01
4.366615567268771203e-01
4.562105500051816809e-01
4.145537920780877350e-01
4.120062834205193147e-01
3.586134962723219743e-01
3.608337660380654954e-01
2.414943694467248381e-01
1.289228314334656678e-01
1.763103765100056675e-01
7.031467675014224650e-02
2.625968786480981088e-01
5.347774334819634934e-01
6.877253695407772316e-01
6.889453199894964852e-01
6.879444923248263510e-01
6.834305317971985927e-01
6.849674720866634203e-01
6.694466944872752290e-01
6.114436316612805733e-01
5.808212897176092682e-01
5.703681474263516682e-01
5.325595820642609057e-01
4.886566943707686961e-01
4.198061204567119509e-01
4.085793761243772249e-01
3.963046513322242004e-01
3.562737926917696196e-01
3.598562472356302555e-01
3.563194656380713754e-01
3.801354691083299597e-01
3.675898338058071757e-01
3.659774026572662486e-01
3.629060153106445363e-01
3.456370887398984015e-01
3.450876919315146729e-01
3.525964997740139717e-01
3.528645574862642742e-01
3.494579205639969932e-01
3.670324747738125670e-01
3.845543639494586330e-01
3.915445207350983226e-01
3.698342802233388626e-01
3.544222791894940938e-01
3.403325171079727429e-01
3.278480942064586623e-01
3.261651568311675353e-01
3.179248716536556274e-01
3.211931922721016353e-01
3.596883023156932091e-01
3.993160569655129222e-01
3.887509532537214429e-01
3.998064704092934574e-01
3.639364335338809986e-01
3.018468977728206992e-01
2.317536763604505223e-01
2.229694459337077939e-01
3.008499488823370149e-01
2.707985529117433732e-01
2.870550746172939038e-01
2.448413611380313437e-01
2.690562589173671748e-01
1.936041730188564347e-01
1.365210645676014356e-01
2.009048668044888797e-01
3.768701734823368121e-01
6.454059900702195929e-01
7.007507073529495312e-01
7.000873857131221234e-01
6.932238031192603511e-01
6.601154767415140512e-01
6.387541053559887549e-01
6.176483556258817176e-01
5.976009404110497192e-01
5.911077576814851575e-01
5.818882769479217787e-01
5.745673152387099636e-01
5.397485547974488762e-01
4.885294704033109059e-01
4.535133275166145506e-01
4.458182128742076977e-01
4.396776882984536616e-01
4.416483934324125782e-01
4.513698820758977326e-01
4.286597584594046273e-01
4.170352518884438697e-01
3.977577593746522422e-01
3.917203138619061442e-01
3.765673084148549732e-01
3.667467783885657862e-01
3.537346988151984228e-01
3.294843948816969514e-01
2.952276635362685586e-01
2.974660674573707531e-01
3.051519441068552552e-01
2.983276150906632451e-01
3.094659253478071470e-01
3.236369740915233661e-01
3.124809762484483389e-01
2.751058463377361596e-01
2.939492499020240901e-01
3.046194571719556543e-01
3.036929624567258901e-01
3.004891681775832546e-01
3.445053582661714575e-01
3.667662645730149218e-01
3.754158975063207615e-01
4.141834700611937148e-01
4.495045452816811005e-01
4.660250637547533881e-01
4.833168360717502998e-01
4.371709712955004212e-01
4.506204471469855699e-01
4.326955695135654700e-01
4.279052071608438479e-01
3.921921138154640940e-01
3.441193343294103313e-01
1.331536004346329793e-01
1.631111428750217640e-01
6.118968559484780356e-02
2.542381026917863718e-01
4.464387381502992191e-01
6.778174470890061531e-01
6.872653868174267711e-01
6.911654035381100680e-01
6.843906760296852854e-01
6.837989353663006531e-01
6.822521651701646261e-01
6.356481482806153327e-01
5.877737768834413457e-01
5.673280987897729721e-01
5.481089703709848271e-01
5.058860170052195127e-01
4.522470878102791136e-01
4.317576575331334987e-01
3.991664646362447777e-01
4.105463972446158349e-01
3.620119626082126119e-01
3.689555406360888190e-01
3.656103936635131668e-01
3.639550905832505401e-01
3.851953347406056327e-01
3.756110011068111709e-01
3.588296230738876047e-01
3.537233942743382986e-01
3.429549556967051993e-01
3.527640237115793886e-01
3.555831163085038660e-01
3.368596857003489653e-01
3.409476501227066136e-01
3.760658348589037137e-01
3.948506028407914870e-01
3.750698030589388332e-01
3.509791590047388055e-01
3.344481509134018538e-01
3.358924627533577678e-01
3.211960207627501118e-01
3.184313065957691258e-01
3.560662582673821963e-01
3.957634152783502945e-01
3.915747995606254639e-01
4.030061513168318732e-01
3.698621577441733033e-01
3.135258276670555011e-01
2.289218663455345193e-01
2.459102798432056258e-01
2.851509830965338610e-01
2.882329622878013753e-01
2.718157459144444066e-01
2.164620963537541576e-01
1.528093266684130147e-01
1.958733523851737546e-01
3.258967676966100235e-01
7.004481081074265258e-01
6.998721279545263574e-01
6.958615470944581327e-01
6.499151299839616147e-01
6.060146337699204855e-01
5.917358967368741007e-01
5.849747770547921721e-01
5.759773399101029145e-01
5.588544955001568670e-01
5.120790598519796566e-01
4.675059888507013262e-01
4.439502182042234790e-01
4.470651712193923211e-01
4.358206984242023463e-01
4.493070826458055445e-01
4.177676012914979808e-01
3.983758461312895682e-01
3.923695824895573891e-01
3.749423390756402852e-01
3.547390033470737003e-01
3.462267611565269521e-01
3.271849983418564367e-01
2.981107831074459313e-01
2.971755058367707703e-01
2.986930043405743862e-01
3.023582585091420527e-01
3.253933693964146112e-01
3.308202514871249056e-01
2.824213506051030942e-01
2.721836914252387385e-01
2.848679198962990600e-01
3.051563474860523040e-01
3.079753402134122742e-01
2.985855504851553932e-01
3.014513789084647954e-01
3.453945613105151025e-01
3.567515238769908281e-01
3.704626964212693330e-01
4.073176389120267693e-01
4.476604497163803598e-01
4.627425399381621673e-01
4.784229850941188467e-01
4.405232000124548186e-01
4.457403857373123945e-01
4.355095479966754057e-01
4.235315656841132648e-01
3.198320200183434325e-01
3.204846809239168537e-01
1.450427865018536766e-01
1.349260189053591852e-01
7.183166017018637051e-02
2.522331268490914935e-01
3.781396209179938572e-01
5.626310603279119915e-01
6.900220131571805915e-01
6.888110656331937198e-01
6.867506970839022395e-01
6.831525866940563185e-01
6.841829737395431765e-01
6.763381677375932544e-01
6.658447479458173834e-01
6.021757805652316886e-01
5.770233989229398563e-01
5.679851847747598992e-01
5.260906631463846406e-01
5.129471543868222572e-01
4.772535542636243133e-01
4.406446165251335367e-01
4.076654830341570057e-01
3.864822019201520908e-01
3.545478150145983109e-01
3.585119438137366887e-01
3.568755922745908693e-01
3.926874216246226679e-01
3.640464603048261250e-01
3.620029321532511890e-01
3.618172230768824105e-01
3.533987253127747752e-01
3.426996721193790729e-01
3.468519516204910946e-01
3.519352535944366700e-01
3.560728613571514933e-01
3.367288339501830485e-01
3.353531548557403541e-01
3.536047178019903203e-01
3.869353864678535815e-01
3.881532348235238183e-01
3.662610876701219986e-01
3.522576072272564640e-01
3.308619532735839197e-01
3.342489223618712035e-01
3.204933139299747658e-01
3.175387091825397357e-01
3.492768780041141663e-01
3.922254889896603092e-01
3.955091076572631592e-01
4.016229553175458267e-01
3.701354837301454870e-01
3.281358653092597555e-01
2.310146838633203858e-01
