0.000000000000000000e+00
-4.151440280581740091e-10
-1.729069213869128116e-09
-4.013403524908952336e-09
-8.249827885184989250e-09
-1.585297502047940217e-08
-2.737392405312703116e-08
-4.386296328235747199e-08
-6.703092365752442476e-08
-9.748232596494501574e-08
-1.351824168901325770e-07
-1.811252541253075897e-07
-2.369685654839112921e-07
-3.041496332294061410e-07
-3.834639041684089378e-07
-4.756674363114786716e-07
-5.832746491450464884e-07
-7.097077988082932335e-07
-8.568487195729103331e-07
-1.027133200488110175e-06
-1.225375474355076765e-06
-1.455011367437486257e-06
-1.718303905011548240e-06
-2.020284959833707132e-06
-2.365575080934848324e-06
-2.756327868411188817e-06
-3.197194048260787545e-06
-3.693857545085881470e-06
-4.249099182971990108e-06
-4.867012094796744796e-06
-5.553206314219158205e-06
-6.310448300005449861e-06
-7.142000208108235870e-06
-8.053488187026842138e-06
-9.048383824556699095e-06
-1.012891227258634941e-05
-1.129923609373892753e-05
-1.256319713124222106e-05
-1.392342481734211840e-05
-1.538356780901665774e-05
-1.694741408188691156e-05
-1.861766174157627091e-05
-2.039770725283549468e-05
-2.229113097311513585e-05
-2.429999454778514287e-05
-2.642663929061702662e-05
-2.867380377876821882e-05
-3.104256092169546308e-05
-3.353389618291745272e-05
-3.614961442319975302e-05
-3.888987115954373354e-05
-4.175372253462087720e-05
-4.474115022775773480e-05
-4.785143137235131844e-05
-5.108238672365995479e-05
-5.443230937130727557e-05
-5.789909147948076517e-05
-6.147899719931029198e-05
-6.516871581105402277e-05
-6.896532175812714190e-05
-7.286430670116271599e-05
-7.686101797110925530e-05
-8.095175276497426056e-05
-8.513184710229527346e-05
-8.939583772719601003e-05
-9.373897911949135198e-05
-9.815605152062977640e-05
-1.026408922960642188e-04
-1.071878123110944628e-04
-1.117910665530012023e-04
-1.164441405760173237e-04
-1.211407414780963927e-04
-1.258744706122285164e-04
-1.306382696630944583e-04
-1.354255172551984158e-04
-1.402298010226437925e-04
-1.450439764332790943e-04
-1.498611344088541034e-04
-1.546748780377601648e-04
-1.594785279917916251e-04
-1.642656900544431386e-04
-1.690307062529151721e-04
-1.737679075693636475e-04
-1.784720171171703333e-04
-1.831388057661117725e-04
-1.877642158167961968e-04
-1.923442483412670658e-04
-1.968758875995916733e-04
-2.013566611644711007e-04
-2.057841147796973639e-04
-2.101566558196244351e-04
-2.144735069323634822e-04
-2.187339260537914923e-04
-2.229377628575703637e-04
-2.270857535328940939e-04
-2.311788220486677315e-04
-2.352182413467372561e-04
-2.392059561248944925e-04
-2.431439285087036797e-04
-2.470341229492655486e-04
-2.508790616095790053e-04
-2.546812525181105713e-04
-2.584428594131479092e-04
-2.621663424993679343e-04
-2.658540651077112072e-04
-2.695076685014814320e-04
-2.731284614994191153e-04
-2.767171751619103672e-04
-2.802731284307392878e-04
-2.837945323901676776e-04
-2.872786212272633393e-04
-2.907207960724019630e-04
-2.941147134129954506e-04
-2.974526926861397001e-04
-3.007250981522380240e-04
-3.039202758015331456e-04
-3.070251439004658659e-04
-3.100247684700903491e-04
-3.129021387464615790e-04
-3.156389015253850271e-04
-3.182154792760721190e-04
-3.206108059740056700e-04
-3.228030882805751033e-04
-3.247704087837814516e-04
-3.264906613238151810e-04
-3.279420698142686361e-04
-3.291037995791518816e-04
-3.299557269775178921e-04
-3.304785234852620178e-04
-3.306539892373791122e-04
-3.304645066199023737e-04
-3.298924852254331622e-04
-3.289202067382363546e-04
-3.275290320559691676e-04
-3.256982216747038457e-04
-3.234042792682443354e-04
-3.206201056427536358e-04
-3.173138004630805874e-04
-3.134480318992022177e-04
-3.089796967873187860e-04
-3.038595523203724540e-04
-2.980326236529743105e-04
-2.914392106550672823e-04
-2.840156647664313929e-04
-2.756957090585584590e-04
-2.664124077179793834e-04
-2.560996830115482817e-04
-2.446935122390491747e-04
-2.321335849154021458e-04
-2.183644755954239900e-04
-2.033364868412067586e-04
-1.870065629500927966e-04
-1.693388149994404907e-04
-1.503049339962333846e-04
-1.298844026519163446e-04
-1.080649090863592516e-04
-8.484216353633226100e-05
-6.021958558540858067e-05
-3.420832646467052504e-05
-6.827182700902337389e-06
2.189778183861651990e-05
5.193308937518987189e-05
8.323749162051826409e-05
1.157620768152834979e-04
1.494487389204009371e-04
1.842297340180586564e-04
2.200272935877908506e-04
2.567533053884698017e-04
2.943086934504588002e-04
3.325842553738082266e-04
3.714606801898077959e-04
4.108097947728794972e-04
4.504949945885432109e-04
4.903725448857459935e-04
5.302930320556246881e-04
5.701027232588541313e-04
6.096451350368306977e-04
6.487618814115606860e-04
6.872962203889629394e-04
7.250936379028149938e-04
7.620042919466400852e-04
7.978849893412330758e-04
8.326019868379973656e-04
8.660325450960781705e-04
8.980660413895619068e-04
9.286052477288978240e-04
9.575672868594265006e-04
9.848834403855194833e-04
1.010499753205529403e-03
1.034377772082394932e-03
1.056494429192388930e-03
1.076842522666762248e-03
1.095431070695825288e-03
1.112285520091658726e-03
1.127448080395843924e-03
1.140977809680803140e-03
1.152950174679401177e-03
1.163456804011401505e-03
1.172604617360148730e-03
1.180514671279980082e-03
1.187320711282574678e-03
1.193166862697316423e-03
1.198206725409454131e-03
1.202604650102156265e-03
1.206533227768121289e-03
1.210169464452614694e-03
1.213694923715267875e-03
1.217293498440792047e-03
1.221146388325683452e-03
1.225430072784133980e-03
1.230313486275327103e-03
1.235952144190534960e-03
1.242486504271408812e-03
1.250044047855274499e-03
1.258738161322823937e-03
1.268663605005485116e-03
1.279892456548416615e-03
1.292472397254153423e-03
1.306426235246143600e-03
1.321751249134229872e-03
1.338419467734241076e-03
1.356377550688046786e-03
1.375545820937238480e-03
1.395820994536089640e-03
1.417079586745714423e-03
1.439173639937035192e-03
1.461927784493555205e-03
1.485144201878258558e-03
1.508602230055717695e-03
1.532055763263205509e-03
1.555239118897145745e-03
1.577869012880088679e-03
1.599644985579544302e-03
1.620261774707920004e-03
1.639418745748527076e-03
1.656821364650575088e-03
1.672191707378337285e-03
1.685277150495222837e-03
1.695847881694134045e-03
1.703703711994705369e-03
1.708684539626001463e-03
1.710667841009881878e-03
1.709570525342040152e-03
1.705360331623553220e-03
1.698056026092617738e-03
1.687723925395629180e-03
1.674483678245890055e-03
1.658505567508394883e-03
1.639999981679218224e-03
1.619217278958923721e-03
1.596444724856073850e-03
1.571992258467519443e-03
1.546186672155921808e-03
1.519372383220898761e-03
1.491903936557174414e-03
1.464141312667079260e-03
1.436454251583490355e-03
1.409218771300843132e-03
1.382808365696609624e-03
1.357593818911719506e-03
1.333940674796646984e-03
1.312197889950578915e-03
1.292693681368319329e-03
1.275733767359981579e-03
1.261592809825644226e-03
1.250510819908877587e-03
1.242694894342278754e-03
1.238313226841041394e-03
1.237489368636891449e-03
1.240303770199176030e-03
1.246789794958122217e-03
1.256925989772756259e-03
1.270634955557985906e-03
1.287780508882898148e-03
1.308162077192651009e-03
1.331518030385652395e-03
1.357532066206414969e-03
1.385835791900443849e-03
1.416016733225142253e-03
1.447629692591917384e-03
1.480202664156149471e-03
1.513244047025581523e-03
1.546252984818365442e-03
1.578724498821897082e-03
1.610152399647252902e-03
1.640039456336193479e-03
1.667904911155579373e-03
1.693288820791551737e-03
1.715761295867360018e-03
1.734931850909933546e-03
1.750454897891474309e-03
1.762036850408386533e-03
1.769442752629294584e-03
1.772496424777617952e-03
1.771080067822679944e-03
1.765136084240078720e-03
1.754665648914896514e-03
1.739727061390431958e-03
1.720438070358729825e-03
1.696977013278068869e-03
1.669582613338406940e-03
1.638556148693296388e-03
1.604261960132812503e-03
1.567123621386901913e-03
1.527619790754504653e-03
1.486278647396047309e-03
1.443669265495566359e-03
1.400392997915640182e-03
1.357074782866922111e-03
1.314352794295946475e-03
1.272869530496488792e-03
1.233265054688136931e-03
1.196168535510259024e-03
1.162188479701743585e-03
1.131904348537279966e-03
1.105855810235730277e-03
1.084530664122964738e-03
1.068354615418009830e-03
1.057681411771455460e-03
1.052783241978463152e-03
1.053845058243070825e-03
1.060961913494256822e-03
1.074136965674797346e-03
1.093282428936316912e-03
1.118222699429376275e-03
1.148696548349911100e-03
1.184360152030947697e-03
1.224791596086368447e-03
1.269494128844006128e-03
1.317900199402428918e-03
1.369377454061370932e-03
1.423234819664815189e-03
1.478731673103846371e-03
1.535089122029971529e-03
1.591501603022219121e-03
1.647149752215266733e-03
1.701211693041896223e-03
1.752876352978274647e-03
1.801353034895477895e-03
1.845881019878089797e-03
1.885740096170020414e-03
1.920258801885035361e-03
1.948823913295035220e-03
1.970891737166790073e-03
1.985998262513767338e-03
1.993769374032931634e-03
1.993931402513215035e-03
1.986319282525392249e-03
1.970882655004177822e-03
1.947689781415485981e-03
1.916928788599726353e-03
1.878904812944919315e-03
1.834036605878144356e-03
1.782851977438823900e-03
1.725981389125926706e-03
1.664150724577881510e-03
1.598174246837936975e-03
1.528944969585278564e-03
1.457423749634492944e-03
1.384626923017398970e-03
1.311612399505617151e-03
1.239462264732491123e-03
1.169266326768990090e-03
1.102103978775272747e-03
1.039026386975820063e-03
9.810401596822254221e-04
9.290924383984841420e-04
8.840570444447110911e-04
8.467220800190860316e-04
8.177796877277560689e-04
7.978147537607589842e-04
7.872952055679751076e-04
7.865631910045119005e-04
7.958260416529400151e-04
8.151494024697881124e-04
8.444523576446753615e-04
8.835047983735523983e-04
9.319272921174523352e-04
9.891945143145539337e-04
1.054640895764767184e-03
1.127469181138821691e-03
1.206759316562833195e-03
1.291479722832253796e-03
1.380498800870964566e-03
1.472599441603334412e-03
1.566492399502150169e-03
1.660832464375438600e-03
1.754236793010013722e-03
1.845303884696073739e-03
1.932635377184395951e-03
2.014858055250228451e-03
2.090646293086465077e-03
2.158744607871304275e-03
2.217989004346544897e-03
2.267326686320444984e-03
2.305832105183527967e-03
2.332723479508380573e-03
2.347375430780809097e-03
2.349330291117888211e-03
2.338307086607228306e-03
2.314209469765752137e-03
2.277131741723132079e-03
2.227361592575710474e-03
2.165380604828982206e-03
2.091861088269755635e-03
2.007660156358965792e-03
1.913809531741917465e-03
1.811503262852194552e-03
1.702081467646113710e-03
1.587012153521207523e-03
1.467872842021653197e-03
1.346328773933200447e-03
1.224111205132929689e-03
1.102995928721310637e-03
9.847810235525584523e-04
8.712586906443939684e-04
7.641911477889978387e-04
6.652840656992353675e-04
5.761592218509995096e-04
4.983275110705863648e-04
4.331640843133211785e-04
3.818840802536851856e-04
3.455227432214231153e-04
3.249155547336649843e-04
3.206821065630321380e-04
3.332135352268811627e-04
3.626627912438717244e-04
4.089383504024991377e-04
4.716999328457623986e-04
5.503579789700735339e-04
6.440767160444118514e-04
7.517787353287782659e-04
8.721556170455206907e-04
1.003683811809415703e-03
1.144642751724595300e-03
1.293138534753467302e-03
1.447127484727031175e-03
1.604443934733645622e-03
1.762831766050898356e-03
1.919972835290173225e-03
2.073526097611942415e-03
2.221158183454839848e-03
2.360576722638100047e-03
2.489566354291841005e-03
2.606018986124691763e-03
2.707970187429476101e-03
2.793629621804964887e-03
2.861409283537633130e-03
2.909954774504505421e-03
2.938170945940420976e-03
2.945241700625375776e-03
2.930646705993747696e-03
2.894173085454474544e-03
2.835924325060277824e-03
2.756324237919921712e-03
2.656117225523066307e-03
2.536362735677652382e-03
2.398427044255426431e-03
2.243968722812969031e-03
2.074923551133014011e-03
1.893481861833444264e-03
1.702062754834834024e-03
1.503281361248011080e-03
1.299918028671504574e-03
1.094876814907236578e-03
8.911430448002632737e-04
6.917488504689959595e-04
4.997176146708383164e-04
3.180281369191556855e-04
1.495633539180431107e-04
-2.927121318573862636e-06
-1.368697771715067762e-04
-2.499127829944073503e-04
-3.399701664908661640e-04
-4.052521306954499480e-04
-4.442938341737855579e-04
-4.559930219634228030e-04
-4.396311942075697911e-04
-3.948911362417524421e-04
-3.218695206070424654e-04
-2.210824417216494060e-04
-9.346566639577344319e-05
5.963247274394621741e-05
2.364609977675668606e-04
4.348835782428812609e-04
6.524107230715510625e-04
8.862245196973138469e-04
1.133211996153469679e-03
1.389999461775952598e-03
1.652999927002895717e-03
1.918464900127486153e-03
2.182526564489362542e-03
2.441262153315093726e-03
2.690745357708774523e-03
2.927111363202944752e-03
3.146617049884135875e-03
3.345692328815583205e-03
3.520997205158379103e-03
3.669474363797884872e-03
3.788410151935701735e-03
3.875469480550180253e-03
3.928738167249907695e-03
3.946759439706309762e-03
3.928564873306815593e-03
3.873698749844396282e-03
3.782236725764841039e-03
3.654797564576252496e-03
3.492541725071100431e-03
3.297161853151532335e-03
3.070865772196244327e-03
2.816359493941739990e-03
2.536820760663236786e-03
2.235857159206579292e-03
1.917463169715992021e-03
1.585968620273568936e-03
1.245992934702718673e-03
9.023743662183823918e-04
5.600935365701586446e-04
2.242167950657582482e-04
-1.001681055191328673e-04
-4.080451348376842586e-04
-6.945191611820869873e-04
-9.549326766211903078e-04
-1.184924060773146024e-03
-1.380488038070953102e-03
-1.538056042074949312e-03
-1.654553950306710940e-03
-1.727448170566126028e-03
-1.754793283355734644e-03
-1.735283403766593518e-03
-1.668278454711169794e-03
-1.553822235334125943e-03
-1.392658330010431702e-03
-1.186231327156177847e-03
-9.366765636360801931e-04
-6.468032042435529995e-04
-3.200717177338183476e-04
3.944749320544598350e-05
4.271143525296769764e-04
8.377806979891923691e-04
1.265857591771801923e-03
1.705397086220937280e-03
2.150153988778051323e-03
2.593666617516707587e-03
3.029347690699133247e-03
3.450601817358519598e-03
3.850916269714344843e-03
4.223961268230940098e-03
4.563687988424452828e-03
4.864421550920197332e-03
5.120961146261450263e-03
5.328655339007676815e-03
5.483493571205903631e-03
5.582165092911054761e-03
5.622127488483338181e-03
5.601651270421753592e-03
5.519863188411400917e-03
5.376765926018653614e-03
5.173247121100999629e-03
4.911088732460149042e-03
4.592964584113744080e-03
4.222422666252920002e-03
3.803849747519573790e-03
3.342409117387708673e-03
2.843983403674611547e-03
2.315133161049371790e-03
1.763030215691466706e-03
1.195319653873496823e-03
6.200618465591731156e-04
4.560018047862397252e-05
-5.195778565749505258e-04
-1.066914827903803643e-03
-1.587933739461619030e-03
-2.074389830297093500e-03
-2.518408404924159932e-03
-2.912573176782324788e-03
-3.250078896502150289e-03
-3.524820634265660082e-03
-3.731510695423353834e-03
-3.865782399600030915e-03
-3.924256261938961071e-03
-3.904601783259786189e-03
-3.805580140909041193e-03
-3.627098687438841135e-03
-3.370229221490197470e-03
-3.037198269011829807e-03
-2.631381171522360462e-03
-2.157278498711883742e-03
-1.620472923770063019e-03
-1.027580295082019960e-03
-3.861656479355461994e-04
2.953297534726826747e-04
1.007696351998687559e-03
1.741072630770746374e-03
2.485018558435783155e-03
3.228748963901753154e-03
3.961192682697234346e-03
4.671251679790881101e-03
5.347969168059546474e-03
5.980616857478258767e-03
6.558941094930118877e-03
7.073306267845258684e-03
7.514875153133653181e-03
7.875744644165563399e-03
8.149066936990568416e-03
8.329162956974665508e-03
8.411641552754509782e-03
8.393483541739511083e-03
8.273079313643277172e-03
8.050265177163545144e-03
7.726343016506557505e-03
7.304077568010347923e-03
6.787678453044176941e-03
6.182778201641731843e-03
5.496378727244459646e-03
4.736804629748715689e-03
3.913608521046684809e-03
3.037477067078293673e-03
2.120155430896390053e-03
1.174296054973642412e-03
2.133253596576841361e-04
-7.488157336038610409e-04
-1.697881526903575501e-03
-2.619423697041108924e-03
-3.499179921443450886e-03
-4.323194752337031904e-03
-5.078063919108270242e-03
-5.751195458746623766e-03
-6.330998947367605378e-03
-6.807135104861391887e-03
-7.170660424476338335e-03
-7.414158401508071268e-03
-7.531861464042239468e-03
-7.519733251744206010e-03
-7.375561348501064041e-03
-7.098989054109244856e-03
-6.691547848171002996e-03
-6.156658209313444798e-03
-5.499604423995406444e-03
-4.727480075775924648e-03
-3.849157401754327475e-03
-2.875234434773461106e-03
-1.817973510541322614e-03
-6.911128331700696313e-04
4.903613729618050247e-04
1.710207672554500853e-03
2.951202774133877219e-03
4.195219949261707465e-03
5.423546229177589675e-03
6.617454858667507801e-03
7.758264967564630805e-03
8.827670111648611498e-03
9.808234996410519074e-03
1.068357352986204663e-02
1.143864815764558847e-02
1.206007562676938462e-02
1.253637086277920899e-02
1.285811091320799779e-02
1.301803781245017971e-02
1.301116729171258347e-02
1.283483773471260671e-02
1.248871886249880957e-02
1.197477554015950393e-02
1.129728247807305734e-02
1.046282297849083533e-02
9.480248485100983835e-03
8.360590556803141130e-03
7.116973862701461012e-03
5.764582431777561487e-03
4.320577712703525461e-03
2.803943528487543805e-03
1.235301105857972408e-03
-3.631899274030029527e-04
-1.967950157784490329e-03
-3.555349006946718991e-03
-5.100973943383203119e-03
-6.580263998703592306e-03
-7.969192858646589536e-03
-9.244834362472854200e-03
-1.038580927587715377e-02
-1.137246944823729414e-02
-1.218737332732251419e-02
-1.281557423615000899e-02
-1.324499994804510285e-02
-1.346642190209847677e-02
-1.347355238866868726e-02
-1.326299571225971266e-02
-1.283427945566137547e-02
-1.218981995692432034e-02
-1.133489245531766818e-02
-1.027755666776155284e-02
-9.028619856161289314e-03
-7.601701234249872742e-03
-6.013272702903144605e-03
-4.282509797523881452e-03
-2.431275267454447581e-03
-4.839528281226898382e-04
1.532847686281549326e-03
3.591081106158624733e-03
5.660509786825915386e-03
7.709280316347181736e-03
9.705262114400205545e-03
1.161618749392475183e-02
1.341034327361240175e-02
1.505744235255915622e-02
1.652915989567902560e-02
1.780012689744039228e-02
1.884812707461006390e-02
1.965453931467152360e-02
2.020460720749540223e-02
2.048755520809138891e-02
2.049660683379331966e-02
2.022875799599814853e-02
1.968457462470298014e-02
1.886783257603436709e-02
1.778540497958009878e-02
1.644733928997537536e-02
1.486696042361570005e-02
1.306077320212455269e-02
1.104830376902763908e-02
8.852284099462167863e-03
6.498825886337227312e-03
4.017672330730767336e-03
1.442032754092655500e-03
-1.191772775086000821e-03
-3.843932268574008944e-03
-6.475609041567095478e-03
-9.044280543081166870e-03
-1.150613834077652241e-02
-1.381998196170046607e-02
-1.594581483703669256e-02
-1.784608833874978123e-02
-1.948733063564002735e-02
-2.084075377006529978e-02
-2.188264995422253834e-02
-2.259510459969090237e-02
-2.296555926380310086e-02
-2.298677860914863369e-02
-2.265613272941373324e-02
-2.197529411392151744e-02
-2.094990458646307091e-02
-1.958918685043968197e-02
-1.790557816546932066e-02
-1.591461313202425024e-02
-1.363537209336548872e-02
-1.109096387549372668e-02
-8.308902263810773528e-03
-5.321175830777149368e-03
-2.164532103351863353e-03
1.118518561717439476e-03
4.481024774621220584e-03
7.874128504576229093e-03
1.124396728527985757e-02
1.453456054964892899e-02
1.768715221058038065e-02
2.064437760137026803e-02
2.335179978363823017e-02
2.575993760914247963e-02
2.782530657208622665e-02
2.951172620696235205e-02
3.079138689699264728e-02
3.164463895057707810e-02
3.206005637502127442e-02
3.203367741157284176e-02
3.156769095331470737e-02
3.066938968187553349e-02
2.934987518919228086e-02
2.762290451177999706e-02
2.550457475679527089e-02
2.301361575530295328e-02
2.017153086490715980e-02
1.700330359015491191e-02
1.353869197413819746e-02
9.813032978383285157e-03
5.868502729157209705e-03
1.755231304057789038e-03
-2.469486489364734836e-03
-6.739743163231508467e-03
-1.099277832549982147e-02
-1.515295964177119578e-02
-1.914032541226103751e-02
-2.288068911333887220e-02
-2.629993431803144197e-02
-2.933096187203092231e-02
-3.191589794345232184e-02
-3.400845187345118842e-02
-3.557496421269683989e-02
-3.659462978503350700e-02
-3.705911166099033760e-02
-3.696980452217657476e-02
-3.633588314739157055e-02
-3.517209381168477644e-02
-3.349703185924147314e-02
-3.133082192723383314e-02
-2.869364717485107727e-02
-2.560610472278505509e-02
-2.209130124791036306e-02
-1.817600248865357260e-02
-1.389255335461615781e-02
-9.280520711614908061e-03
-4.388913350923616050e-03
7.220672029175999969e-04
5.979920836857987101e-03
1.130780499739721112e-02
1.661835476549821874e-02
2.181413991224109492e-02
2.678602662250709546e-02
3.142761072262230393e-02
3.563558868365707122e-02
3.756702079509875031e-02
3.935614437253112663e-02
4.099119447868340704e-02
4.246598918102543335e-02
4.377416415170497926e-02
4.584747196519071977e-02
4.663634719621927854e-02
4.724974573694165625e-02
4.792270437015048318e-02
4.791606799125383565e-02
4.724396263807505159e-02
4.667371804767359023e-02
4.506535035275428119e-02
4.287239886022250340e-02
4.012777127130943977e-02
3.685622233816392840e-02
3.308187421532795408e-02
2.882698594065392222e-02
2.411868558294136961e-02
1.898295434651247476e-02
1.345862169083895422e-02
7.597849194165793955e-03
1.471262997251789268e-03
-4.835210254536628262e-03
-1.122497446327706122e-02
-1.760834411180799489e-02
-2.078105491221756210e-02
-2.692145117504397486e-02
-2.990261400690290283e-02
-3.278408442115970933e-02
-3.554092407380661511e-02
-3.816031013499614905e-02
-4.062372311528165275e-02
-4.179774846692015100e-02
-4.399946390693763171e-02
-4.503304277427491731e-02
-4.694392297541655906e-02
-4.864464412347881822e-02
-5.013489495669150309e-02
-5.140326481169969070e-02
-5.245155519113858800e-02
-5.327506119192101236e-02
-5.423118366238305343e-02
-5.440368745697195252e-02
-5.436944249413781793e-02
-5.367899491126391226e-02
-5.223958155097711137e-02
-5.010849035781690664e-02
-4.733268620880837912e-02
-4.395826537998687167e-02
-4.001148578616550017e-02
-3.551742943357502624e-02
-3.048854373674643806e-02
-2.494319568482080210e-02
-1.890886509387936301e-02
-1.243511160075374752e-02
-5.580096570134925917e-03
1.577068007624135961e-03
8.947768371489047898e-03
1.643969219928719666e-02
2.021250551574796731e-02
2.396929445674272213e-02
2.769143673644041195e-02
3.488924921484514580e-02
3.837561236495615896e-02
4.173690461229208337e-02
4.789777619307251932e-02
4.934790641809797679e-02
5.074762394320574826e-02
5.208888938896680948e-02
5.337027966405878676e-02
5.458753749985362919e-02
5.574084291334151925e-02
5.784130039104142668e-02
5.879671586993043264e-02
6.049545424063396126e-02
6.191144254317697965e-02
6.304925184088937262e-02
6.421634866729922231e-02
6.467072183495341242e-02
6.486469789065986424e-02
6.480518333272018705e-02
6.450698612678794353e-02
6.398045611868016791e-02
6.228641802289221902e-02
6.115424286613935223e-02
5.835991217715325030e-02
5.491432292893437539e-02
5.086736591961887183e-02
4.623978298295017275e-02
4.105852516043571876e-02
3.533422399384363727e-02
2.908083655417828886e-02
2.231065592945389447e-02
1.505567207058223708e-02
7.383906464629078244e-03
-6.053619874607224635e-04
-4.695392859489635334e-03
-8.829499172645331392e-03
-1.299158893782732457e-02
-1.717251910433448270e-02
-2.135516097516688971e-02
-2.551942446258526065e-02
-2.963835069469659966e-02
-3.369233005591251023e-02
-3.765792610288014319e-02
-3.960943615438684146e-02
-4.152867958333809201e-02
-4.340847190273573741e-02
-4.524671429465271233e-02
-4.703921975080171264e-02
-4.878258639816241554e-02
-5.047537516912729144e-02
-5.211199558528716025e-02
-5.369151719979685378e-02
-5.520816051236863975e-02
-5.665814333189764934e-02
-5.803865292942948784e-02
-5.934557450670054773e-02
-6.057826757828901898e-02
-6.279029530669749670e-02
-6.378754664555809362e-02
-6.470464982084765670e-02
-6.626950870590576914e-02
-6.693751644164375181e-02
-6.801742851083755759e-02
-6.844004925273768081e-02
-6.904223631182679344e-02
-6.933413610111002767e-02
-6.934198509029072810e-02
-6.907065347298690927e-02
-6.854356089985212674e-02
-6.677627376974219764e-02
-6.556685755846779207e-02
-6.258249403149432344e-02
-6.083915034871346939e-02
-5.687113914459783481e-02
-5.230489102882446284e-02
-4.717877540553101073e-02
-4.149479215658887638e-02
-3.524995503028588439e-02
-2.842733878964547045e-02
-2.105084833772513653e-02
-1.315551388719680449e-02
-4.817878485539530721e-03
3.867641123086688632e-03
8.315135340001722497e-03
1.280883496743850415e-02
1.732805946734357339e-02
2.185713790519693348e-02
2.637607313577114768e-02
3.086701951371682504e-02
3.531047289937506994e-02
3.751704122774494887e-02
4.184864048930349995e-02
4.606629088909905412e-02
4.813549980995257549e-02
5.016079492695463271e-02
5.213814345050298699e-02
5.406288045602933301e-02
5.592988960401713838e-02
5.773726466908043337e-02
5.947908438181497698e-02
6.115062669231989545e-02
6.275053793533921787e-02
6.427275991998013249e-02
6.571589931859700418e-02
6.707499866558516710e-02
6.834768260940257689e-02
6.953049894192479818e-02
7.062106120453115476e-02
7.250450082050302614e-02
7.331326778315559733e-02
7.463938634579271592e-02
7.615353649316095042e-02
7.633074624191570068e-02
7.642881379799655595e-02
7.620931907181485720e-02
7.488388615748566013e-02
7.439855648432169843e-02
7.325361602440648434e-02
7.188886972752954463e-02
6.947537975310670577e-02
6.764626637386628172e-02
6.350536704328421655e-02
5.878161662341915839e-02
5.353077892999043991e-02
5.071399882790211811e-02
4.467682962605571545e-02
3.809265235272371597e-02
3.094356415924701814e-02
2.323426633116311424e-02
1.500108785197099004e-02
6.319790564707542489e-03
-2.712160503834527402e-03
-7.331573449596193691e-03
-1.198661232527154299e-02
-1.665578690091979591e-02
-2.132727342268313578e-02
-2.598564985906982525e-02
-3.061374948636137738e-02
-3.291844362308016247e-02
-3.745925446758589100e-02
-3.970909921796814124e-02
-4.413230273213642613e-02
-4.629163519620912992e-02
-4.841014065862996041e-02
-5.049084991145450646e-02
-5.252296888986320716e-02
-5.352257801080946564e-02
-5.547699800149274302e-02
-5.643156921989118946e-02
-5.829538464445087331e-02
-6.009116349578886435e-02
-6.181129521965598311e-02
-6.345933257718498754e-02
-6.502048883392387568e-02
-6.650111519734165644e-02
-6.788891432176678842e-02
-6.918578576585485140e-02
-7.038838416719828128e-02
-7.149252602576815219e-02
-7.250109465563139843e-02
-7.340842979250804257e-02
-7.421808343797081653e-02
-7.492690127366834207e-02
-7.553923830785318205e-02
-7.605284047697230543e-02
-7.678188223562029679e-02
-7.701088787641320599e-02
-7.715061948066206932e-02
-7.715761274169440076e-02
-7.704151196992994888e-02
-7.656803469841068355e-02
-7.602075325463558686e-02
-7.532086365713491771e-02
-7.350305532639030137e-02
-7.033925478378223739e-02
-6.645368616969631048e-02
-6.195930192316458779e-02
-6.075002946824298311e-02
-5.823615847473232604e-02
-5.282733804030260993e-02
-4.690726840838391198e-02
-4.044493949825839901e-02
-3.700317151884439243e-02
-2.967539444926247869e-02
-2.175238381708656521e-02
-1.324992114788795666e-02
-4.245909757205783286e-03
4.078201819815856525e-04
5.138459871825905474e-03
9.925516340517656286e-03
1.474070256580837200e-02
1.956376827865413323e-02
2.437945480028259199e-02
2.916949647954154151e-02
3.155929658222279138e-02
3.393815324908993486e-02
3.863063753717334292e-02
4.095732847879809957e-02
4.326309125044847104e-02
4.554123869329687602e-02
4.779053051421849885e-02
5.216330925169051363e-02
5.429714822704084787e-02
5.638416365952832882e-02
5.841632925396787746e-02
6.039099757150610814e-02
6.229828042682888922e-02
6.413598757914294735e-02
6.589796646718544537e-02
6.757945554515304432e-02
6.917467363310307593e-02
7.067926201780073969e-02
7.209105012514628597e-02
7.459694618085688234e-02
7.571508826005125814e-02
7.673189518490408645e-02
7.764309142667330521e-02
7.844831513130136325e-02
7.914761951054892497e-02
7.974041929575641230e-02
8.023137013323088096e-02
8.061736325179098828e-02
8.108238480513252355e-02
8.117751439192688601e-02
8.118185870342396748e-02
8.092277403451211826e-02
7.943728708200209487e-02
7.688537166009348778e-02
7.346939542929423195e-02
7.250156099062601833e-02
7.043957511996637444e-02
6.587669656409073093e-02
6.079955655837528811e-02
5.526564202900609291e-02
5.232513574719766664e-02
4.606950450095483734e-02
3.928286215892200228e-02
3.192947797095358614e-02
2.397811611121136027e-02
1.544596216378917378e-02
1.097436719191227823e-02
6.381212465119604112e-03
-3.035775897623260115e-03
-7.851494063425987213e-03
-1.269622523419899375e-02
-1.754467251651384979e-02
-2.237465371158097946e-02
-2.478518574100535554e-02
-2.955216013239391620e-02
-3.192343893419989642e-02
-3.428107772176807594e-02
-3.891229701873073071e-02
-4.120917035634705933e-02
-4.348246734711268963e-02
-4.571945883659455506e-02
-4.792397486764813502e-02
-5.008491752908042494e-02
-5.220363608770421660e-02
-5.427677864865908253e-02
-5.629590256300710804e-02
-5.826161404100413388e-02
-6.016434053372046037e-02
-6.199967321439366769e-02
-6.376161914107005002e-02
-6.544519585954904073e-02
-6.704826524578982871e-02
-6.856533973015122019e-02
-6.999300596906853078e-02
-7.132693956365350474e-02
-7.256361628549039267e-02
-7.473129279943623027e-02
-7.566566135730606879e-02
-7.649513610848335254e-02
-7.722279778633152347e-02
-7.834896242168876146e-02
-7.877089406606152533e-02
-7.909723495419888895e-02
-7.932153319599705155e-02
-7.945242042314096254e-02
-7.941884503535773243e-02
-7.927602932282037940e-02
-7.873804384303777215e-02
-7.813012080748207855e-02
-7.736559219312391655e-02
-7.538101746944440851e-02
-7.196613695397477417e-02
-6.783592526057376226e-02
-6.312743525395356214e-02
-6.186842311931897015e-02
-5.926542702045738825e-02
-5.373231447217841766e-02
-4.775121281891940572e-02
-4.127334916206467502e-02
-3.783015613720368264e-02
-3.050311838552843130e-02
-2.256190749785930150e-02
-1.400221652646654880e-02
-4.886813616815569375e-03
-1.561913184842430159e-04
4.664408981614916183e-03
9.547510449725845477e-03
1.446594032847598084e-02
1.939091345496219559e-02
2.430152345832821761e-02
2.918354022352904684e-02
3.161814068680645490e-02
3.403911819719824400e-02
3.880300039275697693e-02
4.116415024074026457e-02
4.350151747415203357e-02
4.806129111283494876e-02
5.030740629698053634e-02
5.251611783629787228e-02
5.676335978714346781e-02
5.882717994485838625e-02
6.083286901535877450e-02
6.277163407020704133e-02
6.464114169807547161e-02
6.643264526153881688e-02
6.814557647336691448e-02
7.128557939659828369e-02
7.273213092345216790e-02
7.408926070446066048e-02
7.533951312822040336e-02
7.648943279729526756e-02
7.753638555599220994e-02
7.847625102989033707e-02
7.931789417321118141e-02
8.004626147520114976e-02
8.117743010924093061e-02
8.159294750123265161e-02
8.190580797684365866e-02
8.211985502267533932e-02
8.223215463175513606e-02
8.216970278089290314e-02
8.175456217610606313e-02
7.996224499426386745e-02
7.710665109969597197e-02
7.340435515846402414e-02
6.901842985181580459e-02
6.408975353568721611e-02
5.870776241305162430e-02
5.291194969290015371e-02
4.666605402915934009e-02
3.993407124801483937e-02
3.266023346654949033e-02
2.479516057226242159e-02
1.632826049238988997e-02
7.323996894293747714e-03
-2.100271975334599885e-03
-6.947447674790298115e-03
-1.183434715693069961e-02
-1.673021406909297806e-02
-2.160986894404514497e-02
-2.404619685796783451e-02
-2.647019304734728531e-02
-3.125041746219311967e-02
-3.596495000344254733e-02
-3.830309947349485461e-02
-4.287217416376874063e-02
-4.456559049814835805e-02
-4.624126940514358686e-02
-4.950897569528918407e-02
-5.111460967454471704e-02
-5.269767064861871630e-02
-5.424762724365371491e-02
-5.577192303453349514e-02
-5.726341142894589287e-02
-5.871788034332210693e-02
-6.014086649007561319e-02
-6.152386804883261395e-02
-6.286859671703802499e-02
-6.542262998709713617e-02
-6.779700196941947088e-02
-6.892291242161735498e-02
-6.999798172542830155e-02
-7.101953993597034942e-02
-7.198708312366414175e-02
-7.290029213511094175e-02
-7.375641692946073580e-02
-7.529438610215075101e-02
-7.553081574451130098e-02
-7.598270516181013234e-02
-7.680965108795639873e-02
-7.753109902477835214e-02
-7.815307549022619538e-02
-7.867033504571384339e-02
-7.908807603579412482e-02
-7.940710613638485293e-02
-7.974185001005640316e-02
-7.977674445558742555e-02
-7.971959152332477871e-02
-7.933911635889458192e-02
-7.873511429982377186e-02
-7.790024915108846593e-02
-7.685096954620945775e-02
-7.418906756346234366e-02
-7.037238197946711626e-02
-6.587607922073980549e-02
-6.245538773328294935e-02
-5.709071179601619278e-02
-5.130505524433819770e-02
-4.508979310444299893e-02
-3.838645216751852135e-02
-3.113756529234784631e-02
-2.330338258271135235e-02
-1.486820835224047024e-02
-5.863285533506637504e-03
-1.167754606014427023e-03
8.465303900110266247e-03
1.338023269354354089e-02
1.831261397198315211e-02
2.324060070925796154e-02
2.570391951214576545e-02
3.058551875000320788e-02
3.301716181406068318e-02
3.783520041530931410e-02
4.020765060556901610e-02
4.255445197656137352e-02
4.487832657469442016e-02
4.717268448392811231e-02
4.943234705905684423e-02
5.380262076699236784e-02
5.593459110616477714e-02
5.802101341364287318e-02
6.004125760635137254e-02
6.200229340056859217e-02
6.389547204570353300e-02
6.571093844353889657e-02
6.745531380868408089e-02
6.910726813332560003e-02
7.067740942382590152e-02
7.215324427583889866e-02
7.353460842842735046e-02
7.482195814555427094e-02
7.600637393404513498e-02
7.709309086039256576e-02
7.807427064662501859e-02
7.895434286937751123e-02
8.038381666950505933e-02
8.095410146686814190e-02
8.142196445147265038e-02
8.178696885325001387e-02
8.221248792664935523e-02
8.225195536003893082e-02
8.214069107787735913e-02
8.194291492731900495e-02
8.128961637650133909e-02
8.033472090663362764e-02
7.760442182254134735e-02
7.398036353231521312e-02
6.963092149462482561e-02
6.471316776700210271e-02
5.932785843434326689e-02
5.351584035681554441e-02
4.727639562988670413e-02
4.057464254154665578e-02
3.335814658539748567e-02
2.557189261517129816e-02
1.720903494338621095e-02
8.309605531442044307e-03
3.677214516455171861e-03
-1.059267872331874725e-03
-5.870321426839231888e-03
-1.073241000142586589e-02
-1.561774618262878195e-02
-2.050837752393154870e-02
-2.295519791439486548e-02
-2.780525406689062645e-02
-3.259716576765656071e-02
-3.731076370257038755e-02
-3.964396649745461493e-02
-4.195075244974465906e-02
-4.422286076499829660e-02
-4.645994245688627594e-02
-4.865952558639807107e-02
-5.081548163707949595e-02
-5.292663019972713989e-02
-5.498435116206871337e-02
-5.698751796816297482e-02
-5.892975204340566986e-02
-6.259293929712422822e-02
-6.433010059373589495e-02
-6.599041939829754233e-02
-6.756762203144107970e-02
-6.905810831691903962e-02
-7.045759765585789258e-02
-7.176248487436549806e-02
-7.297308399172722226e-02
-7.408501907397412045e-02
-7.509891392427964218e-02
-7.601246545199505378e-02
-7.682290773257897942e-02
-7.753216145850586050e-02
-7.813916302921122825e-02
-7.864642391496956542e-02
-7.905368541697078977e-02
-7.956601079248611097e-02
-7.968663821675162073e-02
-7.971661959894878191e-02
-7.949899014120725971e-02
-7.926670771503817325e-02
-7.855935231379283790e-02
-7.809431985065978798e-02
-7.695526693867933699e-02
-7.392551112277245817e-02
-7.007602652520017461e-02
-6.555132960323495350e-02
-6.307863908709374079e-02
-5.775948210196486798e-02
-5.199425803731712314e-02
-4.578500331362142517e-02
-3.909283457259910000e-02
-3.187225329644226279e-02
-2.408968693143780787e-02
-1.571590958549501718e-02
-6.769187782857505678e-03
2.633541416253744674e-03
7.475414607993181512e-03
1.237147558034835428e-02
1.729347775592949762e-02
1.976114621365403223e-02
2.467651972825901652e-02
2.834973183418841233e-02
3.199843968861099119e-02
3.561422215872995373e-02
3.918943998145148211e-02
4.271437160033302038e-02
4.617847516437064564e-02
4.956694083828727670e-02
5.123385101529046720e-02
5.448149622547827226e-02
5.607029705560915428e-02
5.914780582933270442e-02
6.064246610558168826e-02
6.210297998090487381e-02
6.352424089366726090e-02
6.490264375264727381e-02
6.667468474248539057e-02
6.836387207619325224e-02
6.997037481785760293e-02
7.148733551030064803e-02
7.291035208288061675e-02
7.423781483752288357e-02
7.546405483514442847e-02
7.659036337544865292e-02
7.761324546845360661e-02
7.853309373450152731e-02
7.934929028087321645e-02
8.065534429077698964e-02
8.155797430873720777e-02
8.186657296667006201e-02
8.207591643282181881e-02
8.219604718425932433e-02
8.196000834019580294e-02
8.171758146189603278e-02
8.098987468491311570e-02
8.051321532117232393e-02
7.934846531603277631e-02
7.792435917853425542e-02
7.440450849822791146e-02
7.014667172926786209e-02
6.528565616257041293e-02
5.993772486913868935e-02
5.416537254804373869e-02
4.795954991129292022e-02
4.128911774315835448e-02
3.410551125258378530e-02
2.636736699658638605e-02
1.805940641653597939e-02
9.218006296032759880e-03
4.610319264761344668e-03
-4.838711763625133493e-03
-9.678961482134635849e-03
-1.455359198587349856e-02
-1.943476158122308881e-02
-2.188026958844658046e-02
-2.672990180422803522e-02
-2.914900920764886341e-02
-3.392159246852882032e-02
-3.629055849765023406e-02
-4.094578410380652483e-02
-4.266920483116112828e-02
-4.437653631958012046e-02
-4.606518670231796175e-02
-4.772933704967335239e-02
-4.937370133363058744e-02
-5.099015518071955272e-02
-5.413916204559004325e-02
-5.567071076736898605e-02
-5.716636808224568461e-02
-5.862977351763115630e-02
-6.005669188071716125e-02
-6.144319823632599098e-02
-6.279060846393136330e-02
-6.409383356972497836e-02
-6.655569951388821959e-02
-6.883641798111031496e-02
-7.090939624208322800e-02
-7.187525405305973669e-02
-7.278636218423406579e-02
-7.442776086889150988e-02
-7.468084851697033566e-02
-7.517156674442100617e-02
-7.607413863836812173e-02
-7.687064600236384604e-02
-7.815105797333340987e-02
-7.864355062248228057e-02
-7.904638346549575090e-02
-7.934530199014543095e-02
-7.965748846001194372e-02
-7.967667908487841011e-02
-7.960133589829569700e-02
-7.944749576576204397e-02
-7.887621448723804163e-02
-7.825410571647557767e-02
-7.652521054076837081e-02
-7.506547865579034362e-02
-7.149890155917815182e-02
-6.944007771356594527e-02
-6.485379173832572786e-02
-6.361589347548811391e-02
-6.105042306291408316e-02
-5.556097797042972714e-02
-4.962589882779111505e-02
-4.321663658163129446e-02
-3.982665738447997011e-02
-3.263455957519246359e-02
-2.487988912523620214e-02
-1.654812645863814810e-02
-7.657300599218530394e-03
-3.021465396175188663e-03
1.726001045477739641e-03
6.554452805962132644e-03
1.144242406760843760e-02
1.635716833859482758e-02
2.128185849259952439e-02
2.618880903151768816e-02
2.864147391509979518e-02
3.108176649535321009e-02
3.589704184895165656e-02
4.063977690796012621e-02
4.298875699444609094e-02
4.531215421798655968e-02
4.760141429943150204e-02
4.985662938496772389e-02
5.207203499437857569e-02
5.424454723171227150e-02
5.636854149436603539e-02
5.843755620365504583e-02
6.044947791140990040e-02
6.239733483225206462e-02
6.427664711135210041e-02
6.608244592835559039e-02
6.780879401347321422e-02
6.945175325494223895e-02
7.100498077679366637e-02
7.246614290166063233e-02
7.383042800969340236e-02
7.509650396665186467e-02
7.626289221894387571e-02
7.732720191722466940e-02
7.828838406172532183e-02
7.914472336746732062e-02
7.989622933851736608e-02
8.054226422004584496e-02
8.150896080327416082e-02
8.184665726450936207e-02
8.208626998966143951e-02
8.222775224567181740e-02
8.227486975751104048e-02
8.208842875822003338e-02
8.186962084303242571e-02
8.118744983565377715e-02
7.893970820633847141e-02
7.572892375785970909e-02
7.479720510801453337e-02
7.279427470607340023e-02
6.829237237222021695e-02
6.324702787983023378e-02
5.773988087324105622e-02
5.482497981206346793e-02
4.866228705190687315e-02
4.202489689107938992e-02
3.486826554757771479e-02
2.715296743212910341e-02
1.886518246562441173e-02
1.002861479255365111e-02
5.421954200598808928e-03
7.121755019730350829e-04
-4.074468847514368941e-03
-8.914471272114234124e-03
-1.378095514367644846e-02
-1.865455484120349949e-02
-2.351476511756787555e-02
-2.594283774457450259e-02
-3.074436416180937465e-02
-3.547616425647279886e-02
-3.782744754755310024e-02
-4.015583599703880652e-02
-4.245431347650679976e-02
-4.472098572904353170e-02
-4.695130530846640393e-02
-4.914413347098242624e-02
-5.129577834412264031e-02
-5.340001362860783557e-02
-5.545550017870793519e-02
-5.936858932241300540e-02
-6.301549914280682452e-02
-6.474743168053113951e-02
-6.796150626641632442e-02
-7.078958205320583230e-02
-7.176595097007774926e-02
-7.269480964389020416e-02
-7.356366614930472114e-02
-7.437612337297193343e-02
-7.513191044411941799e-02
-7.646166831647216444e-02
-7.756047160078533009e-02
-7.802187975473431902e-02
-7.843216948732578686e-02
-7.907479846848741722e-02
-7.931171859940698565e-02
-7.962843967552252211e-02
-7.970152394227246473e-02
-7.970327474211651164e-02
-7.910735491211097481e-02
-7.843520148363286593e-02
-7.754063113608924973e-02
-7.515348969707721927e-02
-7.160119402068576555e-02
-6.733531426876636361e-02
-6.406333603478053806e-02
-5.887491176367003198e-02
-5.323671676330048175e-02
-4.714310423766195079e-02
-4.056991565087045282e-02
-3.345226718423487816e-02
-2.577129431355191722e-02
-1.748630670085386807e-02
-8.618759373337451374e-03
-3.977100847778033445e-03
7.701263347650990970e-04
5.605460300074492641e-03
1.049198315602912004e-02
1.541289254232910272e-02
2.033760201915314411e-02
2.524726670527463121e-02
2.769945045492808178e-02
3.013984584359516092e-02
3.496204794524858384e-02
3.971358666585202840e-02
4.207059494564675817e-02
4.440201721903273835e-02
4.893762868925702336e-02
5.116445119822697618e-02
5.335088992551306059e-02
5.754766008289381035e-02
5.958417952626544889e-02
6.156319402558649984e-02
6.347119556024664877e-02
6.530589878605604082e-02
6.706045169101634840e-02
6.873317107958136496e-02
7.179483732647970462e-02
7.320133898238750936e-02
7.451995258007933221e-02
7.573078643699004964e-02
7.684108374853697299e-02
7.784825988877559777e-02
7.831027821638504582e-02
7.916192530089823098e-02
7.990209368122559719e-02
8.053839213349174575e-02
8.107303700221427101e-02
8.150078032854815580e-02
8.175987070484828922e-02
8.195927292274902964e-02
8.219123899154481827e-02
8.220845439465016002e-02
8.202558488102155987e-02
8.165289298054899392e-02
8.037056506495869612e-02
7.770970335249671734e-02
7.511079644666526778e-02
7.098798938094257049e-02
6.625950007842995593e-02
6.103809925539857573e-02
5.538369709956971615e-02
4.930221981152024813e-02
4.275411203748563649e-02
3.569004175388015149e-02
2.806459360564708683e-02
1.985530582483291048e-02
1.108070112000843904e-02
6.497853578875020450e-03
1.806046918804565804e-03
-2.972816605893681234e-03
-7.814388661130768424e-03
-1.268838070647051834e-02
-2.236581282474522578e-02
-2.720586404900196195e-02
-2.962262157035196186e-02
-3.438914740328116726e-02
-3.675494690520107743e-02
-3.909749799784676544e-02
-4.369778428139861615e-02
-4.594646331819729479e-02
-4.815595095425628108e-02
-4.924887012507014189e-02
-5.140470321679339177e-02
-5.246383178021784416e-02
-5.454416816247201899e-02
-5.656857955071553645e-02
-5.853275278553887739e-02
-6.043646992867900136e-02
-6.226521508733946775e-02
-6.402791467519709789e-02
-6.570718144921747217e-02
-6.730702599952841092e-02
-6.881972925604487590e-02
-7.024109166262848536e-02
-7.157116934805327069e-02
-7.280395886310526976e-02
-7.394169442005731063e-02
-7.497678220275405536e-02
-7.591276227187875036e-02
-7.674590023433670860e-02
-7.747886583537134941e-02
-7.810819904109528311e-02
-7.863652815887536840e-02
-7.937331041979174551e-02
-7.972855830119802978e-02
-7.977278355863794135e-02
-7.958320565751991760e-02
-7.867686833366512034e-02
-7.769890505226351163e-02
-7.645237360822440542e-02
-7.324203066891542269e-02
-6.923833257812214703e-02
-6.459961001729370988e-02
-5.945131308831567984e-02
-5.386076994112190541e-02
-4.781759549558856071e-02
-4.128549056020779096e-02
-3.423817809085145242e-02
-2.663274422877230999e-02
-1.842847850710581034e-02
-9.637163162786357984e-03
-5.039431790769654217e-03
-3.228191524089902816e-04
4.485498702587013831e-03
9.359886259160576233e-03
1.426866054942581633e-02
1.919197296202364289e-02
2.410719770986832072e-02
2.899554948519866143e-02
3.143283272558022173e-02
3.385810877197562713e-02
3.626546693905879221e-02
3.865338075990287781e-02
4.102019220416295436e-02
4.336166094627062068e-02
4.793231338348265952e-02
5.017882356566014113e-02
5.238865744749939685e-02
5.455008984502930647e-02
5.666282740487137148e-02
5.872209282444019324e-02
6.072081373961537437e-02
6.265835507048611586e-02
6.452257671877145717e-02
6.631380048536537897e-02
6.802544822347803000e-02
7.115950536015692995e-02
7.396999195018083562e-02
7.523302186058647423e-02
7.639029843989776636e-02
7.693400136186893945e-02
7.793979646739490619e-02
7.883964430661695444e-02
7.963755382397204319e-02
8.031940804562873182e-02
8.090469010782559700e-02
8.138256604419416562e-02
8.167017237861430579e-02
8.191025849112809620e-02
8.220482508800561194e-02
8.229152722664759279e-02
8.225499448006376446e-02
8.203583747813847360e-02
8.162514237533348427e-02
8.027002642588483561e-02
7.902496613674954429e-02
7.753041741193048009e-02
7.558244863340646269e-02
7.363539995852798337e-02
6.924557607298663375e-02
6.430237401576067990e-02
5.889932057790476377e-02
5.603283811948045479e-02
4.997903950900280806e-02
4.345981537376635007e-02
3.643819944518372766e-02
2.885759168514462694e-02
2.070633118457478050e-02
1.198414300106790190e-02
2.787416993138909678e-03
-1.977769291434108932e-03
-6.815034609374104324e-03
-1.168932361095489925e-02
-1.657728341945366446e-02
-2.145715526405246598e-02
-2.389681052389154223e-02
-2.632750616404343907e-02
-2.874373397938340818e-02
-3.351634858182884341e-02
-3.588107141689193119e-02
-3.822666495036074891e-02
-4.281761708685677403e-02
-4.507953812928981036e-02
-4.730888592988456709e-02
-4.949689522426418270e-02
-5.164413353712726806e-02
-5.373861540976166556e-02
-5.578251768781675862e-02
-5.776924784377123617e-02
-5.969404622632355772e-02
-6.155336267435474601e-02
-6.334073127466764708e-02
-6.666106172817259923e-02
-6.821097501624116821e-02
-6.967707395319229502e-02
-7.104965234721569156e-02
-7.232730219408414762e-02
-7.350662256227351310e-02
-7.458561810181940643e-02
-7.556567785233903045e-02
-7.644132818715555777e-02
-7.786787480314599774e-02
-7.843833943051665980e-02
-7.891030906575297044e-02
-7.928010833560071580e-02
-7.955043910477978264e-02
-7.972310337229729371e-02
-7.979974850331204850e-02
-7.967661056894338734e-02
-7.935986116526316803e-02
-7.886470980443571754e-02
-7.819585084023149280e-02
-7.639303737236149972e-02
-7.488976302594878287e-02
-7.124644485237474623e-02
-6.688872895354996961e-02
-6.509992769893520326e-02
-6.130768424456655569e-02
-5.584128231269820664e-02
-4.993898936096249214e-02
-4.358235041965565632e-02
-4.192005993915306344e-02
-3.848839292405272644e-02
-3.120404192240978578e-02
-2.333841150160518782e-02
-1.488155074132399384e-02
-1.042865725163595950e-02
-5.834703927504470908e-03
3.660031371879035600e-03
8.532214560981046109e-03
1.345012607515210651e-02
1.838632961094826754e-02
2.331572107484446502e-02
2.578027723021205503e-02
2.823565200988764276e-02
3.067785244244613033e-02
3.310587071512038210e-02
3.551669615825710224e-02
3.790799129000826245e-02
4.027836119697009165e-02
4.262514215478746538e-02
4.721219108006254050e-02
4.947324901176221312e-02
5.170058995703325638e-02
5.388022917968806474e-02
5.601313923509700782e-02
5.809139634840403132e-02
6.011073646782267438e-02
6.206939932062421894e-02
6.395618089130708506e-02
6.577220731166170953e-02
6.751011609245065326e-02
6.916531290511358787e-02
7.073513558360537690e-02
7.221294171109636506e-02
7.359840345164797570e-02
7.488551645163350756e-02
7.607344718747430234e-02
7.715909063105091947e-02
7.899889210299872178e-02
7.977450633515842382e-02
8.044883672855530909e-02
8.147142396571351031e-02
8.183687525952074160e-02
8.210326883620419625e-02
8.226699949978487358e-02
8.230354264813936893e-02
8.198125549301731041e-02
8.133785150849368040e-02
8.038620070741209211e-02
7.766267466013881959e-02
7.595017617964970602e-02
7.403912040596746791e-02
6.970383521433039242e-02
6.479385625322470199e-02
5.940699183914917997e-02
5.655299676702268963e-02
5.053199346108924045e-02
4.406192446212988528e-02
3.708942378656002181e-02
2.955776640003035874e-02
2.144924105089470942e-02
1.278192146679009607e-02
8.249759504412606040e-03
3.598620184404091246e-03
-1.146652583536811277e-03
-5.963035461568349724e-03
-1.082619169753558375e-02
-1.571390065659830637e-02
-2.060483205439844062e-02
-2.547258140855431646e-02
-2.789980474470919736e-02
-3.268819966309605834e-02
-3.506387748865465170e-02
-3.742040707501644720e-02
-3.974982642647317127e-02
-4.205306567404287765e-02
-4.432629837616511304e-02
-4.656518308686070917e-02
-4.876994673197581481e-02
-5.092985256747109557e-02
-5.304386704955733889e-02
-5.510569310938543547e-02
-5.711111709389273677e-02
-6.091521217126360382e-02
-6.272827116066917452e-02
-6.447006587983936110e-02
-6.612941990305297446e-02
-6.770568561425546750e-02
-6.919307216589812293e-02
-7.058840292319705501e-02
-7.189130986695872749e-02
-7.309685594484736926e-02
-7.420537271028156134e-02
-7.521388527205970231e-02
-7.612127159274402477e-02
-7.692678225123703029e-02
-7.763041320760792618e-02
-7.823243600122395391e-02
-7.873400773792949003e-02
-7.913520849946167890e-02
-7.943850192450685466e-02
-7.964410267351368367e-02
-7.975350865386607313e-02
-7.976987583532543780e-02
-7.969497854848281437e-02
-7.928243827441737446e-02
-7.895771837181432551e-02
-7.808063534797628213e-02
-7.692488109566680832e-02
-7.387163959080622622e-02
-7.000197870589235094e-02
-6.548265984443334131e-02
-6.042092879322800980e-02
-5.489012057856718085e-02
-4.891817461120817612e-02
-4.248291124558935261e-02
-3.553430608638039057e-02
-2.802889603796911502e-02
-1.993501065763753771e-02
-1.124572212158805352e-02
-6.686373760483034848e-03
-2.000315520977735250e-03
2.784417056757492338e-03
7.641520145104116826e-03
1.254503349543179165e-02
1.747435130526332758e-02
2.240428669848700330e-02
2.731201959522393599e-02
3.217601432467238898e-02
3.459767806533365492e-02
3.700263736877005410e-02
3.938565272810143347e-02
4.174477836924294499e-02
4.635280255740786837e-02
4.862311835038128638e-02
5.085949297942721214e-02
5.305154334567594582e-02
5.519919253797180708e-02
5.930502012064137879e-02
6.318047676728241746e-02
6.503613301133191749e-02
6.681087372644700650e-02
6.850596217649508601e-02
7.011207700241936513e-02
7.162766316725013849e-02
7.305195027958605314e-02
7.559435701815320208e-02
7.672032788925013669e-02
7.774034822305680992e-02
7.865797779382904809e-02
7.947022509126271117e-02
8.017725504925801716e-02
8.078100949540256703e-02
8.166843294771275463e-02
8.196737226833548939e-02
8.216590693876699159e-02
8.226971398790328127e-02
8.218908196468910354e-02
8.175984223066232182e-02
8.142779760200082040e-02
8.053070833626493896e-02
7.790577322447683750e-02
7.623940482470087376e-02
7.231079480114278868e-02
6.773200988109660814e-02
6.263291575552461243e-02
5.708066344795428154e-02
5.110379517971903179e-02
4.467995554909387490e-02
3.776707731442022903e-02
3.031477687841230631e-02
2.228192168476641685e-02
1.366272545948403472e-02
9.145146765853881879e-03
4.507024178339728501e-03
-2.272019420946252207e-04
-5.031675467435321562e-03
-9.883341414425145591e-03
-1.475910468921362746e-02
-1.964268838928625444e-02
-2.450678054411761092e-02
-2.932730990700747539e-02
-3.172646115741031836e-02
-3.410961327620645051e-02
-3.878222466063926954e-02
-4.109816275117150752e-02
-4.338845390450494360e-02
-4.564052703023966512e-02
-4.785824066358710521e-02
-5.003470177120645374e-02
-5.216640779486738516e-02
-5.425200892181857720e-02
-5.627832095254555606e-02
-5.824867175307307104e-02
-6.015418432223129663e-02
-6.199213529115614463e-02
-6.375963712942815664e-02
-6.544777224865583332e-02
-6.705673452749448538e-02
-6.857830217768227932e-02
-7.001229734507839753e-02
-7.135423482192351785e-02
-7.260086536520246603e-02
-7.375026310022941844e-02
-7.479951147958374680e-02
-7.574849239725080230e-02
-7.659468709363342898e-02
-7.733942416383123020e-02
-7.798081129203690565e-02
-7.852073363223437130e-02
-7.896024715816343797e-02
-7.930139069142050356e-02
-7.954518982955954831e-02
-7.974204198548477673e-02
-7.957896539369427313e-02
-7.908446404131112828e-02
-7.827879934843048892e-02
-7.718463763716523762e-02
-7.582700809480005799e-02
-7.241953870729646303e-02
-6.826501109055220506e-02
-6.595775610418798396e-02
-6.094607452095993777e-02
-5.546538769094057353e-02
-4.954898355678175742e-02
-4.316700780367975498e-02
-3.626874026293394615e-02
-2.881347321575276552e-02
-2.077410681958789113e-02
-1.214219292723270859e-02
-7.612242242970528212e-03
-2.953882156685911763e-03
6.615705888913392917e-03
1.150548937651105219e-02
1.642838076651191581e-02
2.135777263826695374e-02
2.626827404322667342e-02
2.872105965382072343e-02
3.357338858512894791e-02
3.598587769736006498e-02
3.838210959185466703e-02
4.075536884621956679e-02
4.310456231449492220e-02
4.770309035399074304e-02
4.995630833422778222e-02
5.216981352979928321e-02
5.433728798926187875e-02
5.849011537614873246e-02
6.049809883639321179e-02
6.244676401195751320e-02
6.432162773447251680e-02
6.612243379650975528e-02
6.784358908675788835e-02
6.948099016366526826e-02
7.103514142762958061e-02
7.249299074810729160e-02
7.386004836824294761e-02
7.512780652702918949e-02
7.733638702507691920e-02
7.830002654766425596e-02
7.915980797757889154e-02
7.991531470192152209e-02
8.056398135176509601e-02
8.110924201004150735e-02
8.154898267635410369e-02
8.211854469514356936e-02
8.225901133813082189e-02
8.225297041513043861e-02
8.189209999487453984e-02
8.120581749592825638e-02
7.894645353803837751e-02
7.659848747695588433e-02
7.274806879933441717e-02
6.823522870354074843e-02
6.318756594464136622e-02
5.767604916468700715e-02
5.173969874597173640e-02
4.535645761263619458e-02
3.848353995785658982e-02
3.107684826834692868e-02
2.311224927920203787e-02
1.456644023200794752e-02
5.510842134857953968e-03
-3.934967594477825625e-03
-8.771048067590421146e-03
-1.364870889856063634e-02
-1.853876211245311656e-02
-2.341546858738274145e-02
-3.296372574188676657e-02
-3.533799157726381229e-02
-3.769224068059078697e-02
-4.231018114267624808e-02
-4.680167309541346382e-02
-4.900730892592650850e-02
-5.117240371667804155e-02
-5.328731333163098244e-02
-5.534766599004570242e-02
-5.735145606952261887e-02
-5.929291772190982412e-02
-6.116739074017148170e-02
-6.296890836559293492e-02
-6.469692339691196503e-02
-6.788742369387229525e-02
-7.007288397401988111e-02
-7.109339636650770233e-02
-7.205584561129708965e-02
-7.381373113964387334e-02
-7.533316846163409797e-02
-7.601249674344022489e-02
-7.663861511073784272e-02
-7.720273940313798766e-02
-7.816397066327672449e-02
-7.888616807531630137e-02
-7.916242442169979521e-02
-7.956395196849007367e-02
-7.973776808823308804e-02
-7.971357270117541971e-02
-7.953968858814970677e-02
-7.923554331912777138e-02
-7.826355744703419881e-02
-7.774408959666531671e-02
-7.652012959870826969e-02
-7.503468483468650474e-02
-7.144139022916498605e-02
-6.936570666594331358e-02
-6.655224458229093421e-02
-6.157378437582524539e-02
-5.611372437146044251e-02
-5.022653213640910358e-02
-4.388456525150406101e-02
-3.702630755445481675e-02
-2.961324425370819025e-02
-2.162918336069380790e-02
-1.306381496104757657e-02
-3.968557835555708985e-03
7.634942658973119592e-04
5.584060068179555816e-03
1.046942260000378704e-02
1.537984467808471874e-02
2.029971132431050013e-02
2.520557582318617290e-02
2.765627934277579275e-02
3.009569919222328249e-02
3.491583590838479717e-02
3.731479677185811639e-02
3.969569467470834834e-02
4.205462727302199805e-02
4.438826304660211525e-02
4.669228217702238448e-02
4.896391632930420512e-02
5.119770932943385616e-02
5.338856265892254205e-02
5.553149129578720949e-02
5.762381854047549101e-02
5.965988584685020385e-02
6.163584845389693395e-02
6.535294636568053650e-02
6.711555112963188408e-02
6.880012666439008773e-02
7.039267160867351825e-02
7.190092858307138568e-02
7.458549575242744145e-02
7.579435897614478224e-02
7.691177702782600600e-02
7.791444776697824259e-02
7.838044859504095241e-02
7.923549014510550270e-02
7.961622537609217010e-02
8.031506948690975145e-02
8.062457990253943385e-02
8.115655103201567522e-02
8.139151844100055155e-02
8.177009603303840579e-02
8.222403590499738346e-02
8.230891360584824401e-02
8.219986999394285343e-02
8.174007373079456018e-02
7.987858471210645961e-02
7.855210677088307614e-02
7.699302484280053094e-02
7.324098837859259470e-02
6.878777699991479866e-02
6.378429366210794371e-02
5.832790839587347759e-02
5.244462454426771642e-02
4.610842190533681606e-02
3.927783499757857982e-02
3.191402384348338700e-02
