0.000000000000000000e+00
1.000000000000000021e-02
2.000000000000000042e-02
2.999999999999999889e-02
4.000000000000000083e-02
5.000000000000000278e-02
6.000000000000000472e-02
7.000000000000000666e-02
8.000000000000000167e-02
8.999999999999999667e-02
9.999999999999999167e-02
1.099999999999999867e-01
1.199999999999999817e-01
1.299999999999999767e-01
1.399999999999999856e-01
1.499999999999999944e-01
1.600000000000000033e-01
1.700000000000000122e-01
1.800000000000000211e-01
1.900000000000000300e-01
2.000000000000000111e-01
2.100000000000000200e-01
2.200000000000000289e-01
2.300000000000000377e-01
2.399999999999999911e-01
2.500000000000000000e-01
2.600000000000000089e-01
2.700000000000000178e-01
2.800000000000000266e-01
2.900000000000000355e-01
3.000000000000000444e-01
3.100000000000000533e-01
3.200000000000000067e-01
3.300000000000000155e-01
3.400000000000000244e-01
3.500000000000000333e-01
3.599999999999999867e-01
3.699999999999999956e-01
3.800000000000000044e-01
3.900000000000000133e-01
4.000000000000000222e-01
4.100000000000000311e-01
4.200000000000000400e-01
4.300000000000000488e-01
4.400000000000000022e-01
4.500000000000000111e-01
4.600000000000000200e-01
4.700000000000000289e-01
4.799999999999999822e-01
4.899999999999999911e-01
5.000000000000000000e-01
5.100000000000000089e-01
5.200000000000000178e-01
5.300000000000000266e-01
5.400000000000000355e-01
5.500000000000000444e-01
5.600000000000000533e-01
5.700000000000000622e-01
5.800000000000000711e-01
5.900000000000000799e-01
5.999999999999999778e-01
6.099999999999999867e-01
6.199999999999999956e-01
6.300000000000000044e-01
6.400000000000000133e-01
6.500000000000000222e-01
6.600000000000000311e-01
6.700000000000000400e-01
6.800000000000000488e-01
6.900000000000000577e-01
7.000000000000000666e-01
7.100000000000000755e-01
7.199999999999999734e-01
7.299999999999999822e-01
7.399999999999999911e-01
7.500000000000000000e-01
7.600000000000000089e-01
7.700000000000000178e-01
7.800000000000000266e-01
7.900000000000000355e-01
8.000000000000000444e-01
8.100000000000000533e-01
8.200000000000000622e-01
8.300000000000000711e-01
8.399999999999999689e-01
8.499999999999999778e-01
8.599999999999999867e-01
8.699999999999999956e-01
8.800000000000000044e-01
8.900000000000000133e-01
9.000000000000000222e-01
9.100000000000000311e-01
9.200000000000000400e-01
9.300000000000000488e-01
9.400000000000000577e-01
9.500000000000000666e-01
9.599999999999999645e-01
9.699999999999999734e-01
9.799999999999999822e-01
9.899999999999999911e-01
1.000000000000000000e+00
1.010000000000000009e+00
1.020000000000000018e+00
1.030000000000000027e+00
1.040000000000000036e+00
1.050000000000000044e+00
1.060000000000000053e+00
1.070000000000000062e+00
1.080000000000000071e+00
1.090000000000000080e+00
1.100000000000000089e+00
1.110000000000000098e+00
1.120000000000000107e+00
1.130000000000000115e+00
1.140000000000000124e+00
1.150000000000000133e+00
1.159999999999999920e+00
1.169999999999999929e+00
1.179999999999999938e+00
1.189999999999999947e+00
1.199999999999999956e+00
1.209999999999999964e+00
1.219999999999999973e+00
1.229999999999999982e+00
1.239999999999999991e+00
1.250000000000000000e+00
1.260000000000000009e+00
1.270000000000000018e+00
1.280000000000000027e+00
1.290000000000000036e+00
1.300000000000000044e+00
1.310000000000000053e+00
1.320000000000000062e+00
1.330000000000000071e+00
1.340000000000000080e+00
1.350000000000000089e+00
1.360000000000000098e+00
1.370000000000000107e+00
1.380000000000000115e+00
1.390000000000000124e+00
1.400000000000000133e+00
1.410000000000000142e+00
1.420000000000000151e+00
1.430000000000000160e+00
1.439999999999999947e+00
1.449999999999999956e+00
1.459999999999999964e+00
1.469999999999999973e+00
1.479999999999999982e+00
1.489999999999999991e+00
1.500000000000000000e+00
1.510000000000000009e+00
1.520000000000000018e+00
1.530000000000000027e+00
1.540000000000000036e+00
1.550000000000000044e+00
1.560000000000000053e+00
1.570000000000000062e+00
1.580000000000000071e+00
1.590000000000000080e+00
1.600000000000000089e+00
1.610000000000000098e+00
1.620000000000000107e+00
1.630000000000000115e+00
1.640000000000000124e+00
1.650000000000000133e+00
1.660000000000000142e+00
1.670000000000000151e+00
1.679999999999999938e+00
1.689999999999999947e+00
1.699999999999999956e+00
1.709999999999999964e+00
1.719999999999999973e+00
1.729999999999999982e+00
1.739999999999999991e+00
1.750000000000000000e+00
1.760000000000000009e+00
1.770000000000000018e+00
1.780000000000000027e+00
1.790000000000000036e+00
1.800000000000000044e+00
1.810000000000000053e+00
1.820000000000000062e+00
1.830000000000000071e+00
1.840000000000000080e+00
1.850000000000000089e+00
1.860000000000000098e+00
1.870000000000000107e+00
1.880000000000000115e+00
1.890000000000000124e+00
1.900000000000000133e+00
1.910000000000000142e+00
1.919999999999999929e+00
1.929999999999999938e+00
1.939999999999999947e+00
1.949999999999999956e+00
1.959999999999999964e+00
1.969999999999999973e+00
1.979999999999999982e+00
1.989999999999999991e+00
2.000000000000000000e+00
2.009999999999999787e+00
2.019999999999999574e+00
2.029999999999999361e+00
2.039999999999999147e+00
2.049999999999998934e+00
2.059999999999998721e+00
2.069999999999998508e+00
2.079999999999998295e+00
2.089999999999998082e+00
2.099999999999997868e+00
2.109999999999997655e+00
2.119999999999997442e+00
2.129999999999997229e+00
2.139999999999997016e+00
2.149999999999996803e+00
2.159999999999996589e+00
2.169999999999996376e+00
2.179999999999996163e+00
2.189999999999995950e+00
2.199999999999995737e+00
2.209999999999995524e+00
2.219999999999995310e+00
2.229999999999995097e+00
2.239999999999994884e+00
2.249999999999994671e+00
2.259999999999994458e+00
2.269999999999994245e+00
2.279999999999994031e+00
2.289999999999993818e+00
2.299999999999993605e+00
2.309999999999993392e+00
2.319999999999993179e+00
2.329999999999992966e+00
2.339999999999992752e+00
2.349999999999992539e+00
2.359999999999992326e+00
2.369999999999992113e+00
2.379999999999991900e+00
2.389999999999991687e+00
2.399999999999991473e+00
2.409999999999991260e+00
2.419999999999991047e+00
2.429999999999990834e+00
2.439999999999990621e+00
2.449999999999990408e+00
2.459999999999990195e+00
2.469999999999989981e+00
2.479999999999989768e+00
2.489999999999989555e+00
2.499999999999989342e+00
2.509999999999989129e+00
2.519999999999988916e+00
2.529999999999988702e+00
2.539999999999988489e+00
2.549999999999988276e+00
2.559999999999988063e+00
2.569999999999987850e+00
2.579999999999987637e+00
2.589999999999987423e+00
2.599999999999987210e+00
2.609999999999986997e+00
2.619999999999986784e+00
2.629999999999986571e+00
2.639999999999986358e+00
2.649999999999986144e+00
2.659999999999985931e+00
2.669999999999985718e+00
2.679999999999985505e+00
2.689999999999985292e+00
2.699999999999985079e+00
2.709999999999984865e+00
2.719999999999984652e+00
2.729999999999984439e+00
2.739999999999984226e+00
2.749999999999984013e+00
2.759999999999983800e+00
2.769999999999983586e+00
2.779999999999983373e+00
2.789999999999983160e+00
2.799999999999982947e+00
2.809999999999982734e+00
2.819999999999982521e+00
2.829999999999982307e+00
2.839999999999982094e+00
2.849999999999981881e+00
2.859999999999981668e+00
2.869999999999981455e+00
2.879999999999981242e+00
2.889999999999981029e+00
2.899999999999980815e+00
2.909999999999980602e+00
2.919999999999980389e+00
2.929999999999980176e+00
2.939999999999979963e+00
2.949999999999979750e+00
2.959999999999979536e+00
2.969999999999979323e+00
2.979999999999979110e+00
2.989999999999978897e+00
2.999999999999978684e+00
3.009999999999978471e+00
3.019999999999978257e+00
3.029999999999978044e+00
3.039999999999977831e+00
3.049999999999977618e+00
3.059999999999977405e+00
3.069999999999977192e+00
3.079999999999976978e+00
3.089999999999976765e+00
3.099999999999976552e+00
3.109999999999976339e+00
3.119999999999976126e+00
3.129999999999975913e+00
3.139999999999975699e+00
3.149999999999975486e+00
3.159999999999975273e+00
3.169999999999975060e+00
3.179999999999974847e+00
3.189999999999974634e+00
3.199999999999974420e+00
3.209999999999974207e+00
3.219999999999973994e+00
3.229999999999973781e+00
3.239999999999973568e+00
3.249999999999973355e+00
3.259999999999973141e+00
3.269999999999972928e+00
3.279999999999972715e+00
3.289999999999972502e+00
3.299999999999972289e+00
3.309999999999972076e+00
3.319999999999971863e+00
3.329999999999971649e+00
3.339999999999971436e+00
3.349999999999971223e+00
3.359999999999971010e+00
3.369999999999970797e+00
3.379999999999970584e+00
3.389999999999970370e+00
3.399999999999970157e+00
3.409999999999969944e+00
3.419999999999969731e+00
3.429999999999969518e+00
3.439999999999969305e+00
3.449999999999969091e+00
3.459999999999968878e+00
3.469999999999968665e+00
3.479999999999968452e+00
3.489999999999968239e+00
3.499999999999968026e+00
3.509999999999967812e+00
3.519999999999967599e+00
3.529999999999967386e+00
3.539999999999967173e+00
3.549999999999966960e+00
3.559999999999966747e+00
3.569999999999966533e+00
3.579999999999966320e+00
3.589999999999966107e+00
3.599999999999965894e+00
3.609999999999965681e+00
3.619999999999965468e+00
3.629999999999965254e+00
3.639999999999965041e+00
3.649999999999964828e+00
3.659999999999964615e+00
3.669999999999964402e+00
3.679999999999964189e+00
3.689999999999963975e+00
3.699999999999963762e+00
3.709999999999963549e+00
3.719999999999963336e+00
3.729999999999963123e+00
3.739999999999962910e+00
3.749999999999962697e+00
3.759999999999962483e+00
3.769999999999962270e+00
3.779999999999962057e+00
3.789999999999961844e+00
3.799999999999961631e+00
3.809999999999961418e+00
3.819999999999961204e+00
3.829999999999960991e+00
3.839999999999960778e+00
3.849999999999960565e+00
3.859999999999960352e+00
3.869999999999960139e+00
3.879999999999959925e+00
3.889999999999959712e+00
3.899999999999959499e+00
3.909999999999959286e+00
3.919999999999959073e+00
3.929999999999958860e+00
3.939999999999958646e+00
3.949999999999958433e+00
3.959999999999958220e+00
3.969999999999958007e+00
3.979999999999957794e+00
3.989999999999957581e+00
3.999999999999957367e+00
4.009999999999957154e+00
4.019999999999956941e+00
4.029999999999956728e+00
4.039999999999956515e+00
4.049999999999956302e+00
4.059999999999956088e+00
4.069999999999955875e+00
4.079999999999955662e+00
4.089999999999955449e+00
4.099999999999955236e+00
4.109999999999955023e+00
4.119999999999954809e+00
4.129999999999954596e+00
4.139999999999954383e+00
4.149999999999954170e+00
4.159999999999953957e+00
4.169999999999953744e+00
4.179999999999953531e+00
4.189999999999953317e+00
4.199999999999953104e+00
4.209999999999952891e+00
4.219999999999952678e+00
4.229999999999952465e+00
4.239999999999952252e+00
4.249999999999952038e+00
4.259999999999951825e+00
4.269999999999951612e+00
4.279999999999951399e+00
4.289999999999951186e+00
4.299999999999950973e+00
4.309999999999950759e+00
4.319999999999950546e+00
4.329999999999950333e+00
4.339999999999950120e+00
4.349999999999949907e+00
4.359999999999949694e+00
4.369999999999949480e+00
4.379999999999949267e+00
4.389999999999949054e+00
4.399999999999948841e+00
4.409999999999948628e+00
4.419999999999948415e+00
4.429999999999948201e+00
4.439999999999947988e+00
4.449999999999947775e+00
4.459999999999947562e+00
4.469999999999947349e+00
4.479999999999947136e+00
4.489999999999946922e+00
4.499999999999946709e+00
4.509999999999946496e+00
4.519999999999946283e+00
4.529999999999946070e+00
4.539999999999945857e+00
4.549999999999945643e+00
4.559999999999945430e+00
4.569999999999945217e+00
4.579999999999945004e+00
4.589999999999944791e+00
4.599999999999944578e+00
4.609999999999944365e+00
4.619999999999944151e+00
4.629999999999943938e+00
4.639999999999943725e+00
4.649999999999943512e+00
4.659999999999943299e+00
4.669999999999943086e+00
4.679999999999942872e+00
4.689999999999942659e+00
4.699999999999942446e+00
4.709999999999942233e+00
4.719999999999942020e+00
4.729999999999941807e+00
4.739999999999941593e+00
4.749999999999941380e+00
4.759999999999941167e+00
4.769999999999940954e+00
4.779999999999940741e+00
4.789999999999940528e+00
4.799999999999940314e+00
4.809999999999940101e+00
4.819999999999939888e+00
4.829999999999939675e+00
4.839999999999939462e+00
4.849999999999939249e+00
4.859999999999939035e+00
4.869999999999938822e+00
4.879999999999938609e+00
4.889999999999938396e+00
4.899999999999938183e+00
4.909999999999937970e+00
4.919999999999937756e+00
4.929999999999937543e+00
4.939999999999937330e+00
4.949999999999937117e+00
4.959999999999936904e+00
4.969999999999936691e+00
4.979999999999936477e+00
4.989999999999936264e+00
4.999999999999936051e+00
5.009999999999935838e+00
5.019999999999935625e+00
5.029999999999935412e+00
5.039999999999935199e+00
5.049999999999934985e+00
5.059999999999934772e+00
5.069999999999934559e+00
5.079999999999934346e+00
5.089999999999934133e+00
5.099999999999933920e+00
5.109999999999933706e+00
5.119999999999933493e+00
5.129999999999933280e+00
5.139999999999933067e+00
5.149999999999932854e+00
5.159999999999932641e+00
5.169999999999932427e+00
5.179999999999932214e+00
5.189999999999932001e+00
5.199999999999931788e+00
5.209999999999931575e+00
5.219999999999931362e+00
5.229999999999931148e+00
5.239999999999930935e+00
5.249999999999930722e+00
5.259999999999930509e+00
5.269999999999930296e+00
5.279999999999930083e+00
5.289999999999929869e+00
5.299999999999929656e+00
5.309999999999929443e+00
5.319999999999929230e+00
5.329999999999929017e+00
5.339999999999928804e+00
5.349999999999928590e+00
5.359999999999928377e+00
5.369999999999928164e+00
5.379999999999927951e+00
5.389999999999927738e+00
5.399999999999927525e+00
5.409999999999927311e+00
5.419999999999927098e+00
5.429999999999926885e+00
5.439999999999926672e+00
5.449999999999926459e+00
5.459999999999926246e+00
5.469999999999926033e+00
5.479999999999925819e+00
5.489999999999925606e+00
5.499999999999925393e+00
5.509999999999925180e+00
5.519999999999924967e+00
5.529999999999924754e+00
5.539999999999924540e+00
5.549999999999924327e+00
5.559999999999924114e+00
5.569999999999923901e+00
5.579999999999923688e+00
5.589999999999923475e+00
5.599999999999923261e+00
5.609999999999923048e+00
5.619999999999922835e+00
5.629999999999922622e+00
5.639999999999922409e+00
5.649999999999922196e+00
5.659999999999921982e+00
5.669999999999921769e+00
5.679999999999921556e+00
5.689999999999921343e+00
5.699999999999921130e+00
5.709999999999920917e+00
5.719999999999920703e+00
5.729999999999920490e+00
5.739999999999920277e+00
5.749999999999920064e+00
5.759999999999919851e+00
5.769999999999919638e+00
5.779999999999919424e+00
5.789999999999919211e+00
5.799999999999918998e+00
5.809999999999918785e+00
5.819999999999918572e+00
5.829999999999918359e+00
5.839999999999918145e+00
5.849999999999917932e+00
5.859999999999917719e+00
5.869999999999917506e+00
5.879999999999917293e+00
5.889999999999917080e+00
5.899999999999916866e+00
5.909999999999916653e+00
5.919999999999916440e+00
5.929999999999916227e+00
5.939999999999916014e+00
5.949999999999915801e+00
5.959999999999915588e+00
5.969999999999915374e+00
5.979999999999915161e+00
5.989999999999914948e+00
5.999999999999914735e+00
6.009999999999914522e+00
6.019999999999914309e+00
6.029999999999914095e+00
6.039999999999913882e+00
6.049999999999913669e+00
6.059999999999913456e+00
6.069999999999913243e+00
6.079999999999913030e+00
6.089999999999912816e+00
6.099999999999912603e+00
6.109999999999912390e+00
6.119999999999912177e+00
6.129999999999911964e+00
6.139999999999911751e+00
6.149999999999911537e+00
6.159999999999911324e+00
6.169999999999911111e+00
6.179999999999910898e+00
6.189999999999910685e+00
6.199999999999910472e+00
6.209999999999910258e+00
6.219999999999910045e+00
6.229999999999909832e+00
6.239999999999909619e+00
6.249999999999909406e+00
6.259999999999909193e+00
6.269999999999908979e+00
6.279999999999908766e+00
6.289999999999908553e+00
6.299999999999908340e+00
6.309999999999908127e+00
6.319999999999907914e+00
6.329999999999907700e+00
6.339999999999907487e+00
6.349999999999907274e+00
6.359999999999907061e+00
6.369999999999906848e+00
6.379999999999906635e+00
6.389999999999906422e+00
6.399999999999906208e+00
6.409999999999905995e+00
6.419999999999905782e+00
6.429999999999905569e+00
6.439999999999905356e+00
6.449999999999905143e+00
6.459999999999904929e+00
6.469999999999904716e+00
6.479999999999904503e+00
6.489999999999904290e+00
6.499999999999904077e+00
6.509999999999903864e+00
6.519999999999903650e+00
6.529999999999903437e+00
6.539999999999903224e+00
6.549999999999903011e+00
6.559999999999902798e+00
6.569999999999902585e+00
6.579999999999902371e+00
6.589999999999902158e+00
6.599999999999901945e+00
6.609999999999901732e+00
6.619999999999901519e+00
6.629999999999901306e+00
6.639999999999901092e+00
6.649999999999900879e+00
6.659999999999900666e+00
6.669999999999900453e+00
6.679999999999900240e+00
6.689999999999900027e+00
6.699999999999899813e+00
6.709999999999899600e+00
6.719999999999899387e+00
6.729999999999899174e+00
6.739999999999898961e+00
6.749999999999898748e+00
6.759999999999898534e+00
6.769999999999898321e+00
6.779999999999898108e+00
6.789999999999897895e+00
6.799999999999897682e+00
6.809999999999897469e+00
6.819999999999897256e+00
6.829999999999897042e+00
6.839999999999896829e+00
6.849999999999896616e+00
6.859999999999896403e+00
6.869999999999896190e+00
6.879999999999895977e+00
6.889999999999895763e+00
6.899999999999895550e+00
6.909999999999895337e+00
6.919999999999895124e+00
6.929999999999894911e+00
6.939999999999894698e+00
6.949999999999894484e+00
6.959999999999894271e+00
6.969999999999894058e+00
6.979999999999893845e+00
6.989999999999893632e+00
6.999999999999893419e+00
7.009999999999893205e+00
7.019999999999892992e+00
7.029999999999892779e+00
7.039999999999892566e+00
7.049999999999892353e+00
7.059999999999892140e+00
7.069999999999891926e+00
7.079999999999891713e+00
7.089999999999891500e+00
7.099999999999891287e+00
7.109999999999891074e+00
7.119999999999890861e+00
7.129999999999890647e+00
7.139999999999890434e+00
7.149999999999890221e+00
7.159999999999890008e+00
7.169999999999889795e+00
7.179999999999889582e+00
7.189999999999889368e+00
7.199999999999889155e+00
7.209999999999888942e+00
7.219999999999888729e+00
7.229999999999888516e+00
7.239999999999888303e+00
7.249999999999888090e+00
7.259999999999887876e+00
7.269999999999887663e+00
7.279999999999887450e+00
7.289999999999887237e+00
7.299999999999887024e+00
7.309999999999886811e+00
7.319999999999886597e+00
7.329999999999886384e+00
7.339999999999886171e+00
7.349999999999885958e+00
7.359999999999885745e+00
7.369999999999885532e+00
7.379999999999885318e+00
7.389999999999885105e+00
7.399999999999884892e+00
7.409999999999884679e+00
7.419999999999884466e+00
7.429999999999884253e+00
7.439999999999884039e+00
7.449999999999883826e+00
7.459999999999883613e+00
7.469999999999883400e+00
7.479999999999883187e+00
7.489999999999882974e+00
7.499999999999882760e+00
7.509999999999882547e+00
7.519999999999882334e+00
7.529999999999882121e+00
7.539999999999881908e+00
7.549999999999881695e+00
7.559999999999881481e+00
7.569999999999881268e+00
7.579999999999881055e+00
7.589999999999880842e+00
7.599999999999880629e+00
7.609999999999880416e+00
7.619999999999880202e+00
7.629999999999879989e+00
7.639999999999879776e+00
7.649999999999879563e+00
7.659999999999879350e+00
7.669999999999879137e+00
7.679999999999878924e+00
7.689999999999878710e+00
7.699999999999878497e+00
7.709999999999878284e+00
7.719999999999878071e+00
7.729999999999877858e+00
7.739999999999877645e+00
7.749999999999877431e+00
7.759999999999877218e+00
7.769999999999877005e+00
7.779999999999876792e+00
7.789999999999876579e+00
7.799999999999876366e+00
7.809999999999876152e+00
7.819999999999875939e+00
7.829999999999875726e+00
7.839999999999875513e+00
7.849999999999875300e+00
7.859999999999875087e+00
7.869999999999874873e+00
7.879999999999874660e+00
7.889999999999874447e+00
7.899999999999874234e+00
7.909999999999874021e+00
7.919999999999873808e+00
7.929999999999873594e+00
7.939999999999873381e+00
7.949999999999873168e+00
7.959999999999872955e+00
7.969999999999872742e+00
7.979999999999872529e+00
7.989999999999872315e+00
7.999999999999872102e+00
8.009999999999871889e+00
8.019999999999871676e+00
8.029999999999871463e+00
8.039999999999871250e+00
8.049999999999871036e+00
8.059999999999870823e+00
8.069999999999870610e+00
8.079999999999870397e+00
8.084999999999871179e+00
8.089999999999871960e+00
8.094999999999872742e+00
8.099999999999873523e+00
8.104999999999874305e+00
8.114999999999874092e+00
8.120000000000000995e+00
8.125000000000001776e+00
8.135000000000001563e+00
8.145000000000001350e+00
8.155000000000001137e+00
8.160000000000000142e+00
8.169999999999998153e+00
8.179999999999997939e+00
8.189999999999997726e+00
8.199999999999997513e+00
8.209999999999997300e+00
8.219999999999997087e+00
8.229999999999996874e+00
8.239999999999996660e+00
8.249999999999996447e+00
8.259999999999996234e+00
8.269999999999996021e+00
8.279999999999995808e+00
8.289999999999995595e+00
8.299999999999995381e+00
8.304999999999996163e+00
8.314999999999995950e+00
8.320000000000000284e+00
8.325000000000001066e+00
8.330000000000001847e+00
8.335000000000002629e+00
8.340000000000003411e+00
8.342500000000002913e+00
8.347500000000003695e+00
8.350000000000003197e+00
8.355000000000003979e+00
8.359999999999999432e+00
8.364999999999994884e+00
8.369999999999990337e+00
8.374999999999985789e+00
8.379999999999981242e+00
8.389999999999972147e+00
8.394999999999972928e+00
8.400000000000000355e+00
8.410000000000000142e+00
8.419999999999999929e+00
8.429999999999999716e+00
8.439999999999999503e+00
8.449999999999999289e+00
8.459999999999999076e+00
8.469999999999998863e+00
8.479999999999998650e+00
8.489999999999998437e+00
8.499999999999998224e+00
8.509999999999998010e+00
8.519999999999997797e+00
8.529999999999997584e+00
8.539999999999997371e+00
8.549999999999997158e+00
8.554999999999997939e+00
8.560000000000000497e+00
8.565000000000001279e+00
8.575000000000001066e+00
8.580000000000001847e+00
8.585000000000002629e+00
8.595000000000002416e+00
8.597500000000000142e+00
8.599999999999999645e+00
8.602499999999999147e+00
8.604999999999998650e+00
8.607499999999998153e+00
8.609999999999997655e+00
8.614999999999996660e+00
8.617499999999996163e+00
8.622499999999995168e+00
8.627499999999994174e+00
8.632499999999993179e+00
8.640000000000000568e+00
8.645000000000001350e+00
8.650000000000002132e+00
8.655000000000002913e+00
8.660000000000003695e+00
8.665000000000004476e+00
8.675000000000004263e+00
8.679999999999999716e+00
8.689999999999990621e+00
8.699999999999990408e+00
8.709999999999990195e+00
8.719999999999989981e+00
8.729999999999989768e+00
8.739999999999989555e+00
8.749999999999989342e+00
8.759999999999989129e+00
8.769999999999988916e+00
8.779999999999988702e+00
8.789999999999988489e+00
8.794999999999989271e+00
8.800000000000000711e+00
8.805000000000001492e+00
8.810000000000002274e+00
8.815000000000003055e+00
8.820000000000003837e+00
8.825000000000004619e+00
8.830000000000005400e+00
8.835000000000002629e+00
8.837500000000002132e+00
8.839999999999999858e+00
8.842499999999997584e+00
8.844999999999995310e+00
8.847499999999993037e+00
8.849999999999990763e+00
8.852499999999988489e+00
8.854999999999986215e+00
8.857499999999983942e+00
8.859999999999981668e+00
8.862499999999979394e+00
8.864999999999977121e+00
8.867499999999974847e+00
8.869999999999972573e+00
8.874999999999968026e+00
8.877499999999983515e+00
8.880000000000000782e+00
8.885000000000035314e+00
8.887500000000034817e+00
8.892500000000035598e+00
8.895000000000035101e+00
8.900000000000035882e+00
8.905000000000036664e+00
8.910000000000037446e+00
8.915000000000018687e+00
8.919999999999999929e+00
8.929999999999962412e+00
8.934999999999963194e+00
8.944999999999962981e+00
8.949999999999963762e+00
8.959999999999963549e+00
8.969999999999963336e+00
8.979999999999963123e+00
8.989999999999962910e+00
8.999999999999962697e+00
9.009999999999962483e+00
9.019999999999962270e+00
9.029999999999962057e+00
9.039999999999961844e+00
9.049999999999961631e+00
9.054999999999962412e+00
9.059999999999963194e+00
9.064999999999963975e+00
9.069999999999964757e+00
9.074999999999965539e+00
9.080000000000000071e+00
9.085000000000000853e+00
9.087500000000000355e+00
9.092500000000001137e+00
9.097500000000001918e+00
9.100000000000001421e+00
9.102500000000000924e+00
9.105000000000000426e+00
9.107499999999999929e+00
9.109999999999999432e+00
9.112499999999998934e+00
9.114999999999998437e+00
9.117499999999997939e+00
9.120000000000000995e+00
9.122500000000004050e+00
9.125000000000007105e+00
9.127500000000010161e+00
9.130000000000013216e+00
9.132500000000016271e+00
9.135000000000019327e+00
9.140000000000025437e+00
9.142500000000024940e+00
9.147500000000025722e+00
9.157500000000025508e+00
9.160000000000000142e+00
9.164999999999949409e+00
9.169999999999898677e+00
9.179999999999797211e+00
9.182499999999796714e+00
9.187499999999797495e+00
9.192499999999798277e+00
9.200000000000001066e+00
9.205000000000001847e+00
9.215000000000001634e+00
9.225000000000001421e+00
9.235000000000001208e+00
9.240000000000000213e+00
9.249999999999998224e+00
9.259999999999998010e+00
9.269999999999997797e+00
9.279999999999997584e+00
9.289999999999997371e+00
9.299999999999997158e+00
9.309999999999996945e+00
9.314999999999997726e+00
9.320000000000000284e+00
9.325000000000001066e+00
9.330000000000001847e+00
9.335000000000002629e+00
9.340000000000003411e+00
9.342500000000002913e+00
9.347500000000003695e+00
9.350000000000003197e+00
9.355000000000003979e+00
9.357500000000001705e+00
9.359999999999999432e+00
9.362499999999997158e+00
9.364999999999994884e+00
9.366249999999993747e+00
9.368749999999991473e+00
9.369999999999990337e+00
9.372499999999988063e+00
9.374999999999985789e+00
9.377499999999983515e+00
9.379999999999981242e+00
9.382499999999978968e+00
9.384999999999976694e+00
9.387499999999974420e+00
9.389999999999972147e+00
9.392499999999969873e+00
9.394999999999967599e+00
9.397499999999965326e+00
9.400000000000000355e+00
9.402500000000035385e+00
9.405000000000070415e+00
9.407500000000105445e+00
9.410000000000140474e+00
9.415000000000210534e+00
9.417500000000210036e+00
9.420000000000209539e+00
9.425000000000210321e+00
9.427500000000209823e+00
9.432500000000210605e+00
9.436250000000104166e+00
9.439999999999999503e+00
9.447499999999790177e+00
9.457499999999789964e+00
9.467499999999789750e+00
9.477499999999789537e+00
9.480000000000000426e+00
9.485000000000422204e+00
9.495000000000421991e+00
9.505000000000421778e+00
9.515000000000421565e+00
9.519999999999999574e+00
9.529999999999155591e+00
9.539999999999155378e+00
9.549999999999155165e+00
9.559999999999154952e+00
9.564999999999155733e+00
9.569999999999156515e+00
9.574999999999157296e+00
9.579999999999158078e+00
9.584999999999158860e+00
9.589999999999159641e+00
9.594999999999160423e+00
9.597499999999580922e+00
9.599999999999999645e+00
9.605000000000837090e+00
9.607500000000836593e+00
9.610000000000836096e+00
9.612500000000835598e+00
9.615000000000835101e+00
9.620000000000835882e+00
9.622500000000835385e+00
9.625000000000834888e+00
9.627500000000834390e+00
9.630000000000833893e+00
9.632500000000833396e+00
9.635000000000832898e+00
9.637500000000416733e+00
9.640000000000000568e+00
9.642499999999584404e+00
9.644999999999168239e+00
9.647499999998752074e+00
9.652499999997919744e+00
9.654999999997503579e+00
9.657499999997087414e+00
9.659999999996671249e+00
9.662499999996255085e+00
9.664999999995838920e+00
9.667499999995422755e+00
9.669999999995006590e+00
9.672499999994590425e+00
9.677499999993758095e+00
9.679999999999999716e+00
9.682500000006241336e+00
9.687500000018724577e+00
9.697500000018724364e+00
9.707500000018724151e+00
9.717500000018723938e+00
9.720000000000000639e+00
9.724999999962554043e+00
9.734999999887660849e+00
9.744999999887660636e+00
9.754999999887660422e+00
9.759999999999999787e+00
9.769999999999999574e+00
9.779999999999999361e+00
9.789999999999999147e+00
9.799999999999998934e+00
9.809999999999998721e+00
9.814999999999999503e+00
9.820000000000000284e+00
9.830000000000000071e+00
9.835000000000000853e+00
9.839999999999999858e+00
9.844999999999998863e+00
9.849999999999997868e+00
9.852499999999997371e+00
9.857499999999996376e+00
9.859999999999995879e+00
9.862499999999995381e+00
9.867499999999994387e+00
9.869999999999993889e+00
9.872499999999993392e+00
9.874999999999992895e+00
9.877499999999992397e+00
9.880000000000000782e+00
9.882500000000009166e+00
9.885000000000017550e+00
9.887500000000025935e+00
9.890000000000034319e+00
9.892500000000042704e+00
9.895000000000051088e+00
9.897500000000059472e+00
9.900000000000067857e+00
9.902500000000076241e+00
9.905000000000084626e+00
9.907500000000093010e+00
9.910000000000101394e+00
9.912500000000109779e+00
9.917500000000126548e+00
9.919999999999999929e+00
9.922499999999873310e+00
9.924999999999746692e+00
9.929999999999493454e+00
9.932499999999366835e+00
9.934999999999240217e+00
9.937499999999113598e+00
9.939999999998986979e+00
9.944999999998733742e+00
9.947499999998607123e+00
9.952499999998353886e+00
9.956249999999176481e+00
9.960000000000000853e+00
9.967500000001649596e+00
9.977500000001649383e+00
9.987500000001649170e+00
9.997500000001648957e+00
1.000000000000000000e+01
1.000499999999670209e+01
1.001499999999010626e+01
1.002499999999010605e+01
1.003499999999010583e+01
1.004000000000000092e+01
1.005000000000000071e+01
1.006000000000000050e+01
1.007000000000000028e+01
1.008000000000000007e+01
1.008500000000000085e+01
1.009000000000000163e+01
1.009500000000000242e+01
1.010000000000000320e+01
1.010500000000000398e+01
1.011000000000000476e+01
1.011500000000000199e+01
1.011750000000000149e+01
1.012000000000000099e+01
1.012500000000000000e+01
1.012749999999999950e+01
1.012999999999999901e+01
1.013499999999999801e+01
1.013749999999999751e+01
1.013999999999999702e+01
1.014499999999999602e+01
1.014749999999999552e+01
1.014999999999999503e+01
1.015249999999999453e+01
1.015499999999999403e+01
1.015749999999999353e+01
1.016000000000000014e+01
1.016500000000001336e+01
1.016750000000001286e+01
1.017000000000001236e+01
1.017250000000001187e+01
1.017500000000001137e+01
1.017750000000001087e+01
1.018000000000001037e+01
1.018250000000000988e+01
1.018500000000000938e+01
1.019000000000001016e+01
1.019250000000000789e+01
1.019500000000000561e+01
1.019750000000000334e+01
1.020000000000000107e+01
1.020499999999999652e+01
1.020999999999999197e+01
1.021999999999998288e+01
1.022999999999998266e+01
1.023999999999998245e+01
1.024999999999998224e+01
1.025999999999998202e+01
1.026999999999998181e+01
1.027999999999998160e+01
1.028999999999998138e+01
1.029999999999998117e+01
1.030999999999998096e+01
1.031999999999998074e+01
1.032999999999998053e+01
1.033999999999998032e+01
1.034999999999998010e+01
1.035499999999998089e+01
1.035999999999999943e+01
1.036500000000000021e+01
1.037000000000000099e+01
1.037250000000000050e+01
1.037500000000000000e+01
1.038000000000000078e+01
1.038500000000000156e+01
1.038750000000000107e+01
1.039250000000000185e+01
1.039437500000000192e+01
1.039625000000000021e+01
1.039999999999999858e+01
1.040187499999999865e+01
1.040374999999999694e+01
1.040562499999999524e+01
1.040749999999999353e+01
1.040937499999999183e+01
1.041124999999999012e+01
1.041312499999998842e+01
1.041499999999998671e+01
1.041687499999998501e+01
1.042062499999998337e+01
1.042437499999998352e+01
1.042624999999998359e+01
1.042812499999998188e+01
1.042999999999998018e+01
1.043187499999997847e+01
1.043374999999997677e+01
1.043562499999997506e+01
1.043937499999997343e+01
1.043999999999999950e+01
1.044125000000005166e+01
1.044375000000015596e+01
1.044625000000026027e+01
1.044875000000036458e+01
1.045125000000046889e+01
1.045375000000057319e+01
1.045625000000067750e+01
1.046125000000088612e+01
1.046375000000088562e+01
1.046625000000088512e+01
1.047125000000088590e+01
1.047562500000044317e+01
1.048000000000000043e+01
1.048437499999955769e+01
1.049312499999867221e+01
1.050312499999867200e+01
1.051312499999867178e+01
1.051999999999999957e+01
1.052999999999999936e+01
1.053999999999999915e+01
1.054999999999999893e+01
1.055999999999999872e+01
1.056999999999999851e+01
1.057999999999999829e+01
1.058999999999999808e+01
1.059999999999999787e+01
1.060499999999999865e+01
1.061499999999999844e+01
1.061999999999999922e+01
1.062500000000000000e+01
1.063000000000000078e+01
1.063250000000000206e+01
1.063750000000000284e+01
1.064000000000000057e+01
1.064499999999999602e+01
1.064749999999999375e+01
1.064999999999999147e+01
1.065249999999998920e+01
1.065499999999998693e+01
1.065749999999998465e+01
1.066249999999998010e+01
1.066499999999997783e+01
1.066749999999997556e+01
1.066999999999997328e+01
1.067249999999997101e+01
1.067499999999996874e+01
1.067749999999996646e+01
1.067999999999999972e+01
1.068250000000003297e+01
1.068500000000006622e+01
1.068750000000009948e+01
1.069000000000013273e+01
1.069250000000016598e+01
1.069500000000019924e+01
1.069750000000023249e+01
1.070000000000026574e+01
1.070250000000029900e+01
1.070750000000036550e+01
1.071000000000036501e+01
1.071250000000036451e+01
1.071500000000036401e+01
1.072000000000000064e+01
1.072499999999963727e+01
1.072749999999945558e+01
1.072999999999927390e+01
1.073499999999891052e+01
1.073999999999854715e+01
1.074999999999782041e+01
1.075999999999782020e+01
1.076999999999781998e+01
1.077999999999781977e+01
1.078999999999781956e+01
1.079999999999781934e+01
1.080999999999781913e+01
1.081999999999781892e+01
1.082999999999781870e+01
1.083999999999781849e+01
1.084999999999781828e+01
1.085999999999781807e+01
1.086499999999781885e+01
1.086999999999781963e+01
1.087499999999782041e+01
1.088000000000000078e+01
1.088500000000000156e+01
1.089000000000000234e+01
1.089250000000000185e+01
1.089750000000000263e+01
1.090250000000000341e+01
1.090750000000000419e+01
1.091000000000000369e+01
1.091250000000000320e+01
1.091500000000000270e+01
1.091750000000000043e+01
1.091999999999999993e+01
1.092249999999999943e+01
1.092499999999999893e+01
1.092749999999999844e+01
1.092999999999999794e+01
1.093249999999999744e+01
1.093749999999999645e+01
1.093999999999999595e+01
1.094249999999999545e+01
1.094499999999999496e+01
1.094749999999999446e+01
1.094999999999999396e+01
1.095249999999999346e+01
1.095499999999999297e+01
1.095749999999999247e+01
1.096000000000000085e+01
1.096250000000000924e+01
1.096500000000001762e+01
1.096750000000002601e+01
1.097000000000003439e+01
1.097250000000004277e+01
1.097500000000005116e+01
1.098000000000006793e+01
1.098250000000006743e+01
1.098500000000006693e+01
1.099000000000006771e+01
1.099250000000004945e+01
1.099750000000001648e+01
1.100000000000000000e+01
1.100499999999996703e+01
1.101499999999990109e+01
1.102499999999990088e+01
1.103499999999990067e+01
1.104000000000000092e+01
1.105000000000000071e+01
1.106000000000000050e+01
1.107000000000000028e+01
1.108000000000000007e+01
1.108999999999999986e+01
1.109999999999999964e+01
1.110999999999999943e+01
1.112000000000000099e+01
1.113000000000000078e+01
1.113500000000000156e+01
1.114000000000000234e+01
1.114500000000000313e+01
1.114750000000000263e+01
1.115250000000000341e+01
1.115625000000000178e+01
1.116000000000000014e+01
1.116374999999999851e+01
1.116749999999999687e+01
1.117124999999999524e+01
1.117499999999999361e+01
1.117874999999999197e+01
1.118062499999999204e+01
1.118437499999999041e+01
1.118624999999999048e+01
1.118999999999998884e+01
1.119187499999998892e+01
1.119374999999998721e+01
1.119562499999998550e+01
1.119749999999998380e+01
1.120000000000000107e+01
1.120250000000001833e+01
1.120500000000003560e+01
1.120750000000005286e+01
1.121000000000007013e+01
1.121250000000008740e+01
1.121500000000010466e+01
1.121750000000012193e+01
1.122000000000013920e+01
1.122250000000015646e+01
1.122500000000017373e+01
1.123000000000020826e+01
1.123500000000010424e+01
1.123750000000005222e+01
1.124000000000000021e+01
1.124499999999989619e+01
1.124999999999979217e+01
1.125249999999974015e+01
1.125749999999963613e+01
1.125999999999958412e+01
1.126499999999948010e+01
1.126999999999937607e+01
1.127999999999916803e+01
1.128999999999916781e+01
1.129999999999916760e+01
1.130999999999916739e+01
1.131999999999916717e+01
1.132999999999916696e+01
1.133999999999916675e+01
1.134999999999916653e+01
1.135999999999916632e+01
1.136999999999916611e+01
1.137999999999916589e+01
1.138499999999916668e+01
1.139499999999916646e+01
1.140000000000000036e+01
1.140500000000000114e+01
1.141000000000000192e+01
1.141250000000000142e+01
1.141750000000000220e+01
1.142000000000000171e+01
1.142500000000000249e+01
1.142750000000000199e+01
1.143250000000000277e+01
1.143437500000000284e+01
1.143625000000000114e+01
1.143812499999999943e+01
1.143999999999999950e+01
1.144187499999999957e+01
1.144374999999999964e+01
1.144749999999999979e+01
1.144937499999999986e+01
1.145124999999999993e+01
1.145312500000000000e+01
1.145500000000000007e+01
1.145687500000000014e+01
1.145875000000000021e+01
1.146062500000000028e+01
1.146437500000000043e+01
1.146812500000000057e+01
1.147187500000000071e+01
1.147375000000000078e+01
1.147562500000000085e+01
1.147937500000000099e+01
1.148000000000000043e+01
1.148124999999999929e+01
1.148374999999999702e+01
1.148624999999999474e+01
1.149124999999999019e+01
1.149374999999998792e+01
1.149624999999998565e+01
1.149874999999998337e+01
1.150374999999997883e+01
1.150624999999997655e+01
1.150874999999997428e+01
1.151124999999997200e+01
1.151624999999996746e+01
1.151999999999999957e+01
1.152750000000006381e+01
1.153250000000006459e+01
1.154250000000006438e+01
1.154750000000006516e+01
1.155750000000006494e+01
1.156000000000000050e+01
1.156499999999987160e+01
1.157499999999961382e+01
1.158499999999961361e+01
1.159499999999961339e+01
1.159999999999999964e+01
1.160999999999999943e+01
1.161999999999999922e+01
1.162999999999999901e+01
1.163999999999999879e+01
1.164499999999999957e+01
1.165000000000000036e+01
1.165500000000000114e+01
1.166000000000000192e+01
1.166500000000000270e+01
1.167000000000000348e+01
1.167500000000000071e+01
1.167750000000000021e+01
1.167999999999999972e+01
1.168499999999999872e+01
1.168999999999999773e+01
1.169249999999999723e+01
1.169499999999999673e+01
1.169749999999999623e+01
1.169999999999999574e+01
1.170249999999999524e+01
1.170499999999999474e+01
1.170749999999999424e+01
1.170999999999999375e+01
1.171249999999999325e+01
1.171499999999999275e+01
1.171749999999999226e+01
1.172000000000000064e+01
1.172250000000000902e+01
1.172500000000001741e+01
1.172750000000002579e+01
1.173000000000003418e+01
1.173250000000004256e+01
1.173500000000005095e+01
1.173750000000005933e+01
1.174000000000006771e+01
1.174250000000007610e+01
1.174500000000008448e+01
1.174750000000009287e+01
1.175000000000010125e+01
1.175500000000011802e+01
1.175750000000005890e+01
1.175999999999999979e+01
1.176249999999994067e+01
1.176499999999988155e+01
1.176999999999976332e+01
1.177249999999970420e+01
1.177749999999958597e+01
1.178749999999934950e+01
1.179749999999934928e+01
1.180000000000000071e+01
1.180500000000130356e+01
1.181500000000130335e+01
1.182500000000130314e+01
1.183500000000130292e+01
1.183999999999999986e+01
1.184999999999739373e+01
1.185999999999739352e+01
1.186999999999739330e+01
1.187999999999739309e+01
1.188999999999739288e+01
1.189999999999739266e+01
1.190499999999739345e+01
1.190999999999739423e+01
1.191499999999739501e+01
1.191999999999999993e+01
1.192500000000000071e+01
1.193000000000000149e+01
1.193500000000000227e+01
1.193750000000000178e+01
1.194250000000000256e+01
1.194750000000000334e+01
1.195000000000000284e+01
1.195250000000000234e+01
1.195500000000000185e+01
1.195750000000000135e+01
1.196000000000000085e+01
1.196250000000000036e+01
1.196499999999999986e+01
1.196749999999999936e+01
1.196999999999999886e+01
1.197499999999999787e+01
1.197999999999999687e+01
1.198249999999999638e+01
1.198749999999999538e+01
1.199249999999999439e+01
1.199437499999999446e+01
1.199624999999999631e+01
1.199812499999999815e+01
1.200000000000000000e+01
1.200187500000000185e+01
1.200562500000000554e+01
1.200937500000000924e+01
1.201125000000001108e+01
1.201312500000001293e+01
1.201687500000001663e+01
1.201875000000001847e+01
1.202250000000002217e+01
1.202437500000002402e+01
1.202812500000002771e+01
1.203562500000003510e+01
1.204000000000000092e+01
1.204437499999996675e+01
1.205312499999989839e+01
1.206312499999989818e+01
1.207312499999989797e+01
1.208000000000000007e+01
1.208999999999999986e+01
1.209999999999999964e+01
1.210999999999999943e+01
1.212000000000000099e+01
1.213000000000000078e+01
1.214000000000000057e+01
1.215000000000000036e+01
1.216000000000000014e+01
1.216500000000000092e+01
1.217000000000000171e+01
1.217500000000000249e+01
1.218000000000000327e+01
1.218500000000000405e+01
1.219000000000000483e+01
1.219500000000000384e+01
1.219750000000000156e+01
1.220000000000000107e+01
1.220500000000000007e+01
1.220999999999999908e+01
1.221249999999999858e+01
1.221499999999999808e+01
1.221999999999999709e+01
1.222249999999999659e+01
1.222499999999999609e+01
1.222999999999999510e+01
1.223249999999999460e+01
1.223499999999999410e+01
1.223749999999999361e+01
1.224000000000000021e+01
1.224250000000000682e+01
1.224500000000001343e+01
1.225000000000002665e+01
1.225250000000002615e+01
1.225500000000002565e+01
1.225750000000002515e+01
1.226000000000002466e+01
1.226250000000002416e+01
1.226375000000002480e+01
1.226625000000002430e+01
1.226875000000002380e+01
1.227125000000002331e+01
1.227375000000002281e+01
1.227625000000002231e+01
1.227812500000001172e+01
1.228000000000000114e+01
1.228374999999997996e+01
1.228749999999995879e+01
1.229124999999993761e+01
1.229499999999991644e+01
1.230249999999987409e+01
1.231249999999987388e+01
1.232000000000000028e+01
1.233000000000000007e+01
1.233999999999999986e+01
1.234999999999999964e+01
1.235999999999999943e+01
1.236999999999999922e+01
1.237999999999999901e+01
1.238999999999999879e+01
1.239999999999999858e+01
1.240999999999999837e+01
1.241999999999999815e+01
1.242499999999999893e+01
1.242999999999999972e+01
1.243499999999999872e+01
1.243999999999999950e+01
1.244500000000000028e+01
1.245500000000000007e+01
1.246000000000000085e+01
1.246250000000000036e+01
1.246750000000000114e+01
1.247000000000000064e+01
1.247250000000000014e+01
1.247750000000000092e+01
1.248000000000000043e+01
1.248249999999999993e+01
1.248375000000000057e+01
1.248625000000000007e+01
1.248750000000000071e+01
1.249000000000000021e+01
1.249249999999999972e+01
1.249499999999999922e+01
1.249749999999999872e+01
1.249999999999999822e+01
1.250249999999999773e+01
1.250499999999999723e+01
1.250749999999999673e+01
1.250999999999999623e+01
1.251249999999999574e+01
1.251499999999999524e+01
1.251749999999999474e+01
1.251999999999999957e+01
1.252250000000000441e+01
1.252500000000000924e+01
1.252750000000001407e+01
1.253000000000001890e+01
1.253250000000002373e+01
1.253500000000002856e+01
1.254000000000003823e+01
1.254500000000003901e+01
1.254750000000003851e+01
1.255250000000003929e+01
1.256000000000000050e+01
1.256500000000000128e+01
1.257000000000000206e+01
1.258000000000000185e+01
1.259000000000000163e+01
1.259999999999999964e+01
1.260999999999999943e+01
1.261999999999999922e+01
1.262999999999999901e+01
1.263999999999999879e+01
1.264999999999999858e+01
1.265999999999999837e+01
1.266999999999999815e+01
1.267999999999999794e+01
1.268499999999999872e+01
1.268999999999999950e+01
1.269500000000000028e+01
1.270000000000000107e+01
1.270500000000000185e+01
1.271000000000000263e+01
1.271500000000000163e+01
1.272000000000000064e+01
1.272250000000000014e+01
1.272499999999999964e+01
1.272749999999999915e+01
1.272999999999999865e+01
1.273249999999999815e+01
1.273499999999999766e+01
1.273999999999999666e+01
1.274249999999999616e+01
1.274499999999999567e+01
1.274749999999999517e+01
1.274999999999999467e+01
1.275249999999999417e+01
1.275499999999999368e+01
1.275749999999999318e+01
1.275999999999999979e+01
1.276250000000000639e+01
1.276500000000001300e+01
1.277000000000002622e+01
1.277500000000002700e+01
1.277750000000002650e+01
1.278000000000002601e+01
1.278125000000002665e+01
1.278375000000002615e+01
1.278625000000002565e+01
1.278875000000002515e+01
1.279125000000002466e+01
1.279375000000002416e+01
1.279625000000002366e+01
1.279812500000001307e+01
1.280000000000000071e+01
1.280374999999997598e+01
1.280749999999995126e+01
1.280937499999993889e+01
1.281312499999991417e+01
1.281687499999988944e+01
1.282437499999983999e+01
1.282937499999984077e+01
1.283437499999984155e+01
1.283999999999999986e+01
1.284500000000000064e+01
1.285500000000000043e+01
1.286500000000000021e+01
1.287500000000000000e+01
1.288000000000000078e+01
1.289000000000000057e+01
1.290000000000000036e+01
1.291000000000000014e+01
1.291999999999999993e+01
1.292999999999999972e+01
1.293999999999999950e+01
1.294999999999999929e+01
1.295500000000000007e+01
1.296000000000000085e+01
1.296500000000000163e+01
1.297000000000000242e+01
1.297500000000000320e+01
1.297750000000000270e+01
1.298000000000000220e+01
1.298250000000000171e+01
1.298750000000000249e+01
1.299000000000000199e+01
1.299250000000000149e+01
1.299750000000000227e+01
1.300000000000000000e+01
1.300249999999999773e+01
1.300499999999999545e+01
1.300749999999999318e+01
1.300999999999999091e+01
1.301249999999998863e+01
1.301499999999998636e+01
1.301749999999998408e+01
1.301999999999998181e+01
1.302249999999997954e+01
1.302749999999997499e+01
1.302999999999997272e+01
1.303249999999997044e+01
1.303499999999996817e+01
1.303749999999996589e+01
1.304000000000000092e+01
1.304250000000003595e+01
1.304500000000007098e+01
1.304750000000010601e+01
1.305250000000017607e+01
1.305500000000017558e+01
1.305750000000017508e+01
1.306000000000017458e+01
1.306250000000017408e+01
1.306500000000017359e+01
1.306750000000017309e+01
1.307250000000017387e+01
1.307625000000008697e+01
1.308000000000000007e+01
1.308374999999991317e+01
1.309124999999973937e+01
1.309624999999974015e+01
1.310624999999973994e+01
1.311624999999973973e+01
1.312000000000000099e+01
1.312750000000052353e+01
1.313750000000052331e+01
1.314750000000052310e+01
1.315750000000052289e+01
1.316000000000000014e+01
1.316499999999895465e+01
1.317499999999686366e+01
1.318499999999686345e+01
1.319499999999686324e+01
1.320000000000000107e+01
1.320500000000000185e+01
1.321500000000000163e+01
1.322000000000000242e+01
1.322500000000000320e+01
1.323000000000000398e+01
1.323500000000000298e+01
1.323750000000000071e+01
1.324000000000000021e+01
1.324249999999999972e+01
1.324499999999999922e+01
1.324749999999999872e+01
1.324999999999999822e+01
1.325249999999999773e+01
1.325499999999999723e+01
1.325999999999999623e+01
1.326249999999999574e+01
1.326499999999999524e+01
1.326749999999999474e+01
1.326999999999999424e+01
1.327249999999999375e+01
1.327499999999999325e+01
1.327749999999999275e+01
1.328000000000000114e+01
1.328250000000000952e+01
1.328500000000001791e+01
1.328750000000002629e+01
1.329000000000003467e+01
1.329250000000004306e+01
1.329500000000005144e+01
1.329750000000005983e+01
1.330000000000006821e+01
1.330250000000007660e+01
1.330750000000009337e+01
1.331000000000009287e+01
1.331250000000009237e+01
1.331750000000009315e+01
1.332000000000000028e+01
1.332249999999990742e+01
1.332499999999981455e+01
1.332999999999962881e+01
1.333499999999944308e+01
1.333999999999925734e+01
1.334499999999907160e+01
1.335499999999870013e+01
1.335999999999999943e+01
1.336500000000000021e+01
1.337500000000000000e+01
1.338499999999999979e+01
1.339499999999999957e+01
1.340000000000000036e+01
1.341000000000000014e+01
1.341999999999999993e+01
1.342999999999999972e+01
1.343999999999999950e+01
1.344999999999999929e+01
1.345999999999999908e+01
1.346499999999999986e+01
1.347000000000000064e+01
1.347500000000000142e+01
1.348000000000000043e+01
1.348499999999999943e+01
1.348999999999999844e+01
1.349499999999999744e+01
1.349999999999999645e+01
1.350249999999999595e+01
1.350749999999999496e+01
1.350999999999999446e+01
1.351249999999999396e+01
1.351499999999999346e+01
1.351749999999999297e+01
1.351999999999999957e+01
1.352250000000000618e+01
1.352500000000001279e+01
1.352750000000001940e+01
1.353000000000002601e+01
1.353250000000003261e+01
1.353500000000003922e+01
1.354000000000005244e+01
1.354250000000005194e+01
1.354500000000005144e+01
1.354750000000005095e+01
1.355000000000005045e+01
1.355250000000004995e+01
1.355500000000004945e+01
1.355750000000002586e+01
1.356000000000000050e+01
1.356249999999997513e+01
1.356499999999994976e+01
1.356749999999992440e+01
1.356999999999989903e+01
1.357249999999987367e+01
1.357499999999984830e+01
1.357749999999982293e+01
1.357999999999979757e+01
1.358249999999977220e+01
1.358499999999974683e+01
1.358749999999972147e+01
1.358999999999969610e+01
1.359249999999967073e+01
1.359749999999962000e+01
1.359999999999999964e+01
1.360500000000075893e+01
1.361000000000075971e+01
1.362000000000075950e+01
1.363000000000075929e+01
1.364000000000000057e+01
1.365000000000000036e+01
1.366000000000000014e+01
1.366999999999999993e+01
1.367999999999999972e+01
1.368999999999999950e+01
1.369999999999999929e+01
1.370999999999999908e+01
1.371999999999999886e+01
1.372499999999999964e+01
1.373000000000000043e+01
1.373500000000000121e+01
1.374000000000000199e+01
1.374500000000000277e+01
1.375000000000000355e+01
1.375500000000000256e+01
1.375999999999999979e+01
1.376499999999999702e+01
1.376749999999999474e+01
1.376999999999999247e+01
1.377249999999999019e+01
1.377499999999998792e+01
1.377999999999998515e+01
1.378249999999998465e+01
1.378499999999998238e+01
1.378749999999998010e+01
1.378999999999997783e+01
1.379499999999997506e+01
1.380000000000000071e+01
1.380250000000000021e+01
1.380499999999999972e+01
1.380749999999999922e+01
1.380999999999999872e+01
1.381249999999999822e+01
1.381499999999999773e+01
1.381999999999999851e+01
1.382249999999999801e+01
1.382499999999999751e+01
1.382749999999999702e+01
1.382999999999999652e+01
1.383249999999999602e+01
1.383499999999999552e+01
1.383999999999999631e+01
1.384249999999999581e+01
1.384499999999999531e+01
1.384749999999999481e+01
1.385249999999999559e+01
1.385749999999999638e+01
1.385999999999999588e+01
1.386499999999999666e+01
1.387499999999999645e+01
1.388000000000000078e+01
1.389000000000000057e+01
1.390000000000000036e+01
1.391000000000000014e+01
1.391999999999999993e+01
1.392999999999999972e+01
1.393999999999999950e+01
1.394999999999999929e+01
1.395999999999999908e+01
1.396999999999999886e+01
1.397999999999999865e+01
1.398499999999999943e+01
1.399000000000000021e+01
1.399500000000000099e+01
1.400000000000000000e+01
1.400499999999999901e+01
1.400999999999999801e+01
1.401499999999999702e+01
1.401999999999999602e+01
1.402499999999999503e+01
1.402749999999999453e+01
1.402999999999999403e+01
1.403499999999999304e+01
1.403749999999999787e+01
1.404000000000000092e+01
1.404250000000000398e+01
1.404500000000000703e+01
1.404750000000001009e+01
1.405000000000001315e+01
1.405250000000001620e+01
1.405500000000001926e+01
1.405750000000002231e+01
1.406000000000002537e+01
1.406250000000002842e+01
1.406500000000003148e+01
1.406750000000003453e+01
1.407000000000003759e+01
1.407250000000004064e+01
1.407500000000004370e+01
1.407750000000002188e+01
1.408000000000000007e+01
1.408249999999997826e+01
1.408499999999995644e+01
1.408749999999993463e+01
1.408999999999991282e+01
1.409249999999989100e+01
1.409499999999986919e+01
1.409749999999984738e+01
1.409999999999982556e+01
1.410249999999980375e+01
1.410499999999978193e+01
1.410999999999973831e+01
1.411499999999969468e+01
1.412000000000000099e+01
1.412500000000000178e+01
1.413000000000000256e+01
1.413500000000000334e+01
1.414500000000000313e+01
1.415500000000000291e+01
1.416000000000000014e+01
1.416999999999999460e+01
1.417999999999999439e+01
1.418999999999999417e+01
1.419999999999999396e+01
1.420999999999999375e+01
1.421999999999999353e+01
1.422999999999999332e+01
1.423999999999999311e+01
1.424499999999999389e+01
1.424999999999999467e+01
1.425999999999999446e+01
1.426499999999999524e+01
1.426999999999999602e+01
1.427499999999999680e+01
1.428000000000000114e+01
1.428250000000000064e+01
1.428750000000000142e+01
1.429000000000000092e+01
1.429250000000000043e+01
1.429499999999999993e+01
1.429749999999999943e+01
1.430250000000000021e+01
1.430499999999999972e+01
1.430749999999999922e+01
1.430999999999999872e+01
1.431499999999999950e+01
1.431749999999999901e+01
1.432000000000000028e+01
1.432250000000000156e+01
1.432500000000000284e+01
1.432750000000000412e+01
1.433000000000000540e+01
1.433250000000000668e+01
1.433500000000000796e+01
1.433750000000000924e+01
1.434000000000001052e+01
1.434500000000001307e+01
1.434750000000001258e+01
1.435000000000001208e+01
1.435250000000001158e+01
1.435500000000001108e+01
1.435750000000000526e+01
1.435999999999999943e+01
1.436499999999998778e+01
1.436749999999998195e+01
1.437249999999997030e+01
1.437749999999995865e+01
1.438249999999994699e+01
1.439249999999992369e+01
1.440000000000000036e+01
1.441000000000000014e+01
1.441999999999999993e+01
1.442999999999999972e+01
1.443999999999999950e+01
1.444999999999999929e+01
1.445999999999999908e+01
1.446999999999999886e+01
1.447999999999999865e+01
1.448999999999999844e+01
1.449999999999999822e+01
1.450999999999999801e+01
1.451999999999999780e+01
1.452499999999999858e+01
1.452999999999999936e+01
1.453500000000000014e+01
1.454000000000000092e+01
1.455000000000000071e+01
1.455250000000000021e+01
1.455500000000000149e+01
1.456000000000000050e+01
1.456499999999999950e+01
1.456749999999999901e+01
1.456999999999999851e+01
1.457249999999999801e+01
1.457499999999999751e+01
1.457749999999999702e+01
1.457999999999999652e+01
1.458249999999999602e+01
1.458499999999999552e+01
1.458749999999999503e+01
1.459249999999999403e+01
1.459624999999999773e+01
1.459812499999999957e+01
1.459999999999999964e+01
1.460374999999999979e+01
1.460749999999999993e+01
1.460937500000000000e+01
1.461125000000000007e+01
1.461312500000000014e+01
1.461687500000000028e+01
1.462062500000000043e+01
1.462250000000000050e+01
1.462625000000000064e+01
1.463000000000000078e+01
1.463375000000000092e+01
1.463687499999999986e+01
1.464000000000000057e+01
1.464625000000000199e+01
1.464875000000000149e+01
1.465375000000000227e+01
1.465875000000000306e+01
1.466875000000000284e+01
1.467375000000000362e+01
1.467999999999999972e+01
1.468999999999999950e+01
1.469999999999999929e+01
1.470999999999999908e+01
1.471999999999999886e+01
1.472999999999999865e+01
1.473999999999999844e+01
1.474999999999999822e+01
1.475999999999999801e+01
1.476999999999999780e+01
1.477499999999999858e+01
1.477999999999999936e+01
1.478500000000000014e+01
1.479000000000000092e+01
1.479500000000000171e+01
1.480000000000000071e+01
1.480250000000000021e+01
1.480499999999999972e+01
1.480999999999999872e+01
1.481249999999999822e+01
1.481499999999999773e+01
1.481749999999999723e+01
1.481999999999999673e+01
1.482249999999999623e+01
1.482499999999999574e+01
1.482749999999999524e+01
1.482999999999999474e+01
1.483249999999999424e+01
1.483499999999999375e+01
1.483749999999999325e+01
1.483999999999999986e+01
1.484500000000001307e+01
1.484750000000001258e+01
1.485000000000001208e+01
1.485250000000001158e+01
1.485500000000001108e+01
1.486000000000001187e+01
1.486250000000001137e+01
1.486500000000001087e+01
1.486750000000001037e+01
1.486875000000001101e+01
1.487125000000001052e+01
1.487250000000001116e+01
1.487500000000001066e+01
1.487625000000000774e+01
1.487875000000000369e+01
1.488000000000000078e+01
1.488249999999999496e+01
1.488749999999998330e+01
1.488999999999997748e+01
1.489499999999996582e+01
1.489999999999995417e+01
1.490999999999993086e+01
1.491499999999993165e+01
1.491999999999999993e+01
1.492999999999999972e+01
1.493999999999999950e+01
1.494999999999999929e+01
1.495999999999999908e+01
1.496999999999999886e+01
1.497999999999999865e+01
1.498999999999999844e+01
1.499999999999999822e+01
