1.000000000000000000e+00
9.999929601988817307e-01
9.999772954472888609e-01
9.999670548735164477e-01
9.999602335195210134e-01
9.999445166999222367e-01
9.999302180129222561e-01
9.999236137373683775e-01
9.999115973673809998e-01
9.998969094290384163e-01
9.998896279560973710e-01
9.998813670926868236e-01
9.998680790038650956e-01
9.998590753375745654e-01
9.998510935316704540e-01
9.998374145047479455e-01
9.998258073599641804e-01
9.998176327318228918e-01
9.998049222407252579e-01
9.997918622344809103e-01
9.997841871733458285e-01
9.997748124375590573e-01
9.997628856334073166e-01
9.997546163194470648e-01
9.997465848758492202e-01
9.997353252271770074e-01
9.997255238659060739e-01
9.997166932617402857e-01
9.997051128835624523e-01
9.996941789218821706e-01
9.996856315151387840e-01
9.996757241528440030e-01
9.996652444965294926e-01
9.996573128887320525e-01
9.996495264296533234e-01
9.996401901034536186e-01
9.996315850872687925e-01
9.996234802909177430e-01
9.996141247379519701e-01
9.996047003914213525e-01
9.995960288055596443e-01
9.995868638457887645e-01
9.995777923299700163e-01
9.995700304584761442e-01
9.995602909852069340e-01
9.995241503299838737e-01
9.994776868167571937e-01
9.994282846687420063e-01
9.993768922278871703e-01
9.993230919291928860e-01
9.992663128085869095e-01
9.992073030451732452e-01
9.991457362266976672e-01
9.990804436220261930e-01
9.990118862230019658e-01
9.989405650267522141e-01
9.988658947343355132e-01
9.987882247290598148e-01
9.987083590562746416e-01
9.986261278615542469e-01
9.985417593668425296e-01
9.984558609094185133e-01
9.983679375461468330e-01
9.982776386792021617e-01
9.981855083149606678e-01
9.980913847326200461e-01
9.979947503572264011e-01
9.978961426172834326e-01
9.977960669927746773e-01
9.976944591232969062e-01
9.975917890969258073e-01
9.974885389746528386e-01
9.973845685973723452e-01
9.972800971831080608e-01
9.971754491541157117e-01
9.970702114356374546e-01
9.969545923587906922e-01
9.968341917367603555e-01
9.967121925399358151e-01
9.965883566760254109e-01
9.964631392247428332e-01
9.963389132327217235e-01
9.962173999383228118e-01
9.960986601511989669e-01
9.959825150763814694e-01
9.958686545288454317e-01
9.957560987074944858e-01
9.956438407601156948e-01
9.955310990232253410e-01
9.954171386174341940e-01
9.953021645987657484e-01
9.951876062626074937e-01
9.950746221098836219e-01
9.949635327252636108e-01
9.948550061877922124e-01
9.947498861535780668e-01
9.946476873666171281e-01
9.945469371226679511e-01
9.944466073383751992e-01
9.943460395722053535e-01
9.942445035910568718e-01
9.941418315230258207e-01
9.940384768356381739e-01
9.939349246846453934e-01
9.938321176046683858e-01
9.937312194689215117e-01
9.936321645209271747e-01
9.935342145487435772e-01
9.934372812750288384e-01
9.933408492692666902e-01
9.932434880229952245e-01
9.931445360478653450e-01
9.930442854287023779e-01
9.929429904114809302e-01
9.928413668323377017e-01
9.927406912406673278e-01
9.926417575931389958e-01
9.925452025313116211e-01
9.924519570514110933e-01
9.923620498865807216e-01
9.922746758031418812e-01
9.921897610029988268e-01
9.921075884746930473e-01
9.920279214153687741e-01
9.919510602655663423e-01
9.918781930742510689e-01
9.918103191639734417e-01
9.917483657271450870e-01
9.916934494059073124e-01
9.916459603576188719e-01
9.916057476029759288e-01
9.915729575021036135e-01
9.915473663464651199e-01
9.915282032182577421e-01
9.915154307263656097e-01
9.915097720164118833e-01
9.915118769632688123e-01
9.915227667601629324e-01
9.915441215463640656e-01
9.915775409625270376e-01
9.916244946285741602e-01
9.916865935289903566e-01
9.917650926898966546e-01
9.918609602105050715e-01
9.919755956345601700e-01
9.921105654344758440e-01
9.922672168308533935e-01
9.924473029797328261e-01
9.926530831313493675e-01
9.928866075530395907e-01
9.931496738431291327e-01
9.934342022381402737e-01
9.937248421927512565e-01
9.940476580980055488e-01
9.944034435707851394e-01
9.947927355252790260e-01
9.952158860407315233e-01
9.956731533473015539e-01
9.961646379164540432e-01
9.966902794533263332e-01
9.969632986008735154e-01
9.968829820777462825e-01
9.968050635260665704e-01
9.967292340079584312e-01
9.966570254741694557e-01
9.965901907020778827e-01
9.964894491644368246e-01
9.961803845176341321e-01
9.951320712749740505e-01
9.940541950682846295e-01
9.929502494682832525e-01
9.918244286272969168e-01
9.906812681937426923e-01
9.895254931191358461e-01
9.883620543090680943e-01
9.871959608348321868e-01
9.860320941153132290e-01
9.848752531954008127e-01
9.837302489238907155e-01
9.826019297678834086e-01
9.814952109437905525e-01
9.804150450838490238e-01
9.793662863065303315e-01
9.783536174510271133e-01
9.773814132894270701e-01
9.764535606051429895e-01
9.755732774922291073e-01
9.747431363473331167e-01
9.739651751910466393e-01
9.732408531082840097e-01
9.725710996605624326e-01
9.719564842063573851e-01
9.713972799941954506e-01
9.708933921351026175e-01
9.704443122091287455e-01
9.700490405279796891e-01
9.697059500580057501e-01
9.694127738859021903e-01
9.691666067864584955e-01
9.689638283897004101e-01
9.688001765096112550e-01
9.686763801128481788e-01
9.685947504462927293e-01
9.685429876595100795e-01
9.685080757074866487e-01
9.684919701745212661e-01
9.684882727219523701e-01
9.684800189060177589e-01
9.684607393011678278e-01
9.684247600879064555e-01
9.683612206991284443e-01
9.682717762925920901e-01
9.681595191902792052e-01
9.680122428893047637e-01
9.678255338354337933e-01
9.676088031504056497e-01
9.673556360367784324e-01
9.670498426406146653e-01
9.666926386995642329e-01
9.662873681960217898e-01
9.658254523469239627e-01
9.653072313773812807e-01
9.647412186495407660e-01
9.641271595665753535e-01
9.634703856585747905e-01
9.627858272653848637e-01
9.620745140398370143e-01
9.613341277481974867e-01
9.605797241982300116e-01
9.598205318646702011e-01
9.590517284604095360e-01
9.582827813805714356e-01
9.575311767983287758e-01
9.568028349853401338e-01
9.561085753921937380e-01
9.554670164647723896e-01
9.548864202664479883e-01
9.543748834322886010e-01
9.539487923616165599e-01
9.536135461817882852e-01
9.533662189040001955e-01
9.532150986045727636e-01
9.531677964046977314e-01
9.532189571334264144e-01
9.533680747252692989e-01
9.536212927960421304e-01
9.539753397215767761e-01
9.544252034524906003e-01
9.549706768532501000e-01
9.556032558336499116e-01
9.563103817068133727e-01
9.570862012374498073e-01
9.579197969267719825e-01
9.587928296153764851e-01
9.596947249277480996e-01
9.606184474544117169e-01
9.615495110330543049e-01
9.624751100175095164e-01
9.633878449057803328e-01
9.642761592102839785e-01
9.651267507220147035e-01
9.659294745027324769e-01
9.666711630653503917e-01
9.673366953438967686e-01
9.679163214565087436e-01
9.684010114846848261e-01
9.687785062347537002e-01
9.690412194165787252e-01
9.691871266221743220e-01
9.692122924260576644e-01
9.691131590014450126e-01
9.688905791267583556e-01
9.685456890923903606e-01
9.680797534614816735e-01
9.674975237201209888e-01
9.668048826804155338e-01
9.660084175505573301e-01
9.651193334467654816e-01
9.641518370186741294e-01
9.631196933000992777e-01
9.620383955963019984e-01
9.609265025542382821e-01
9.598022358114948194e-01
9.586821838755514857e-01
9.575832357390731131e-01
9.565222405860236421e-01
9.555147965267201116e-01
9.545760255700906916e-01
9.537206363534080911e-01
9.529620829146346894e-01
9.523134290207797559e-01
9.517875385255356591e-01
9.513949584469013621e-01
9.511433809438781806e-01
9.510392809720407126e-01
9.510874668368314300e-01
9.512893581386497877e-01
9.516437434828461939e-01
9.521482004682352285e-01
9.527986009960222047e-01
9.535886941896717373e-01
9.545107686669822566e-01
9.555554024329241392e-01
9.567109388382505353e-01
9.579641907596015971e-01
9.593001036349231292e-01
9.607005614251739045e-01
9.621455626427868335e-01
9.636147661094399686e-01
9.650865472953752411e-01
9.665377853970743560e-01
9.679459446512098664e-01
9.692894099030282540e-01
9.705467013020246947e-01
9.716975076313403292e-01
9.727229739457275981e-01
9.736049956694177165e-01
9.743272495502249830e-01
9.748759463845662054e-01
9.752388709469088646e-01
9.754058478693503620e-01
9.753705243790254942e-01
9.751298970233582830e-01
9.746834255190042207e-01
9.740341669639862587e-01
9.731889877798226562e-01
9.721573218955372742e-01
9.709513151240687368e-01
9.695860112750309678e-01
9.680781299609830803e-01
9.664464257525837709e-01
9.647122379819851323e-01
9.628984639799512690e-01
9.610291725960266040e-01
9.591301427400928947e-01
9.572288086481061109e-01
9.553529161880889298e-01
9.535304169206594294e-01
9.517891743729939291e-01
9.501560565677166226e-01
9.486567195297916921e-01
9.473154997953761036e-01
9.461547671292628303e-01
9.451945800569507838e-01
9.444530750955463239e-01
9.439458325818725903e-01
9.436850890914240120e-01
9.436801028817776160e-01
9.439369894225828617e-01
9.444577584469290299e-01
9.452402589256890808e-01
9.462784595411375399e-01
9.475621449818231179e-01
9.490769534994133450e-01
9.508049197519630180e-01
9.527244921936968147e-01
9.548107152054525759e-01
9.570360319433675045e-01
9.593703360756441478e-01
9.617807785006978749e-01
9.642331171135934964e-01
9.666923478825906191e-01
9.691222105567697254e-01
9.714859585259295605e-01
9.737474872052530595e-01
9.758711057130768918e-01
9.778227549728214507e-01
9.795705001954432278e-01
9.810849639041846482e-01
9.823395534951288033e-01
9.833111833852620220e-01
9.839805701897419432e-01
9.843322764828016380e-01
9.843549869699331767e-01
9.840419113907440396e-01
9.833908993743123439e-01
9.824044906063784666e-01
9.810901101013492775e-01
9.794601706639376459e-01
9.775320580351141153e-01
9.753279853800173038e-01
9.728747645778206277e-01
9.702035465217937471e-01
9.673495741459193775e-01
9.643513532019954981e-01
9.612503675168484474e-01
9.580902590346764836e-01
9.549166864144589262e-01
9.517770966394072385e-01
9.487183628309813210e-01
9.457870788321623978e-01
9.430290895769902759e-01
9.404887477364605175e-01
9.382079768560009914e-01
9.362256903291769072e-01
9.345771075762007163e-01
9.332930637751892800e-01
9.323994507467959769e-01
9.319168708966952819e-01
9.318601953613933064e-01
9.322382963386860455e-01
9.330539460985645128e-01
9.343036563656855753e-01
9.359775568767429998e-01
9.380593705360099621e-01
9.405266256807832681e-01
9.433508968863237865e-01
9.464979724330321309e-01
9.499282233054375801e-01
9.535974362319810105e-01
9.574569654988908107e-01
9.614536996467063501e-01
9.655307603286523710e-01
9.696303613929032617e-01
9.736923997283752907e-01
9.776563884040936347e-01
9.814619451511060744e-01
9.850501001828753100e-01
9.883638962601198896e-01
9.913492754606749724e-01
9.936158118884853563e-01
9.930874155801060477e-01
9.925594060521518713e-01
9.920423828461889526e-01
9.915601739178907525e-01
9.911234775743910097e-01
9.907397446242385275e-01
9.904157423742918631e-01
9.901574350646767941e-01
9.899698813517942009e-01
9.898571709393062523e-01
9.890244862404991011e-01
9.854072817770540560e-01
9.813649230888932262e-01
9.769486237386676430e-01
9.722164453076929114e-01
9.672326930801992129e-01
9.620669916806470212e-01
9.567927587973892312e-01
9.514876300354576655e-01
9.462302130260840105e-01
9.410982238079492745e-01
9.361693958002471616e-01
9.315203215067018316e-01
9.272249619988528480e-01
9.233531533118262136e-01
9.199695080898371291e-01
9.171325414501275697e-01
9.148937868085454950e-01
9.132970026363688154e-01
9.123774734467167136e-01
9.121614228984143979e-01
9.126655164473013171e-01
9.138964934598184930e-01
9.158509053500041297e-01
9.185149166056765235e-01
9.218642555433288477e-01
9.258642327473423084e-01
9.304699304442440866e-01
9.356264990205752641e-01
9.412695265101448383e-01
9.473265737802166742e-01
9.537179468573411256e-01
9.603580731147629557e-01
9.671517454717366569e-01
9.740012709162582105e-01
9.808052647000152779e-01
9.874614628775683078e-01
9.938687643693809859e-01
9.956174585189706550e-01
9.947027320269273831e-01
9.909297035367712336e-01
9.873007138205640576e-01
9.842136251714217465e-01
9.817259446659517552e-01
9.798874061928206647e-01
9.787389851646649541e-01
9.783120694411020501e-01
9.786277646082731652e-01
9.796963445415322047e-01
9.815168797101329057e-01
9.840770450880664821e-01
9.861728829111183758e-01
9.861079591892348839e-01
9.861791886122561746e-01
9.863880114958891721e-01
9.867197984907084551e-01
9.807828391360725595e-01
9.725217234867817861e-01
9.639356180401246199e-01
9.551481756975304105e-01
9.462913786556235163e-01
9.374940943856135966e-01
9.288870821427190894e-01
9.206031937616917515e-01
9.127715196924813812e-01
9.055160606390286748e-01
8.989559061376511950e-01
8.932034773247101711e-01
8.883577382490566166e-01
8.845085379788852897e-01
8.817303858552265616e-01
8.800663549897023152e-01
8.795425269942945823e-01
8.801802141492532927e-01
8.819950308056946353e-01
8.849975651947695754e-01
8.891906218617853241e-01
8.945470371653069241e-01
9.010079695624383378e-01
9.085027020261656761e-01
9.169398099251466761e-01
9.262129861253665108e-01
9.362029183639504204e-01
9.467764070286061040e-01
9.577916910463194489e-01
9.690953688108352448e-01
9.805194105656324099e-01
9.918917479461205611e-01
9.977874381542966020e-01
9.891915123685898203e-01
9.809980660048253087e-01
9.733383623002820340e-01
9.663403838392303769e-01
9.601234193000203199e-01
9.547973740546289445e-01
9.504591241619906317e-01
9.471926302703972400e-01
9.450683130359521789e-01
9.441413310097738210e-01
9.444503895397865501e-01
9.460167055829098448e-01
9.488432914174518285e-01
9.529145724368612846e-01
9.581962890551810608e-01
9.646348410650424920e-01
9.721562737669219301e-01
9.802413163395056195e-01
9.807860951756255385e-01
9.815565355613674603e-01
9.822687639543368210e-01
9.679936092988531415e-01
9.533467568680767945e-01
9.385553077573741687e-01
9.238376565664079276e-01
9.094229167871327180e-01
8.955409721187144179e-01
8.824535491187863734e-01
8.705628883385749806e-01
8.600275591504497052e-01
8.509259694261893658e-01
8.433544589204124975e-01
8.373777987540034218e-01
8.330558675648689348e-01
8.304197185103813217e-01
8.294674268866287781e-01
8.302020089097162936e-01
8.326521197227193527e-01
8.368708738831693861e-01
8.429100337789089403e-01
8.507829143114277182e-01
8.604831691526664272e-01
8.719924565158839735e-01
8.852559608437224892e-01
9.002713742036980715e-01
9.166650593549410253e-01
9.341089094940222548e-01
9.523466536129265858e-01
9.711235338499052405e-01
9.901512868780847354e-01
9.929742638786249742e-01
9.785717722288486131e-01
9.646681874016659330e-01
9.508976655631770081e-01
9.379367436696899318e-01
9.260512694454162697e-01
9.154433834202447828e-01
9.063023012918911547e-01
8.987960453184703491e-01
8.930650022345798522e-01
8.892266439203458939e-01
8.873525687101851966e-01
8.874975326099175943e-01
8.897039288107764232e-01
8.939997151895372474e-01
9.003916427069263984e-01
9.088344026027214140e-01
9.192504207989883325e-01
9.315220717726275801e-01
9.454963300179957120e-01
9.609946176752933722e-01
9.719969949978611856e-01
9.736024415471821181e-01
9.755556126680725582e-01
9.519785849082381679e-01
9.272866144213316453e-01
9.027068813267714598e-01
8.787131846125694201e-01
8.563922988909602463e-01
8.361697214341520246e-01
8.185811656860003671e-01
8.040215298976375324e-01
7.921822141919229177e-01
7.831288428684373137e-01
7.767867384895457139e-01
7.726841041137769706e-01
7.704203817673561661e-01
7.697563082255636235e-01
7.705901413246520892e-01
7.729324000396433636e-01
7.769135381316503164e-01
7.828257669268575691e-01
7.912011063783694897e-01
8.026971012268609984e-01
8.175263621873616326e-01
8.357548172543938225e-01
8.578798422948104019e-01
8.832214742028482446e-01
9.114748900069614690e-01
9.415681892623460891e-01
9.726885449914012272e-01
9.847219005463603292e-01
9.715330994913456975e-01
9.473938148363538758e-01
9.241216420211791904e-01
9.021264899688316019e-01
8.807490594197878719e-01
8.613281625211951509e-01
8.444107224882422269e-01
8.304544638183988248e-01
8.196369641252202465e-01
8.117551593515210939e-01
8.065423183097796267e-01
8.038149002914253272e-01
8.035024880826115989e-01
8.056500175311374079e-01
8.104265915705101131e-01
8.181280920497340237e-01
8.292154369591560048e-01
8.442265367274367494e-01
8.631040122248131441e-01
8.853801714432182335e-01
9.106514647766080772e-01
9.384140601869307430e-01
9.584770898009445927e-01
9.616665913415347600e-01
9.524684089650738983e-01
9.112842061116839254e-01
8.704907051021680831e-01
8.329325619589906804e-01
8.009918291973590065e-01
7.760302295944188078e-01
7.591976240681657107e-01
7.481560728050542508e-01
7.405677555360040687e-01
7.349540911829892664e-01
7.307903834223478112e-01
7.280391077206118666e-01
7.266789737495129575e-01
7.266533278642218763e-01
7.279154887463868961e-01
7.304654397852123893e-01
7.343597958384170399e-01
7.396856209423505746e-01
7.464959511263790093e-01
7.547092140693248963e-01
7.648723834113145825e-01
7.788949325878581353e-01
8.000979998478034982e-01
8.320985615989301420e-01
8.733739319345311669e-01
9.213849199846633198e-01
9.650054552566363908e-01
9.704713546352241593e-01
9.383598712817685650e-01
8.981764549469068992e-01
8.604387044973296206e-01
8.275885665107771683e-01
8.010976371389582074e-01
7.819774865316716506e-01
7.699912035351916817e-01
7.616757729685845746e-01
7.551785367567702689e-01
7.500608531568165871e-01
7.463935404868066170e-01
7.443035235850464781e-01
7.438541773206570618e-01
7.450827404613249438e-01
7.480093798847978759e-01
7.525678936099289285e-01
7.586555305481238465e-01
7.664428030791454738e-01
7.776116519935382110e-01
7.968013327775581578e-01
8.279342724583732549e-01
8.704183934537286227e-01
9.190254364225053374e-01
9.381950267318107661e-01
9.443078804438481688e-01
8.892297349689378683e-01
8.244442035340352470e-01
7.743211315005650297e-01
7.447161061703727603e-01
7.270109276650662533e-01
7.135473533604338447e-01
7.039892901048698803e-01
6.976522924792269986e-01
6.934810509733019268e-01
6.910261514315954035e-01
6.900205325121843147e-01
6.902307584315318101e-01
6.914866780872157559e-01
6.936875762190898298e-01
6.967988438674463936e-01
7.008516926588649332e-01
7.059444511344621365e-01
7.122414575910426260e-01
7.199884676130164918e-01
7.297348443797149198e-01
7.428410201335672314e-01
7.608469908605623999e-01
7.831233313610774793e-01
8.209976569272371405e-01
8.875384256829332852e-01
9.373138826288767156e-01
9.461349226858756234e-01
8.876535469209286822e-01
8.251710415024848810e-01
7.820824088186263401e-01
7.622053541074290672e-01
7.454224347958275931e-01
7.298902302597988223e-01
7.176540917671451192e-01
7.076912409441934448e-01
6.995841486141440857e-01
6.932599604566482832e-01
6.886963564144092942e-01
6.858973361363491783e-01
6.848990690949382509e-01
6.857675826116207407e-01
6.885899263915264967e-01
6.934611958496640360e-01
7.004842466964863457e-01
7.098301129758836092e-01
7.220231855301821877e-01
7.382139632735809087e-01
7.577027359813058860e-01
7.825037156107215175e-01
8.367181533636245394e-01
8.990675752877173021e-01
9.089595276429470738e-01
8.599021086099783995e-01
7.690581134157841170e-01
7.246561950204711833e-01
6.986053596415864320e-01
6.821398201017612184e-01
6.715466689235127795e-01
6.652342512600403213e-01
6.619621062886169582e-01
6.608583141165568220e-01
6.612469696101530570e-01
6.626220242400013838e-01
6.607247846420012394e-01
6.572916987952067691e-01
6.558953320174286672e-01
6.566493620308814227e-01
6.596860850742831683e-01
6.651362991201701380e-01
6.731167880078415822e-01
6.837326199193736187e-01
6.971407023623087396e-01
7.136559040292709266e-01
7.340162221591213232e-01
7.565349600204964720e-01
7.911299652180117103e-01
8.366213465418311790e-01
8.916281814648930881e-01
9.055169504252236212e-01
8.163578416256533909e-01
7.579131573429397362e-01
7.320364175806597373e-01
7.137985897079803799e-01
6.931099849174471306e-01
6.756291987473972416e-01
6.606029578457288665e-01
6.477091706539727101e-01
6.367763348952704128e-01
6.277027149624599955e-01
6.204984054110592728e-01
6.152986653200523959e-01
6.123168477047340463e-01
6.117998929412648002e-01
6.139943130917554504e-01
6.191422158121078212e-01
6.274833083944921786e-01
6.392643683583641989e-01
6.547856724502280068e-01
6.744388005533872299e-01
6.984075251236743220e-01
7.286996104936084295e-01
7.673297845019556584e-01
8.376737413898104334e-01
8.525008924556156664e-01
8.221008457655195611e-01
7.231421942304798733e-01
6.790988294200588360e-01
6.649057372029746338e-01
6.543700272334829204e-01
6.465073642974260570e-01
6.409074440472617429e-01
6.371145533364493962e-01
6.347903990606098557e-01
6.336960419929014154e-01
6.335003445541815825e-01
6.340128939454476864e-01
6.236588720898144089e-01
6.158053057722605583e-01
6.023891551095119645e-01
5.959957861028722936e-01
5.906169818596846977e-01
5.814144981098975373e-01
5.775682270069470992e-01
5.724368626292010154e-01
5.705035446022427292e-01
5.697564154807288617e-01
5.716584270286155789e-01
5.775570416009246921e-01
5.868817531787721142e-01
6.009808406585978036e-01
6.197751403681907023e-01
6.443611072661092898e-01
6.741612501053418915e-01
7.094725419359191321e-01
7.533810092456607599e-01
8.115200980835548528e-01
8.248652315889256625e-01
8.436770390656067597e-01
7.976564509425941862e-01
7.551077575394316010e-01
7.106147084647815859e-01
6.970936568414799472e-01
6.879150571159614591e-01
6.769654212490439082e-01
6.633055094572896104e-01
6.502588949389952466e-01
6.381708464067976649e-01
6.268384996902709450e-01
6.210393432577195894e-01
6.110526152016044765e-01
6.028916828095503000e-01
5.957668733808996198e-01
5.881575361477937580e-01
5.809462804165698158e-01
5.737949159686441813e-01
5.604479075182051684e-01
5.511708590071605629e-01
5.431322324137475288e-01
5.350169595181593074e-01
5.261947459347442457e-01
5.147301257303215083e-01
5.097702076951037276e-01
5.050201389919871664e-01
5.039896142631434817e-01
5.063296271760699963e-01
5.133469641678160000e-01
5.267868562597095572e-01
5.442271161043682470e-01
5.669480575767554820e-01
5.934406531547029573e-01
6.263553933731939027e-01
6.671428067753640834e-01
7.204411480530036327e-01
7.901913102983799675e-01
7.985405101619245105e-01
8.040193704333308267e-01
7.747797835942017430e-01
7.174059384142045248e-01
6.808059764143392645e-01
6.549338481802248202e-01
6.361564114259934399e-01
6.226956260375233754e-01
6.133008047107081362e-01
6.098611265301931983e-01
6.072641218119475548e-01
6.053239051573204854e-01
6.039257324430943319e-01
6.031233446432184842e-01
6.026938911970457502e-01
6.026613860564495884e-01
6.027415180409119166e-01
6.030005138983740576e-01
5.958154522494435446e-01
5.886806536492538156e-01
5.816906753732341562e-01
5.749961832034155007e-01
5.685382770533602415e-01
5.623718534142058134e-01
5.564591742100487570e-01
5.508420723343382397e-01
5.454313819082214909e-01
5.402509510323911801e-01
5.305269921164860181e-01
5.232196279602411293e-01
5.162960173798675223e-01
5.028872010936902281e-01
4.942448567549135308e-01
4.799374090355232880e-01
4.736678842514644994e-01
4.691954955916873282e-01
4.643548961376122164e-01
4.630546227043251806e-01
4.669777043702215136e-01
4.766120463901921678e-01
4.914708882081650909e-01
5.114712140180037725e-01
5.361876153115066046e-01
5.657514466937320075e-01
6.026356428135537513e-01
6.513851594814672463e-01
7.143306318690003653e-01
7.782682931236336588e-01
7.857674610363812873e-01
7.950941562894279224e-01
7.494732682554827718e-01
7.144375646355741738e-01
6.892903209947598420e-01
6.798336112656645502e-01
6.718092345333365190e-01
6.649940076269028610e-01
6.593969692004284511e-01
6.547478870761528347e-01
6.499549882640955900e-01
6.408176037078729959e-01
6.321497837417239252e-01
6.231996247956534951e-01
6.139757863031093388e-01
6.034725999961212395e-01
5.932810544650648499e-01
5.834590744373652216e-01
5.741467442962230328e-01
5.653315996014817157e-01
5.571762880332221668e-01
5.495595532565918928e-01
5.425564262359395817e-01
5.361133176893447816e-01
5.301513114513530800e-01
5.222180941119762831e-01
5.138941474901129736e-01
5.055322573337001080e-01
4.971339175278825517e-01
4.886266589122718607e-01
4.800800958091973603e-01
4.715081898995528431e-01
4.629938876202098763e-01
4.545126018314193939e-01
4.462885290096164081e-01
4.382201272296862848e-01
4.305121966858244664e-01
4.163901494012607341e-01
4.040214861765855647e-01
3.934476764115815706e-01
3.851217065498150349e-01
3.786915054029292849e-01
3.743997028898731760e-01
3.714033563565288243e-01
3.749369752250283905e-01
3.791265897815875863e-01
3.928918573750014298e-01
4.143243159567371325e-01
4.433456090588818177e-01
4.796676628310824753e-01
5.215880901421933169e-01
5.667368416443600010e-01
6.165504943501205481e-01
6.805221327590914582e-01
7.650069828493802904e-01
7.686896438976587032e-01
7.731572466822868028e-01
7.771019447458741292e-01
7.394083773089127343e-01
6.874088846464136981e-01
6.675767076696165203e-01
6.512078841625285053e-01
6.370250400329529050e-01
6.249749656305710888e-01
6.146633847775219150e-01
6.058462975703789999e-01
5.983345103580743896e-01
5.919214730889973408e-01
5.864394755882506027e-01
5.815092035018989414e-01
5.771432548851749278e-01
5.732833287491462260e-01
5.700089732162765266e-01
5.672659264529849032e-01
5.651151751825842506e-01
5.634975561718920112e-01
5.618145223624165796e-01
5.524447425503736797e-01
5.434874845077779515e-01
5.349053004034283187e-01
5.267099788967859464e-01
5.189250164060446036e-01
5.114416639913691442e-01
5.042040133431985316e-01
4.970964342388952129e-01
4.899828881248730617e-01
4.828030184813859593e-01
4.755111349930284947e-01
4.680895969409448742e-01
4.606016902700805216e-01
4.530940717651988914e-01
4.456249541728175001e-01
4.382958729047061741e-01
4.311759703648908038e-01
4.243359950694927107e-01
4.178584961647587859e-01
4.062950587664858060e-01
3.964768190660980518e-01
3.887095283235512677e-01
3.829545786032223509e-01
3.791422507863654867e-01
3.770804706360225134e-01
3.766128348252673064e-01
3.802670617960595689e-01
3.890681025235274704e-01
4.031336287657624196e-01
4.228600109931446305e-01
4.490437122162775907e-01
4.817227627648624777e-01
5.200990075229767751e-01
5.632676376162530918e-01
6.164359281564724125e-01
6.906898294290655382e-01
7.392527326911955132e-01
7.604021824551087105e-01
7.633853351810762078e-01
7.670044288681079347e-01
7.709826077061479044e-01
7.740248563295634154e-01
7.257521379939666506e-01
7.072592603895776486e-01
6.799893779892777212e-01
6.588393763833351180e-01
6.502949874597871993e-01
6.431961085837399894e-01
6.363956189914388162e-01
6.304037383289955443e-01
6.206777267343297488e-01
6.069354002227881351e-01
5.932865617806996061e-01
5.801672322077682242e-01
5.676529908901521981e-01
5.558866722791695469e-01
5.450647501863364885e-01
5.349275136701676647e-01
5.256941520125356648e-01
5.171495204485776487e-01
5.092372043042614482e-01
5.019405259542355502e-01
4.937947556373786795e-01
4.830564001777690186e-01
4.722799532982145942e-01
4.612978759976394949e-01
4.501284042080035408e-01
4.389741117693626293e-01
4.173235561046320097e-01
3.947655238042395709e-01
3.745796080389003913e-01
3.645062480002507765e-01
3.476503839125464901e-01
3.401379931830689207e-01
3.331651717860260042e-01
3.226789244748167196e-01
3.137274836553542445e-01
3.092457866400011302e-01
3.058036923505291771e-01
3.058231726001453543e-01
3.101991382239208117e-01
3.205066842886735157e-01
3.270552301259495587e-01
3.437068379695146780e-01
3.656886929517630946e-01
3.952579650708329950e-01
4.345179882497265389e-01
4.830536732027310709e-01
5.373275279265745663e-01
5.946050912089955176e-01
6.644043873866191108e-01
7.117662722026140143e-01
7.545801165517863618e-01
7.581427988992561762e-01
7.619085064744811620e-01
7.658030597239720016e-01
7.234432766547498339e-01
6.958940422410021531e-01
6.736028018253160665e-01
6.545732578310983207e-01
6.382793174743731646e-01
6.245343327109046383e-01
6.123667551425358013e-01
6.019823936643957651e-01
5.927097377387434696e-01
5.844090779341574171e-01
5.767772305288810797e-01
5.698456600617799461e-01
5.635704798157437079e-01
5.579468435313309493e-01
5.530377220855201559e-01
5.487822213306479124e-01
5.452846298930805746e-01
5.424214131330322708e-01
5.402872894559337391e-01
5.361576085617203447e-01
5.263380213714323741e-01
5.169099967181199906e-01
5.078564447166138418e-01
4.991430208642977373e-01
4.907481760091168543e-01
4.825351817222978124e-01
4.743608026267315814e-01
4.660855519135918001e-01
4.576634051507667555e-01
4.490353015950165894e-01
4.402955037853025777e-01
4.314621402923237703e-01
4.226463794241668293e-01
4.139677023249556109e-01
4.055163496627761655e-01
3.974044309085425497e-01
3.897292576875725501e-01
3.825501659391774001e-01
3.759424994977860202e-01
3.699544976904841076e-01
3.646132792508764431e-01
3.561604768587342540e-01
3.502000562068456890e-01
3.469532266133424359e-01
3.459157359026171497e-01
3.469384683502840794e-01
3.495829113916948394e-01
3.584137434779006703e-01
3.706623793741598005e-01
3.862215644244813562e-01
4.058992080699611038e-01
4.311825326276333414e-01
4.636430782906241221e-01
5.034694785434432607e-01
5.491140940875447463e-01
6.036917997225714760e-01
6.804660515022401546e-01
7.319595548704556087e-01
7.550492499543415281e-01
7.577286896574719766e-01
7.610700139822300647e-01
7.648574508267796945e-01
7.663974526765868767e-01
7.399357111770652473e-01
7.191198096656418182e-01
6.871409735680735764e-01
6.733686368217062235e-01
6.628922744790924915e-01
6.528059265413606038e-01
6.441616781156523919e-01
6.361556744556868814e-01
6.287660908299040896e-01
6.221416147128483454e-01
6.092712854404153111e-01
5.948715730707022642e-01
5.807373519059927380e-01
5.675510832971364383e-01
5.549247373156191987e-01
5.432689453561397874e-01
5.324579814323979754e-01
5.224252840866846492e-01
5.131336575174949566e-01
5.045520660711716454e-01
4.964650880489339668e-01
4.924356469789915036e-01
4.888242542299917059e-01
4.779444539302271089e-01
4.712207430581374368e-01
4.601882293103186639e-01
4.485887905678803134e-01
4.388527865510730708e-01
4.302912126719155017e-01
4.121120968277177110e-01
4.024919742937073663e-01
3.848034415254524832e-01
3.758271361982785663e-01
3.670164079437107096e-01
3.588369016707992354e-01
3.509243017108146234e-01
3.431551764210749034e-01
3.358899301249604341e-01
3.293675729662990381e-01
3.228532835904470710e-01
3.169812044396747019e-01
3.073844337955918826e-01
3.025489025541410748e-01
2.959052926661389082e-01
2.901583423823051455e-01
2.867648408269082294e-01
2.874266413418009591e-01
2.904116816793384515e-01
3.024945721307548130e-01
3.176074655971954930e-01
3.211448450172908475e-01
3.277573436040329691e-01
3.421162937409347182e-01
3.647702975845778517e-01
3.937599168520943826e-01
4.264904119934136428e-01
4.733356581807349750e-01
5.280340648236806489e-01
5.869049668042994883e-01
6.573894011512360080e-01
7.054276711257695398e-01
7.525025964462770389e-01
7.558311006879842031e-01
7.592644844319986763e-01
7.629795024265418890e-01
7.533040688027713427e-01
7.200875049068548028e-01
6.930387638651677173e-01
6.706889529783648385e-01
6.362854226808125624e-01
6.220084801619960579e-01
6.101881186227777754e-01
5.996696832390580045e-01
5.901737021280856199e-01
5.816359919001689027e-01
5.736945230490844150e-01
5.665373577348989942e-01
5.598984650213715275e-01
5.540769221845885939e-01
5.488115708362785172e-01
5.443009618110185022e-01
5.404823399497051817e-01
5.373779215894295413e-01
5.349381845873404373e-01
5.316694211236285827e-01
5.217188301405500939e-01
5.121974737950952816e-01
5.029262444904196716e-01
4.940652385296824822e-01
4.854726603857172917e-01
4.769935709217174580e-01
4.685875227618072625e-01
4.600658622145439303e-01
4.513175549964191791e-01
4.424275586608927280e-01
4.333481163356731058e-01
4.241887141374117709e-01
4.150944217707279726e-01
4.060834214831958722e-01
3.973141988908322486e-01
3.888991675706207629e-01
3.808832364204201570e-01
3.733795686817426573e-01
3.665035600604582000e-01
3.549853332305891729e-01
3.460387206458193643e-01
3.403881661511535817e-01
3.373330062354346071e-01
3.371465341827662998e-01
3.429074386999317325e-01
3.543812580098030240e-01
3.693387694000230259e-01
3.867036764878637456e-01
4.068786517943445702e-01
4.313910571884483347e-01
4.623651194668247366e-01
5.005117994141928817e-01
5.450529601670824897e-01
5.985193092890652711e-01
6.740828182786827716e-01
7.252319960112594277e-01
7.545643215099085976e-01
7.571220492355503762e-01
7.602690517150193505e-01
7.638924925989659664e-01
7.676205567401780394e-01
7.405732848878104901e-01
7.194678492145708537e-01
6.872009543830698286e-01
6.732868143336621092e-01
6.628329101904304466e-01
6.526983983080437701e-01
6.440420479601747239e-01
6.360176345811162646e-01
6.286068357614197355e-01
6.219574142152326512e-01
6.091035265618836014e-01
5.947813012796978605e-01
5.807077447698588690e-01
5.675987916778316711e-01
5.550190163038880575e-01
5.434047732466557035e-01
5.326199802106313941e-01
5.225944157836507342e-01
5.133005439358611088e-01
5.047002411004299915e-01
5.003199716314474799e-01
4.964358966203332169e-01
4.891649646380711314e-01
4.834047222483043860e-01
4.779070196045225316e-01
4.671893374256953502e-01
4.603497773984741026e-01
4.548013042569417630e-01
4.434923807850605360e-01
4.367354588311831987e-01
4.309121200613181824e-01
4.190646936845913162e-01
4.064739988276208638e-01
3.943418287830003366e-01
3.876550273907487520e-01
3.764420639773772836e-01
3.538951980783387463e-01
3.424245841124303746e-01
3.244707879550068896e-01
3.075093878323307273e-01
3.018300331805642278e-01
2.957263880834838377e-01
2.910199380492583532e-01
2.861352324716218698e-01
2.823336566855643159e-01
2.820066399803597967e-01
2.842597355857319208e-01
2.968437680973537995e-01
3.133444890931470495e-01
3.209925875565663445e-01
3.359004364589349700e-01
3.584818936352071606e-01
3.850133034877032956e-01
4.188710362970712309e-01
4.285107916930250282e-01
4.497027654440432509e-01
4.989606157279294352e-01
5.541853541971369923e-01
6.152447825527802561e-01
6.523789378018961527e-01
7.525469205474581980e-01
7.557970247913377015e-01
7.589887779285764413e-01
7.626196457905355386e-01
7.606905420117333616e-01
7.256070525099463930e-01
6.971693849743162419e-01
6.739790798889832013e-01
6.544506898716673238e-01
6.379482553619945095e-01
6.236683454189645426e-01
6.114112561059684703e-01
6.007348949034664320e-01
5.911302469959088812e-01
5.825069118269640134e-01
5.745207572909580840e-01
5.672893032607468911e-01
5.606355003231765499e-01
5.547045889510292538e-01
5.494076132541575452e-01
5.448235799720461126e-01
5.409490112756835112e-01
5.377705789507698508e-01
5.352699899784588711e-01
5.327163185185787020e-01
5.228473282887243778e-01
5.132433059772979478e-01
5.040239101531692745e-01
4.951535603877233460e-01
4.865335175690435610e-01
4.781188872353854813e-01
4.697377540969106535e-01
4.612720647942327723e-01
4.526243800645454174e-01
4.437915264715908137e-01
4.347717240684602635e-01
4.256747612632053035e-01
4.165566993564867038e-01
4.075100811250932376e-01
3.986753555744090849e-01
3.901320851630440956e-01
3.819804374686374682e-01
3.743231837842039833e-01
3.672021380678362479e-01
3.607241897900866356e-01
3.549308640010991334e-01
3.498279911464351466e-01
3.454898217651236059e-01
3.391807245795734893e-01
3.357006522543755089e-01
3.350771109581153206e-01
3.403396131425457938e-01
3.519308824254082646e-01
3.677134747692910044e-01
3.861825112067510668e-01
4.074661202411661853e-01
4.327604391303486175e-01
4.637431841750604411e-01
5.011640252584065314e-01
5.445604229813714170e-01
5.965377908095147452e-01
6.697357924186022604e-01
7.193080942667953170e-01
7.545820973978130120e-01
7.571210752069047478e-01
7.601829811508559187e-01
7.636614269848051029e-01
7.678209619632012650e-01
7.451658968859896648e-01
7.230521901957132069e-01
6.895488977958162957e-01
6.752089198612435395e-01
6.644372002459398852e-01
6.540625982014595108e-01
6.452474964712258121e-01
6.371107384307665988e-01
6.296049654684937602e-01
6.228688753824370705e-01
6.112695722802189424e-01
5.968889732603229747e-01
5.827420503561669962e-01
5.695470530151905963e-01
5.568668047955798173e-01
5.451497447242488192e-01
5.342611439056599298e-01
5.241437153819921146e-01
5.147681327601416612e-01
5.061065181515013167e-01
4.979360638170002851e-01
4.903705555061164123e-01
4.805075529674394108e-01
4.689339311106231478e-01
4.628428895185970338e-01
4.571598305974908794e-01
4.459378481454257526e-01
4.331636112554989038e-01
4.219690389713779965e-01
4.092221438534944244e-01
4.027634600490033190e-01
3.913920888319502578e-01
3.788518022423846832e-01
3.675015161489153526e-01
3.561033544597643763e-01
3.359920116575738080e-01
3.175359381572884221e-01
3.099883361129747161e-01
3.030190812356924335e-01
2.969272615346324473e-01
2.921645294357745337e-01
2.860466862298577384e-01
2.823155827022661990e-01
2.800937155867074813e-01
2.814574606694178471e-01
2.852545076054106010e-01
2.989511068569577490e-01
3.171519730661921388e-01
3.388251286994693467e-01
3.631546055584971011e-01
3.926285336670320980e-01
4.289507904718376508e-01
4.739071700113254293e-01
5.256934792082882391e-01
5.822179151567716815e-01
6.134206523525798094e-01
6.498772813408967286e-01
6.948742714289943834e-01
7.524226447876333213e-01
7.556552018905617896e-01
7.589097777299073089e-01
7.624860386338251361e-01
7.314697737543147671e-01
7.016821811838261924e-01
6.779218150651507013e-01
6.576929383029120890e-01
6.406020931252742745e-01
6.260766945297153718e-01
6.134003710160915723e-01
6.025003931939126867e-01
5.926898511635826372e-01
5.839765461912415079e-01
5.758202529867236796e-01
5.685042694931830010e-01
5.617515027349366807e-01
5.557110757361334308e-01
5.503389114388174130e-01
5.456417099328989551e-01
5.417190244810682342e-01
5.384392832080960867e-01
5.359176449949625276e-01
5.338796684602692411e-01
5.246864657598648840e-01
5.150676603480459637e-01
5.058394376087509414e-01
4.969360179270706501e-01
4.883482125631536386e-01
4.799862438119732455e-01
4.716877702052848509e-01
4.633553429827142467e-01
4.548798933886109008e-01
4.462098115731483738e-01
4.373667141069020881e-01
4.284214267962355160e-01
4.194297391848437195e-01
4.105185615419895684e-01
4.017668203405310723e-01
3.932740421029449762e-01
3.851470209225323904e-01
3.774441651966111699e-01
3.702732202653899463e-01
3.636906541260227499e-01
3.577494592731551570e-01
3.524727381530725068e-01
3.479199338530016838e-01
3.411263204840365715e-01
3.370762402269714686e-01
3.358427976090102574e-01
3.400776932731829350e-01
3.509415520146943468e-01
3.660459365266549026e-01
3.841813414389851356e-01
4.054177587325926702e-01
4.309146731879580083e-01
4.621186780972950658e-01
4.997811214501524102e-01
5.431642292711981179e-01
5.947350662314782044e-01
6.666552694145638780e-01
7.151133951490590279e-01
7.544776626746110271e-01
7.569762079077637651e-01
7.600433366815774194e-01
7.635020456924701548e-01
7.653626087714229254e-01
7.676079073277998210e-01
7.504818942648879831e-01
7.271481346720991557e-01
6.926058808027479863e-01
6.778177865382346567e-01
6.665691399687651009e-01
6.560326634690040182e-01
6.469305984938491516e-01
6.387198207207706036e-01
6.310346819314177624e-01
6.242329185361169541e-01
6.142088769134300685e-01
5.998014731833636315e-01
5.854949140260696794e-01
5.721696001332646775e-01
5.593443809693403601e-01
5.474559133464015348e-01
5.364276922590335284e-01
5.261973590560583558e-01
5.166875676088829028e-01
5.079597685039611843e-01
4.997014642989066058e-01
4.920632822187640532e-01
4.830452093601130259e-01
4.767648788140964045e-01
4.651810189040767041e-01
4.548864328425114012e-01
4.447889842477528166e-01
4.364711227510165159e-01
4.275202815547665125e-01
4.180109773652799787e-01
4.092811535618592900e-01
3.998951160846662134e-01
3.911690226867082787e-01
3.732409604566598316e-01
3.649830605431315655e-01
3.564947018268477263e-01
3.484325915810236318e-01
3.409665902694302697e-01
3.335705182303313476e-01
3.267220143595100934e-01
3.204076954935187738e-01
3.094200990412700469e-01
2.994844646659203247e-01
2.938880401820608279e-01
2.884339891306101911e-01
2.851945756305045432e-01
2.820560704870339053e-01
2.857437866307386276e-01
2.982180287232017446e-01
3.150622650192573815e-01
3.166115293561166943e-01
3.190260977121793795e-01
3.240002858321884283e-01
3.345834100409640355e-01
3.578645434189473007e-01
3.861524782704378600e-01
4.214169661081114682e-01
4.263847633401298687e-01
4.366948929860833273e-01
4.591830688855957909e-01
5.098331818633439205e-01
5.652987636022577256e-01
6.277968928779418256e-01
6.465006045572144755e-01
6.905506487602207644e-01
7.499316555126117612e-01
7.552646752216437553e-01
7.586188568158123147e-01
7.619873707749411640e-01
7.382049712886231685e-01
7.070843670543721649e-01
6.824334341680277083e-01
6.614447452414303763e-01
6.438925839763486314e-01
6.288266944772232803e-01
6.158449123288237681e-01
6.045882206422450444e-01
5.945828967588547842e-01
5.856434028969039751e-01
5.773618636864522591e-01
5.698844839806926910e-01
5.629839955934894391e-01
5.568182529338784326e-01
5.512764497079898351e-01
5.464624558479885819e-01
5.423415060264229481e-01
5.389139183496695074e-01
5.362120254638077510e-01
5.340932727763936239e-01
5.265225454833613039e-01
5.167998666207430647e-01
5.074877487287297040e-01
4.984975648385248093e-01
4.898311087033376809e-01
4.813985961881575015e-01
4.730500122485891135e-01
4.646723391446902496e-01
4.561568606995698993e-01
4.474518523725319330e-01
4.385921902343092316e-01
4.296332246200731952e-01
4.206376672729250088e-01
4.117016578297217899e-01
4.029185348550131107e-01
3.943816025274233805e-01
3.862071294300075674e-01
3.784751403796055569e-01
3.712574737707593497e-01
3.646413382484660071e-01
3.586491505987663420e-01
3.533147526057912602e-01
3.449003153861414650e-01
3.392843343563218816e-01
3.365077114259779623e-01
3.363076055271793097e-01
3.400893811100519915e-01
3.505226520370609000e-01
3.651332506695008084e-01
3.829308786782991691e-01
4.038269879864848089e-01
4.289484738418666288e-01
4.599185668826075157e-01
4.975905288598152509e-01
5.410135904764994397e-01
5.923524476079768952e-01
6.634678309827843901e-01
7.113192887223916960e-01
7.541917333577994320e-01
7.566331475711353116e-01
7.596894890935211864e-01
7.631204658726176149e-01
7.671464216853381979e-01
7.548416826436137317e-01
7.310085371236962892e-01
6.952201300675771023e-01
6.800878883718662893e-01
6.686165271210527949e-01
6.577177131039046998e-01
6.485097900118933500e-01
6.400919339651138795e-01
6.323197798627308019e-01
6.253018421425315942e-01
6.168446875906354876e-01
6.022851505961492879e-01
5.879065810741134213e-01
5.744125411715846896e-01
5.614152696875330806e-01
5.493641893095936313e-01
5.381603462730101262e-01
5.277500579233295186e-01
5.181153779800854453e-01
5.092240302082742254e-01
5.008537231764179642e-01
4.931107053914118854e-01
4.846226555682069392e-01
4.730968403873110351e-01
4.670233995676053573e-01
4.613815084968038160e-01
4.502621366988527885e-01
4.375873214919395737e-01
4.264995741913382155e-01
4.138384839250859315e-01
4.013113345263855103e-01
3.793407229359820887e-01
3.656203372438502908e-01
3.557456374885391570e-01
3.447217111958887359e-01
3.346708303774663107e-01
3.259593248870565341e-01
3.172284826001239288e-01
3.035208258106225632e-01
2.989048901790679058e-01
2.922390343274069990e-01
2.886861594642717854e-01
2.851012271224046546e-01
2.822738518509359529e-01
2.830968070836769046e-01
2.863089648268323795e-01
2.987336113406916516e-01
3.157455808200883007e-01
3.360124228464790863e-01
3.595574104926552161e-01
3.880976999232594316e-01
4.241080681674405106e-01
4.686334564462297791e-01
5.207980867957963111e-01
5.771537956517195367e-01
6.429472585843789556e-01
7.426612819260952625e-01
7.550019497372734145e-01
7.585193882681223743e-01
7.617737543445365356e-01
7.443051194991601172e-01
7.117279993316937281e-01
6.652649024675439948e-01
6.465685374934069252e-01
6.311855401664681064e-01
6.180456964522708097e-01
6.061981145096093648e-01
5.963655168627199910e-01
5.869931988544447865e-01
5.789067128433462717e-01
5.710631233877800916e-01
5.642817682972454119e-01
5.578839393459527063e-01
5.522862108648489698e-01
5.473878227684657594e-01
5.431141977255335984e-01
5.397046811364775154e-01
5.367443341887245811e-01
5.346922574770859304e-01
5.284938363838029840e-01
5.187361517301788405e-01
5.093093793560049543e-01
5.002804683973893773e-01
4.915310651891337534e-01
4.830537884640738189e-01
4.747429944443372629e-01
4.663589392830514990e-01
4.579178777954368007e-01
4.492480206231992956e-01
4.404032142873758882e-01
4.314480020356044609e-01
4.224170316817937865e-01
4.134170402515121023e-01
4.045775224328229669e-01
3.959744209141896065e-01
3.877112570950485559e-01
3.799159387569343571e-01
3.725869093785975639e-01
3.658595930650429540e-01
3.597410631479636134e-01
3.543268845677284840e-01
3.457761537716192435e-01
3.400236822300714556e-01
3.369781753011595327e-01
3.364799237918312258e-01
3.397696445683364708e-01
3.500461812910934389e-01
3.647467115523720382e-01
3.825640235271574041e-01
4.034396295631557661e-01
4.284859850820728067e-01
4.590272145834249917e-01
4.961147311065591814e-01
5.390033661689436206e-01
5.895050152048916248e-01
6.589177817965612416e-01
7.056322975650621832e-01
7.539426577469497959e-01
7.563342524375381570e-01
7.593409482266831878e-01
7.627046731522976186e-01
7.666332390621500847e-01
7.608738425122963944e-01
7.159678557391675469e-01
6.976177462901634874e-01
6.835216651550282130e-01
6.708541454068170928e-01
6.598441687330499628e-01
6.505259184310385745e-01
6.417079479180356483e-01
6.340332995841770902e-01
6.265986302059303181e-01
6.198722952787079077e-01
6.051434558132924302e-01
5.909218018091609848e-01
5.770232051118191485e-01
5.639466475056984507e-01
5.516591851062977447e-01
5.402600391042556849e-01
5.296417421836464579e-01
5.199276609841815278e-01
5.108164497868483700e-01
5.024171619476508477e-01
4.945570336057483751e-01
4.905737626048317646e-01
4.862917032453709654e-01
4.756578377420014880e-01
4.689322165796777631e-01
4.579358093904262184e-01
4.408274524340353717e-01
4.222813295299704395e-01
4.132977557100396271e-01
3.953096899023506028e-01
3.860478953836782301e-01
3.686613418637979533e-01
3.605054136071401683e-01
3.518604856026248395e-01
3.443223769844065418e-01
3.369458692229123642e-01
3.296650780609341469e-01
3.231245417823990218e-01
3.171428760873087893e-01
3.064568002430163585e-01
3.014531771223436518e-01
2.941425123632985250e-01
2.895067552989617488e-01
2.843036096990639860e-01
2.816907293127726697e-01
2.854944082824271145e-01
2.977906108574419619e-01
3.145164761109985885e-01
3.352520659472656983e-01
3.584775320563581280e-01
3.872826086880374330e-01
4.223330604813640421e-01
4.668996839019112222e-01
5.181974764310282033e-01
5.746806061655607145e-01
6.392568422352398194e-01
6.815789170771853200e-01
7.372019241280093338e-01
7.547013737235387376e-01
7.582989803278040730e-01
7.613894856124957533e-01
7.509178524816682021e-01
7.171742514214372033e-01
6.907397229846505837e-01
6.684877877561256065e-01
6.497859694305631040e-01
6.340441408110842891e-01
6.202850156774691870e-01
6.085935797656331081e-01
5.981212456523612442e-01
5.889785176439172876e-01
5.804090383497433336e-01
5.727413133623320274e-01
5.656475116116586044e-01
5.592382909495251520e-01
5.535210385509611308e-01
5.484093358334807267e-01
5.440968358578068820e-01
5.403662347162925261e-01
5.374608013924595529e-01
5.350556845856613286e-01
5.308148693319334477e-01
5.210022335102815205e-01
5.115654369283985092e-01
5.024652974196732735e-01
4.936853727855044505e-01
4.852207264584099677e-01
4.768746833513197170e-01
4.685794455849142670e-01
4.601772934370648716e-01
4.515965593379411280e-01
4.428366382387552425e-01
4.339373516016217791e-01
4.249476959000746401e-01
4.159694141496710906e-01
4.071034906644358520e-01
3.984271116700763837e-01
3.900912754863043452e-01
3.821387728207699674e-01
3.746887930056313487e-01
3.677931472339283081e-01
3.615302337235977714e-01
3.559250288954632357e-01
3.469962755185565517e-01
3.408126881783235529e-01
3.374673411252994693e-01
3.367232985279453583e-01
3.398375169827401177e-01
3.497064396052179114e-01
3.640505107281201136e-01
3.816835598675261676e-01
4.023047875967931675e-01
4.269279542839483632e-01
4.570827461963702376e-01
4.938834738108341393e-01
5.365103164903413102e-01
5.864789013883819901e-01
6.545753471315105543e-01
7.003825168886681496e-01
7.537876933254203937e-01
7.561584156942132706e-01
7.591352545457277223e-01
7.624541634270922685e-01
7.662926986369007487e-01
7.667674633085277414e-01
7.405823692050377272e-01
7.018755072706600595e-01
6.857932616599069497e-01
6.735219774179547203e-01
6.620177721848145014e-01
6.523399650048917753e-01
6.436236446490922747e-01
6.355879714200212138e-01
6.282989518675201612e-01
6.215905202185001421e-01
6.084323561679946257e-01
5.938545028438177997e-01
5.800699389185778321e-01
5.667404499450927613e-01
5.543250921339725190e-01
5.427620341913091950e-01
5.320145935551842120e-01
5.220766597842037005e-01
5.129159344204943238e-01
5.043159659685224616e-01
4.963717402984134663e-01
4.888983925308963974e-01
4.778890619221656255e-01
4.718399390095958101e-01
4.662389415899196865e-01
4.552291085421102945e-01
4.426692312416428132e-01
4.317079295514835158e-01
4.191426025738436145e-01
4.066772120800642987e-01
3.954831177054924929e-01
3.885614829763937017e-01
3.774796850538986170e-01
3.555190467942877519e-01
3.442408886104436627e-01
3.264028162503853636e-01
3.099678957817032510e-01
3.046221787958723337e-01
2.994158840834020285e-01
2.913137049911568299e-01
2.833635838941099272e-01
2.827953660614664910e-01
2.897234074062723930e-01
3.034207286347918586e-01
3.144467474920926708e-01
3.344297842211969018e-01
3.576892839753805231e-01
3.855217859858561802e-01
4.205386774162394592e-01
4.639927094070926406e-01
5.153458283358266501e-01
5.710753083959465570e-01
6.351572650658601216e-01
7.286338779962427958e-01
7.543758370955330195e-01
7.580536340213430702e-01
7.610641761822866114e-01
7.605774032763481518e-01
6.973561461473224421e-01
6.735982845273901232e-01
6.543932925158149061e-01
6.377192867859378111e-01
6.235298835225822067e-01
6.112828919046887632e-01
6.006200318914319825e-01
5.911104892853625836e-01
5.824575449711838493e-01
5.746101984705034305e-01
5.673339634541952892e-01
5.608128516549694131e-01
5.548904197912765124e-01
5.496874305939860594e-01
5.451473769081973675e-01
5.413527816748445742e-01
5.382355030785405114e-01
5.357715898545228894e-01
5.332325529890041826e-01
5.233636295648173009e-01
5.138181938491833689e-01
5.046120031439491616e-01
4.958039038776002050e-01
4.872428385864920330e-01
4.788687257771860328e-01
4.705718099044722824e-01
4.621746126001313737e-01
4.536232832216759436e-01
4.448968731791633213e-01
4.359779926148533158e-01
4.269599602837279573e-01
4.179485984354440742e-01
4.089967925999819509e-01
4.002671114644011929e-01
3.918419937775921014e-01
3.837704646618623761e-01
3.762043579456896270e-01
3.691610524479015387e-01
3.627290056903344495e-01
3.569789126306578964e-01
3.477249843823259634e-01
3.412850067921790465e-01
3.376606151810577217e-01
3.365535480367111698e-01
3.392156949897328078e-01
3.488690555633399137e-01
3.631907116246829714e-01
3.806676475046173458e-01
4.012454178605465160e-01
4.258014331741983294e-01
4.557271432754103069e-01
4.921123830235257790e-01
5.343028657500336065e-01
5.835359192144876639e-01
6.500741424923695000e-01
6.947756414150796367e-01
7.504135269712215450e-01
7.558544105684422698e-01
7.587890661363806410e-01
7.620293395877045795e-01
7.657714941814856013e-01
7.681354238225227560e-01
7.464003922641208044e-01
7.059063344373801563e-01
6.892510987172508763e-01
6.764672947136869396e-01
6.645725772653253705e-01
6.545668274228985117e-01
6.456316631572707188e-01
6.374192353396191946e-01
6.299633790027032720e-01
6.230772136776476788e-01
6.119275091286602297e-01
5.972445673990844917e-01
5.832948776134833091e-01
5.697768605876777359e-01
5.571431468445180446e-01
5.453573416790064021e-01
5.344012221988599931e-01
5.242772654278922140e-01
5.149525039468243470e-01
5.062150712530126828e-01
5.018884429196077690e-01
4.944182481519825978e-01
4.861021981500859290e-01
4.799441441212126125e-01
4.695824919237590600e-01
4.573372139320284191e-01
4.459430824253766135e-01
4.340456335556956979e-01
4.275392125606984339e-01
4.161706304199704887e-01
4.036633645102905565e-01
3.918577352819428983e-01
3.799280054145096064e-01
3.683932916077213293e-01
3.475368907979353716e-01
3.277443483302153182e-01
3.196578543397549099e-01
3.116548698996144950e-01
3.050965402825622785e-01
2.991804762082732605e-01
2.920863664050201702e-01
2.837585706156345311e-01
2.822906926459420873e-01
2.873906969457684091e-01
2.999075553766947233e-01
3.128568674903819957e-01
3.326449285741247541e-01
3.558225342432903560e-01
3.833632169367206521e-01
4.181657093442031625e-01
4.613048104717861198e-01
5.123958772057357614e-01
5.680702274073391456e-01
6.312576086823207255e-01
6.712304077804990277e-01
7.539977287858492527e-01
7.577126034873136184e-01
7.606516740360026452e-01
7.646213759996928205e-01
7.314571627679252730e-01
7.024320381841968608e-01
6.781021565005026508e-01
6.580363941685717366e-01
6.409062233089353189e-01
6.263488721932070069e-01
6.136377271435039527e-01
6.027022631693883525e-01
5.929986509754771040e-01
5.841619329899494506e-01
5.761504517523120539e-01
5.687587385042398580e-01
5.620907892838881148e-01
5.560118148886454836e-01
5.506602561519865491e-01
5.459701923342119567e-01
5.420158264936959513e-01
5.387334437129498443e-01
5.361510223421526167e-01
5.341612181300448015e-01
5.253986956464701263e-01
5.158159131419103316e-01
5.065461657214458402e-01
4.976417366739988579e-01
4.890616775846507447e-01
4.806550375410674203e-01
4.723673534530123952e-01
4.640112524850531495e-01
4.555009100894014673e-01
4.468125651804679133e-01
4.379584608761602493e-01
4.289618245863984769e-01
4.199403415086641056e-01
4.109700277129375023e-01
4.021655739425438747e-01
3.936631032003997666e-01
3.855053946771106466e-01
3.778083795927507649e-01
3.706473069104110341e-01
3.640590677722072566e-01
3.581503987610041295e-01
3.529383820104016189e-01
3.484316385256701620e-01
3.417755491124237488e-01
3.377745905299365248e-01
3.365337249567836864e-01
3.388310779010605955e-01
3.480222645688842431e-01
3.620587774944139525e-01
3.794207612553818776e-01
3.997332825838055825e-01
4.239604550356921853e-01
4.536153023198488676e-01
4.896566876609336760e-01
5.316526289375074210e-01
5.804157178386930571e-01
6.456356195151631283e-01
6.894000612315887011e-01
7.435492398647994827e-01
7.555290192460809573e-01
7.584354852810236691e-01
7.616342012855507049e-01
7.652863331505201927e-01
7.675419910582976790e-01
7.518587869600429352e-01
7.282277035305759760e-01
7.088623266575109216e-01
6.927286730986480512e-01
6.787839128494440599e-01
6.669795449796245279e-01
6.565374482027116487e-01
6.474638950562106032e-01
6.390479717328091391e-01
6.314608290115373279e-01
6.244560243612242711e-01
6.149572955018218767e-01
6.003067763909005761e-01
5.861048722797268518e-01
5.725094887576394065e-01
5.596971325644857220e-01
5.476873877106287480e-01
5.365779541307398315e-01
5.262797287831407766e-01
5.167563524101550509e-01
5.079306737411742878e-01
5.035152009783256943e-01
4.995405855574490128e-01
4.921283210106882633e-01
4.878362699089172638e-01
4.824294916248968446e-01
4.717361324942993539e-01
4.650298477844753697e-01
4.543818240189642643e-01
4.477605017394147846e-01
4.418555435722054114e-01
4.308198361869522430e-01
4.235219346991892508e-01
4.126806383623591312e-01
3.999480209962379962e-01
3.935718175783693984e-01
3.826243262382039712e-01
3.704136144254864815e-01
3.496940377947179157e-01
3.296166255396259515e-01
3.135586882471810277e-01
3.072791323397364716e-01
3.017988980092038975e-01
2.933711556616509508e-01
2.836931272763796308e-01
2.827706394475930640e-01
2.842715862876693533e-01
2.942425941283152158e-01
3.095877267731674820e-01
3.120005519948312878e-01
3.165357424259362396e-01
3.265330482874696516e-01
3.484158140922584690e-01
3.742699688751875420e-01
4.063989358727146950e-01
4.156176340359564736e-01
4.358435803390547369e-01
4.829720263681935855e-01
5.367357936394152595e-01
5.947075031564210690e-01
6.278704223175066712e-01
6.671874674152369344e-01
7.535516500784281702e-01
7.571454473955733233e-01
7.601867835275046836e-01
7.641108135415274338e-01
7.384408837415973315e-01
7.080954322194816797e-01
6.827272010329716867e-01
6.619542387940976491e-01
6.442311582561861538e-01
6.291608517892229857e-01
6.160997836037948039e-01
6.048049454594973673e-01
5.948686944425131129e-01
5.858063006077249835e-01
5.776462386723351106e-01
5.700659700345535041e-01
5.632377411121385347e-01
5.569939068931289983e-01
5.514609806903814082e-01
5.466033389974419565e-01
5.424656769991468286e-01
5.390510898526503780e-01
5.363157717935544966e-01
5.342219090897234457e-01
5.270140333186794646e-01
5.173405379487755473e-01
5.079783891111033789e-01
4.989875579580776432e-01
4.903159072846606237e-01
4.818556655327634886e-01
4.735379038181753986e-01
4.651874055336758795e-01
4.566884724806691831e-01
4.480041448708180774e-01
4.391404688008211932e-01
4.301263075493028665e-01
4.210861302451558985e-01
4.120686522006147823e-01
4.032038098586550601e-01
3.945992500321617857e-01
3.863297249081906748e-01
3.785132491685550549e-01
3.712213819894962796e-01
3.645096873057743214e-01
3.584497368312614674e-01
3.530846989029146066e-01
3.446601867996110791e-01
3.391483319225587767e-01
3.364515319450517850e-01
3.362984393854127063e-01
3.382288610411052776e-01
3.471136808838299892e-01
3.607565876329757448e-01
3.778326334193626290e-01
3.978535943672181774e-01
4.218912260075016185e-01
4.512862528402914464e-01
4.872686367237385463e-01
5.292786305282430881e-01
5.779300797031532433e-01
6.424202472201413494e-01
6.856545012400174777e-01
7.389567822533600339e-01
7.552400953708856557e-01
7.580510187008030476e-01
7.613100457535784127e-01
7.648869117893595249e-01
7.670459576394987877e-01
7.557537895026671393e-01
7.314096760237597250e-01
7.115305386050241321e-01
6.950055117846796193e-01
6.807538171997681298e-01
6.686981716687767641e-01
6.580408601846474692e-01
6.488118650433977175e-01
6.402777576960059225e-01
6.325780953299285914e-01
6.254526179703633337e-01
6.173433031541393223e-01
6.026746402282927573e-01
5.884119207564662002e-01
5.747156303288203372e-01
5.617710005912828208e-01
5.496102507817897109e-01
5.383442187549841718e-01
5.278964652404140034e-01
5.182292986354031239e-01
5.092680923381794900e-01
5.047897514737692548e-01
5.007562297638886717e-01
4.932393353415414627e-01
4.891268316122199811e-01
4.841713086397437804e-01
4.734668287748547977e-01
4.667441971269657430e-01
4.560976693640815260e-01
4.494585766450552300e-01
4.435439572630353600e-01
4.325074038098112306e-01
4.251749465719070198e-01
4.143239403011458322e-01
4.015379623352284266e-01
3.951246634317786000e-01
3.841223131941290947e-01
3.718095379509177567e-01
3.608540344912940512e-01
3.404340733646004646e-01
3.218309163787619331e-01
3.071444469524904908e-01
2.996029877792554807e-01
2.933020141967370154e-01
2.887637737243585190e-01
2.851421908784185222e-01
2.831701829838026430e-01
2.827894348835905403e-01
2.852010624187596433e-01
2.962438680059661378e-01
3.110437180966473814e-01
3.308697107075588839e-01
3.532355046403152787e-01
3.802200187780377383e-01
4.137216153815307385e-01
4.561437143430899788e-01
5.065826028360904676e-01
5.622044527994287666e-01
6.243292956646092629e-01
6.629173573637369143e-01
7.122103687047398601e-01
7.532810060381384121e-01
7.568270498312198447e-01
7.598737661586902892e-01
7.636983165838614473e-01
7.128360451146988908e-01
6.864741079890925857e-01
6.652672497663632001e-01
6.469914801791298853e-01
6.314849768247937645e-01
6.182081531946636010e-01
6.066138395437552511e-01
5.964656446341569662e-01
5.873053260413212406e-01
5.789965519425871454e-01
5.713106332772177609e-01
5.643909292292678126e-01
5.580545288752941646e-01
5.524393724383535043e-01
5.474749263933319510e-01
5.432178901047552966e-01
5.396851336005031863e-01
5.368144889647316065e-01
5.346300005840561864e-01
5.286777372327765567e-01
5.189246369560638339e-01
5.095069877217678345e-01
5.005050232066792226e-01
4.917829227447468865e-01
4.833376063891915431e-01
4.750436106626292898e-01
4.667219522560429601e-01
4.582972421756630887e-01
4.496979286827861300e-01
4.408803675975332959e-01
4.319548506133482069e-01
4.229565128869700041e-01
4.139865675148580171e-01
4.051700338511619592e-01
3.965716572143098695e-01
3.883001586702383712e-01
3.804539688315904944e-01
3.731003836942508034e-01
3.663175523382591892e-01
3.601880781372764351e-01
3.547215353398610604e-01
3.460793114345207533e-01
3.402533802497763604e-01
3.372307613971813334e-01
3.368373116850094107e-01
3.386865856067458047e-01
3.476259508912204477e-01
3.611293894822336648e-01
3.779389458123114665e-01
3.976326802559088658e-01
4.212718160092221997e-01
4.501743699093012085e-01
4.856967793974434344e-01
5.272832345149641720e-01
