0.000000000000000000e+00
-4.151440279056085585e-10
-1.719610940649636913e-09
-3.986547080760294241e-09
-8.204379163930265274e-09
-1.579059489555053311e-08
-2.730569472350683858e-08
-4.379815415823936229e-08
-6.697823468852220029e-08
-9.744544053038011368e-08
-1.351627317093799101e-07
-1.811180309121472789e-07
-2.369754862450324493e-07
-3.041885102050159812e-07
-3.835643523394195874e-07
-4.758633396843915733e-07
-5.836000569179647595e-07
-7.101953521546320791e-07
-8.575268634099907131e-07
-1.028032575593891273e-06
-1.226530174112480901e-06
-1.456456253072984349e-06
-1.720070099795314715e-06
-2.022396884679614374e-06
-2.368049381827829344e-06
-2.759181813836823845e-06
-3.200452653229532995e-06
-3.697548892722638612e-06
-4.253251817197583590e-06
-4.871664144068745869e-06
-5.558399957461282032e-06
-6.316216999683649736e-06
-7.148370539602854520e-06
-8.060485176165240630e-06
-9.056028449545625969e-06
-1.013722963535798338e-05
-1.130825275691851146e-05
-1.257292888749427910e-05
-1.393388581622811859e-05
-1.539478422670990311e-05
-1.695941757601205922e-05
-1.863048483624800555e-05
-2.041138941743936359e-05
-2.230571208491292359e-05
-2.431550243325131827e-05
-2.644308930480939449e-05
-2.869119980335055144e-05
-3.106089472736756426e-05
-3.355315883822385304e-05
-3.616979905849225096e-05
-3.891097610856375375e-05
-4.177575475406820297e-05
-4.476413007595426698e-05
-4.787538664275746127e-05
-5.110734908279407411e-05
-5.445831194542971213e-05
-5.792616545330906054e-05
-6.150716776547168665e-05
-6.519800359461795202e-05
-6.899573851248492963e-05
-7.289586943795484445e-05
-7.689375752754776727e-05
-8.098571779335087830e-05
-8.516710194300314480e-05
-8.943247661943470883e-05
-9.377712055757273435e-05
-9.819582075884619970e-05
-1.026824188829017980e-04
-1.072312311793109413e-04
-1.118364843805232583e-04
-1.164916542098720458e-04
-1.211904578728360918e-04
-1.259265036399248225e-04
-1.306927678755368254e-04
-1.354826688535387452e-04
-1.402898272201228433e-04
-1.451071384260259095e-04
-1.499277063076607987e-04
-1.547451561316061212e-04
-1.595528041050882394e-04
-1.643442509310427875e-04
-1.691138341696447954e-04
-1.738558905358731201e-04
-1.785651659018091045e-04
-1.832374538871149529e-04
-1.878687352639491696e-04
-1.924550561126908146e-04
-1.969934391962512965e-04
-2.014814342823210329e-04
-2.059165958420088418e-04
-2.102973253656453378e-04
-2.146228339088142138e-04
-2.188923690624250342e-04
-2.231057780860536219e-04
-2.272638359244008349e-04
-2.313674710551370177e-04
-2.354179458047435782e-04
-2.394172408190207188e-04
-2.433673432200631859e-04
-2.472702357900625602e-04
-2.511284365743955433e-04
-2.549444246195785974e-04
-2.587203544729701717e-04
-2.624586434672742828e-04
-2.661615995163892794e-04
-2.698308275098662231e-04
-2.734676160239560240e-04
-2.770726756969432280e-04
-2.806453286513727659e-04
-2.841837940320532971e-04
-2.876852770423653206e-04
-2.911451554958741843e-04
-2.945570599782104193e-04
-2.979132481691927343e-04
-3.012040041238259669e-04
-3.044175957999867353e-04
-3.075408554955347913e-04
-3.105587919108438702e-04
-3.134543427212519427e-04
-3.162091248422555867e-04
-3.188035513297907846e-04
-3.212165685157651542e-04
-3.234263836169847255e-04
-3.254110671879254218e-04
-3.271484843389662104e-04
-3.286168168250819103e-04
-3.297951744730917589e-04
-3.306634156002002251e-04
-3.312022076508644441e-04
-3.313933330109598754e-04
-3.312191896931456327e-04
-3.306622124237671746e-04
-3.297047133925110258e-04
-3.283280847269411389e-04
-3.265116075321834472e-04
-3.242317803706953297e-04
-3.214614846818007071e-04
-3.181687954439045042e-04
-3.143163624070267285e-04
-3.098610858602873384e-04
-3.047537615031665147e-04
-2.989394884677158389e-04
-2.923586314441112407e-04
-2.849476559050280662e-04
-2.766404544142113723e-04
-2.673702404591846377e-04
-2.570710598796966252e-04
-2.456791009437888675e-04
-2.331342495506252485e-04
-2.193812807161112913e-04
-2.043706699181731506e-04
-1.880595259241695536e-04
-1.704122231960655191e-04
-1.514006324692646174e-04
-1.310045378337589418e-04
-1.092119193042010502e-04
-8.601871727271385504e-05
-6.142866708583785804e-05
-3.545326830002037841e-05
-8.111467726149890312e-06
2.057055667738425767e-05
5.055926439103405141e-05
8.181359590929164949e-05
1.142845753778010739e-04
1.479145405517260682e-04
1.826365036038158393e-04
2.183736241566728838e-04
2.550385789414450432e-04
2.925333169260728818e-04
3.307493616761166010e-04
3.695682580708781672e-04
4.088622793267065298e-04
4.484955375497477509e-04
4.883251313121326738e-04
5.282023639706272602e-04
5.679742523833594984e-04
6.074850266781241757e-04
6.465776353860389894e-04
6.850956543944610767e-04
7.228853803955031165e-04
7.597978266659531285e-04
7.956908605013210704e-04
8.304313551581370221e-04
8.638969513781913530e-04
8.959775172753619253e-04
9.265763330974597983e-04
9.556107648324806267e-04
9.830126377611294024e-04
1.008728581246473880e-03
1.032720222457718905e-03
1.054964354152321867e-03
1.075453339186582770e-03
1.094195556454489971e-03
1.111215722812658934e-03
1.126555188828459167e-03
1.140272039246058126e-03
1.152440802065689057e-03
1.163151896213951647e-03
1.172510842534046091e-03
1.180637182227676748e-03
1.187663307074360991e-03
1.193732175491474083e-03
1.198995955787040017e-03
1.203617004114251833e-03
1.207765762008065555e-03
1.211617332904110864e-03
1.215351181110547064e-03
1.219149105422081755e-03
1.223190695683025160e-03
1.227650977501543519e-03
1.232697294070140247e-03
1.238483715558775285e-03
1.245149298369103161e-03
1.252820063784457942e-03
1.261608303970550337e-03
1.271607965357355804e-03
1.282890275753251251e-03
1.295502408044790256e-03
1.309467164853030238e-03
1.324781886434812841e-03
1.341418814406143689e-03
1.359325645241343198e-03
1.378424141598875476e-03
1.398612441420426069e-03
1.419768797857092315e-03
1.441747246561089421e-03
1.464374380094071509e-03
1.487454736103542736e-03
1.510770506589295724e-03
1.534078404149669377e-03
1.557115864292525327e-03
1.579603376374897348e-03
1.601244008031825353e-03
1.621735832164721263e-03
1.640781775079742585e-03
1.658090578779255076e-03
1.673387168790056940e-03
1.686421632547826198e-03
1.696966669054737883e-03
1.704823818407729015e-03
1.709834287904569029e-03
1.711876695080818619e-03
1.710868491876926063e-03
1.706777547448361416e-03
1.699622517498482459e-03
1.689468928025656064e-03
1.676434941927096084e-03
1.660688980144609797e-03
1.642438990727999176e-03
1.621932257489378968e-03
1.599452908627826747e-03
1.575307598821229548e-03
1.549819435850117956e-03
1.523329105350715697e-03
1.496187268697187498e-03
1.468749676827009031e-03
1.441381726517599595e-03
1.414454999553823927e-03
1.388338569407299551e-03
1.363399057918982058e-03
1.339997556559265795e-03
1.318478592123832486e-03
1.299166145543040113e-03
1.282362117241755582e-03
1.268337762272166635e-03
1.257330081924668518e-03
1.249543664433066820e-03
1.245144730984933936e-03
1.244255338185100467e-03
1.246954995890557508e-03
1.253276800400792085e-03
1.263199720663260410e-03
1.276647631472653359e-03
1.293486530539572068e-03
1.313518723804523542e-03
1.336486193542563931e-03
1.362077097910681031e-03
1.389928097052431106e-03
1.419632310205791491e-03
1.450750855458658338e-03
1.482818439476932823e-03
1.515350374260917340e-03
1.547853133932650853e-03
1.579828818132112756e-03
1.610778685050733147e-03
1.640212873651550459e-03
1.667657847738900035e-03
1.692660651221210332e-03
1.714797993575047867e-03
1.733685523369596360e-03
1.748983030009055748e-03
1.760401594416295462e-03
1.767710126136074486e-03
1.770735428286277380e-03
1.769361854639997988e-03
1.763533076749330920e-03
1.753250469001133320e-03
1.738571459547668752e-03
1.719611920314991762e-03
1.696547318054031318e-03
1.669612491657049714e-03
1.639103904097166317e-03
1.605380029025840543e-03
1.568857506190217020e-03
1.530007173871281850e-03
1.489348773864389601e-03
1.447442161010995942e-03
1.404878779305350099e-03
1.362273484250807855e-03
1.320254153255430137e-03
1.279452618991647151e-03
1.240498181495574247e-03
1.204009294263007433e-03
1.170584129397990057e-03
1.140792188209880254e-03
1.115163892479519286e-03
1.094178556245389280e-03
1.078254281242893402e-03
1.067738303967254946e-03
1.062897550485101443e-03
1.063913127089022130e-03
1.070877755732992055e-03
1.083793821549824911e-03
1.102574269096609624e-03
1.127045779738508700e-03
1.156950994991164886e-03
1.191951421350296355e-03
1.231632042459326502e-03
1.275504793144721779e-03
1.323011958953248862e-03
1.373532097534367310e-03
1.426386934162047170e-03
1.480849404514923955e-03
1.536154865980292111e-03
1.591513237441544854e-03
1.646120404048902457e-03
1.699170619924664184e-03
1.749868528493276612e-03
1.797438833391286697e-03
1.841135891271876435e-03
1.880253608565992003e-03
1.914133916890498142e-03
1.942175922792973956e-03
1.963846856264284298e-03
1.978692250393103598e-03
1.986345647359686294e-03
1.986538937149102610e-03
1.979110742613313795e-03
1.964012015013586951e-03
1.941310166027194074e-03
1.911190127360845722e-03
1.873951750341429183e-03
1.830006246121034050e-03
1.779871770055184692e-03
1.724166906329884907e-03
1.663603702276814219e-03
1.598980592163090977e-03
1.531173228629041302e-03
1.461123620593520085e-03
1.389828287154763796e-03
1.318323908769470634e-03
1.247670811779446384e-03
1.178936194444152189e-03
1.113176884766102622e-03
1.051421787839873501e-03
9.946558262762027289e-04
9.438053776608777571e-04
8.997245635014653993e-04
8.631833847776967982e-04
8.348574695024798013e-04
8.153178453680875711e-04
8.050210442631240389e-04
8.043002668323886301e-04
8.133570699957029309e-04
8.322542134030864796e-04
8.609109801679572108e-04
8.991007495074202199e-04
9.464509627851982933e-04
1.002446411731702704e-03
1.066435125869187811e-03
1.137635867377881664e-03
1.215147604048491320e-03
1.297960554038739061e-03
1.384967910868803529e-03
1.474978803376416660e-03
1.566732804489124990e-03
1.658915443847213062e-03
1.750175303600146623e-03
1.839143312454438522e-03
1.924453459358481172e-03
2.004764457460412892e-03
2.078782149927592849e-03
2.145281383567851710e-03
2.203126445319861845e-03
2.251290069913890191e-03
2.288870445494274423e-03
2.315105789341336245e-03
2.329387082586151930e-03
2.331269147082884897e-03
2.320479762156456727e-03
2.296927051175488149e-03
2.260705049979712649e-03
2.212096721453550314e-03
2.151574153598500953e-03
2.079795837444918267e-03
1.997600487458228279e-03
1.905997349690521968e-03
1.806153510542347776e-03
1.699378496709350603e-03
1.587106653794918831e-03
1.470878150149797659e-03
1.352318920268591722e-03
1.233119485671927773e-03
1.115012865059748955e-03
9.997515549871641930e-04
8.890832862993131806e-04
7.847257243676872577e-04
6.883405293054108750e-04
6.015070466294525093e-04
5.256963045935002460e-04
4.622462571148800380e-04
4.123387738611287100e-04
3.769788219337508596e-04
3.569764324374077196e-04
3.529315744462360890e-04
3.652218228440028331e-04
3.939929573301880687e-04
4.391524199480936058e-04
5.003654430144461023e-04
5.770541807246300529e-04
6.684002790115257811e-04
7.733510500046251448e-04
8.906295864584523169e-04
1.018749065535484808e-03
1.156030983636979325e-03
1.300627020297075815e-03
1.450544203960657183e-03
1.603672632516282837e-03
1.757815028382710056e-03
1.910717750116101106e-03
2.060102774815518890e-03
2.203700192903443496e-03
2.339281085368712012e-03
2.464690530137574314e-03
2.577880344680067749e-03
2.676941324359765999e-03
2.760134536772844514e-03
2.825920876689212539e-03
2.872988195091350123e-03
2.900275397842515777e-03
2.906992833934207449e-03
2.892638597749311747e-03
2.857010674398983378e-03
2.800214819862607580e-03
2.722668201023398151e-03
2.625099020702915606e-03
2.508542156709495964e-03
2.374330681906726848e-03
2.224083221184876367e-03
2.059687013322473916e-03
1.883276482098068198e-03
1.697207383121634950e-03
1.504026758437603190e-03
1.306438967037416550e-03
1.107268338297373632e-03
9.094192502655225677e-04
7.158343571309193918e-04
5.294516665219410568e-04
3.531611899101741773e-04
1.897616881903945514e-04
4.191793193572096828e-05
-8.788100609698650315e-05
-1.973619191666233310e-04
-2.845055876503397403e-04
-3.475821494349537032e-04
-3.851829545056664815e-04
-3.962482250619259422e-04
-3.800898449410701940e-04
-3.364087027676449220e-04
-2.653062851680765819e-04
-1.672903566691973023e-04
-4.327465590202975751e-05
1.054272642640069230e-04
2.771138582382975967e-04
4.697129327352066218e-04
6.808043561023704874e-04
9.076479912448895881e-04
1.147216795053860369e-03
1.396234937911314906e-03
1.651220634641292328e-03
1.908533283748549848e-03
2.164424329104859979e-03
2.415091027759343287e-03
2.656732202475398617e-03
2.885605056697808195e-03
3.098082049778369627e-03
3.290706882836520047e-03
3.460248778133058391e-03
3.603754264661515171e-03
3.718595754395540715e-03
3.802516278737521922e-03
3.853669705009827532e-03
3.870655813936735041e-03
3.852549645198361569e-03
3.798924428037861629e-03
3.709867556548038930e-03
3.585989221833825978e-03
3.428423430049692792e-03
3.238821307067051708e-03
3.019336785918667453e-03
2.772604845518173398e-03
2.501712539352611304e-03
2.210163174712084875e-03
1.901833949472028686e-03
1.580927371390025704e-03
1.251916837993345558e-03
9.194868403942122945e-04
5.884683735936977302e-04
2.637703541659423725e-04
-4.969198430326516528e-05
-3.470705933058488364e-04
-6.236587273376685255e-04
-8.749643264714692097e-04
-1.096781323188084382e-03
-1.285257665497287422e-03
-1.436958956635790447e-03
-1.548926723776387080e-03
-1.618730480297274257e-03
-1.644512874637950924e-03
-1.625027301025600305e-03
-1.559667424589503354e-03
-1.448488140231349265e-03
-1.292217533714667315e-03
-1.092259493612469847e-03
-8.506867476511523803e-04
-5.702242253799672195e-04
-2.542227737887591075e-04
9.337662677529740256e-05
4.680878854943415403e-04
8.649336856453750241e-04
1.278507776191672909e-03
1.703045116754567422e-03
2.132499186121539995e-03
2.560625636675646633e-03
2.981071345565747960e-03
3.387467538308907775e-03
3.773525622681423580e-03
4.133134103056871310e-03
4.460454740890916307e-03
4.750015948846754432e-03
4.996803023684237045e-03
5.196341404645370317e-03
5.344772790598141879e-03
5.438922531982445623e-03
5.476357004028797534e-03
5.455430707675467533e-03
5.375322385449996659e-03
5.236060127515515354e-03
5.038535069340333190e-03
4.784503749967183688e-03
4.476578932443658031e-03
4.118208882536477863e-03
3.713645069817994929e-03
3.267898384800918109e-03
2.786684675689191440e-03
2.276358622209585531e-03
1.743836123097879240e-03
1.196506301647341612e-03
6.421336609038650819e-04
8.875172522441939502e-05
-4.554507016491467545e-04
-9.822490579900517056e-04
-1.483506819265483466e-03
-1.951301356717249393e-03
-2.378049491148634485e-03
-2.756630189993458397e-03
-3.080501967288307424e-03
-3.343812619900915148e-03
-3.541498831485336875e-03
-3.669374518397328522e-03
-3.724206577763247272e-03
-3.703776404222691547e-03
-3.606927198113037050e-03
-3.433596480134264075e-03
-3.184833904083575994e-03
-2.862804811035288884e-03
-2.470779901956942498e-03
-2.013111403535002009e-03
-1.495194902782292102e-03
-9.234176183470062466e-04
-3.050916400847812496e-04
3.516282714192053502e-04
1.037841578473200181e-03
1.744013683790548259e-03
2.460101847406633273e-03
3.175694288795703236e-03
3.880160802817727780e-03
4.562812582441280393e-03
5.213068042287844622e-03
5.820619398712967123e-03
6.375603456198579433e-03
6.868766136287954988e-03
7.291616778384610136e-03
7.636570145542115329e-03
7.897073188630060470e-03
8.067716045074781531e-03
8.144324214282926133e-03
8.124031530923716757e-03
8.005333450869680026e-03
7.788121694544933131e-03
7.473701175087915649e-03
7.064790669720875591e-03
6.565507844633207066e-03
5.981339161289018179e-03
5.319094446758913623e-03
4.586846360109885813e-03
3.793852883183752595e-03
2.950460838598702867e-03
2.067991198548060298e-03
1.158611163801110192e-03
2.351798500932872056e-04
-6.889265105911513603e-04
-1.600004935635735695e-03
-2.484234127550629008e-03
-3.327894266822180747e-03
-4.117592838981475219e-03
-4.840489443337816014e-03
-5.484512809514376953e-03
-6.038571140924334224e-03
-6.492749026944518581e-03
-6.838472972489462176e-03
-7.068651752130307268e-03
-7.177792487848853875e-03
-7.162088788428683066e-03
-7.019483756639720469e-03
-6.749709062060724185e-03
-6.354303541573477418e-03
-5.836612603284498449e-03
-5.201770307866819369e-03
-4.456664645104494067e-03
-3.609887795155546433e-03
-2.671670448892218223e-03
-1.653796832616872929e-03
-5.694969945333602443e-04
5.666860407698776558e-04
1.739052967469363565e-03
2.930947482924375555e-03
4.124984596707485449e-03
5.303306356060993008e-03
6.447861971269516247e-03
7.540699619015323908e-03
8.564303203782435911e-03
9.501913787568641231e-03
1.033782882660702444e-02
1.105768507347698257e-02
1.164871085670998556e-02
1.209994068488805252e-02
1.240238526916596744e-02
1.254915816373448727e-02
1.253556149438531282e-02
1.235913441131014645e-02
1.201967072401518427e-02
1.151921384069698115e-02
1.086203363728024777e-02
1.005459059809562204e-02
9.105492535439463353e-03
8.025447482344731653e-03
6.827207237071193473e-03
5.525492634837685796e-03
4.136888701313039783e-03
2.679705196725880485e-03
1.173804543610817031e-03
-3.596068543737871576e-04
-1.898227794790336787e-03
-3.419014135817356661e-03
-4.898554295767396961e-03
-6.313480297722261561e-03
-7.640895220348544077e-03
-8.858837562191931511e-03
-9.946752972656373523e-03
-1.088587472105891248e-02
-1.165956667469711557e-02
-1.225360870021218254e-02
-1.265641080463307012e-02
-1.285915520703000657e-02
-1.285587358777663322e-02
-1.264346505472951736e-02
-1.222167011996913924e-02
-1.159302415937574389e-02
-1.076280882596422801e-02
-9.739009405518413848e-03
-8.532276479309526193e-03
-7.155888488220178700e-03
-5.625715933180409564e-03
-3.960186920290403867e-03
-2.180231145415941364e-03
-3.091670732994385704e-04
1.627483014782151296e-03
3.602233305112601241e-03
5.585951330757068026e-03
7.548318385311668030e-03
9.458356748612516823e-03
1.128508119100585239e-02
1.299822437788371830e-02
1.456887808355630982e-02
1.597015013763379565e-02
1.717775708480574412e-02
1.817051707133317262e-02
1.893071732081821543e-02
1.944434431342422290e-02
1.970117111807002247e-02
1.969472156163650997e-02
1.942215348308252293e-02
1.888409562770598099e-02
1.808447205427067550e-02
1.703034686504846865e-02
1.573181722881764055e-02
1.420196544266072794e-02
1.245686757280273053e-02
1.051563665560058432e-02
8.400485783492499248e-03
6.136794062412687101e-03
3.753143051703588477e-03
1.281253605198197322e-03
-1.244258021576668443e-03
-3.786232172684942787e-03
-6.305465048008054678e-03
-8.761522970652068157e-03
-1.111353540022109662e-02
-1.332133822012959712e-02
-1.534662726051323409e-02
-1.715386583141820590e-02
-1.871121628025429473e-02
-1.999129268923280009e-02
-2.097167807219773097e-02
-2.163516880231203601e-02
-2.196977992732572493e-02
-2.196853276169183702e-02
-2.162908624257805362e-02
-2.095330157759799083e-02
-1.994683531128696799e-02
-1.861881646898988149e-02
-1.698165696084320830e-02
-1.505101995717420850e-02
-1.284594320101995965e-02
-1.038907934249060604e-02
-7.707000118929180181e-03
-4.830514196213000003e-03
-1.794948477557865851e-03
1.359683293967589189e-03
4.588756374197439786e-03
7.843433210457188484e-03
1.107145761652788760e-02
1.421818095106539004e-02
1.722830268852004743e-02
2.004758038750295221e-02
2.262448895590568262e-02
2.491196754866207771e-02
2.686891308768593611e-02
2.846131044915959155e-02
2.966290407680543390e-02
3.045533697093015177e-02
3.082778357236498276e-02
3.077620026860899277e-02
3.030232846442088360e-02
2.941262130865469893e-02
2.811729427370315837e-02
2.642963295483885880e-02
2.436560790105255989e-02
2.194385048062317059e-02
1.918596558377202999e-02
1.611710031488581760e-02
1.276672587642193810e-02
9.169552679900232553e-03
5.366408254887213361e-03
1.404874055349690943e-03
-2.660499314397049390e-03
-6.768445882319459352e-03
-1.085149812577974535e-02
-1.483771861456665425e-02
-1.865288454506861676e-02
-2.222379477729587507e-02
-2.548086771851245172e-02
-2.836093310264477946e-02
-3.080991237080064199e-02
-3.278462726149835443e-02
-3.425384827695142353e-02
-3.519833265351038354e-02
-3.560994683585280707e-02
-3.548993783928666018e-02
-3.484679226008249864e-02
-3.369407994535190964e-02
-3.204857710938531501e-02
-2.992888752628121776e-02
-2.735477696667095587e-02
-2.434727517730153265e-02
-2.092947039920280486e-02
-1.712778956231727698e-02
-1.297362292968917176e-02
-8.505219127719721578e-03
-3.769678356949978954e-03
1.175482013779639368e-03
6.261773733154207475e-03
1.140972711915275682e-02
1.652941444324354872e-02
2.152271528324690986e-02
2.395167258033054428e-02
2.631138011288022133e-02
2.858818534919413054e-02
3.076980536896537985e-02
3.284457314171467662e-02
3.480145230811886037e-02
3.662989408456152757e-02
3.832072974590969988e-02
3.986541988477185217e-02
4.246455828917942987e-02
4.353678317165742689e-02
4.516024484230866942e-02
4.572926762947700924e-02
4.612976023037421158e-02
4.640800588166104496e-02
4.630921112816095003e-02
4.562122478823257138e-02
4.505078453048299431e-02
4.345532499049131747e-02
4.129143593670120405e-02
3.858731178972224507e-02
3.536861108833843498e-02
3.166001067724626139e-02
2.748548531912838738e-02
2.287126195356385325e-02
1.784606653819521480e-02
1.245250168608304578e-02
6.741828463815140865e-03
7.783901883470928113e-04
-5.364398610449271250e-03
-1.159483879466574087e-02
-1.472317539435947370e-02
-1.783319194279741129e-02
-2.389586906800957380e-02
-2.685211299543356633e-02
-2.972353560953927554e-02
-3.248935007558181182e-02
-3.513419687535589142e-02
-3.764128162779652870e-02
-3.999543706644525382e-02
-4.218094469834572646e-02
-4.321081852846687943e-02
-4.511991026368466356e-02
-4.642511213543033810e-02
-4.761730945890957356e-02
-4.869065094714741110e-02
-4.964605566234838591e-02
-5.048011688969482325e-02
-5.176803913853336714e-02
-5.236956377667825735e-02
-5.276171880500716421e-02
-5.294581559090222322e-02
-5.288844915925082490e-02
-5.215635078816698023e-02
-5.152341475119741332e-02
-4.973026217060529108e-02
-4.728543352050394721e-02
-4.583508713200266232e-02
-4.248330799165975225e-02
-3.856408249327782783e-02
-3.409857655361027418e-02
-2.910810785739153042e-02
-2.361366284964566686e-02
-1.764306239531297435e-02
-1.123627574638811667e-02
-4.456024660946623223e-03
2.623248736905728611e-03
9.908249813217978250e-03
1.360742767838619451e-02
1.731666593648598443e-02
2.101841259403599074e-02
2.469505029503323359e-02
2.832641900512825744e-02
3.189152096494653893e-02
3.536791475637901527e-02
3.873386669765888773e-02
4.037278141449838348e-02
4.197490674830598595e-02
4.353642100429498674e-02
4.505483532063749713e-02
4.652734541384163230e-02
4.795217182193309280e-02
4.932684651639066692e-02
5.064857561134019498e-02
5.191492982077131058e-02
5.312355405859356394e-02
5.427175182201889742e-02
5.535802135804400448e-02
5.638069261713472835e-02
5.733847455116673764e-02
5.823050650382863985e-02
5.905567600980900222e-02
5.981380998347807926e-02
6.050392089096063436e-02
6.112606817695340200e-02
6.215865152547576933e-02
6.276008265576613065e-02
6.321409664631420788e-02
6.367505182154067911e-02
6.368144897660599213e-02
6.298223150642739965e-02
6.231737311933723683e-02
6.145230528378246848e-02
5.979484239315324690e-02
5.696622468159407565e-02
5.348924337702438275e-02
4.940930028134751795e-02
4.475799412338833660e-02
3.955636662232252243e-02
3.381334243249050492e-02
2.754073976925934877e-02
2.075877006847182474e-02
1.351275336703067209e-02
5.867360532007291803e-03
-2.093960573758939844e-03
-1.026483873149277269e-02
-1.852178014680230800e-02
-2.267818040319734968e-02
-2.680717842863238054e-02
-3.087987910697039332e-02
-3.289660232572765020e-02
-3.489082344085209231e-02
-3.685917454507944835e-02
-3.879861550675810927e-02
-4.070514092210508750e-02
-4.257693396805051905e-02
-4.440871092132720604e-02
-4.619661913523198660e-02
-4.793736987253607168e-02
-4.962600570272133332e-02
-5.125989463025012322e-02
-5.283474335317223103e-02
-5.434791980378147341e-02
-5.579565852986247826e-02
-5.717453740189674255e-02
-5.848219691363801959e-02
-5.971566765818895478e-02
-6.087328591569877295e-02
-6.195324177175252217e-02
-6.295443261116645539e-02
-6.387553079846151893e-02
-6.471611036777533132e-02
-6.547557185258373602e-02
-6.615363440649636717e-02
-6.675036582574503385e-02
-6.726651767620642208e-02
-6.770264686504424978e-02
-6.806016505828607621e-02
-6.834025465189218218e-02
-6.854430615269008209e-02
-6.867423603968880741e-02
-6.873148309673487999e-02
-6.863228585377623148e-02
-6.826694669986083097e-02
-6.765414408863186513e-02
-6.680962843325172207e-02
-6.574945112616366327e-02
-6.448807853623420017e-02
-6.140439613975199468e-02
-5.765736421757053365e-02
-5.555774100656769160e-02
-5.090860306552345838e-02
-4.567921643622362138e-02
-3.988353418553852031e-02
-3.352464927121383970e-02
-2.660002641348239646e-02
-1.912531355143095788e-02
-1.114093739429384416e-02
-2.721373383503897063e-03
6.024025094101549162e-03
1.049812757649968599e-02
1.501098318340900531e-02
1.954335159943058203e-02
2.407608709713867159e-02
2.859085728469672530e-02
3.084061317627935853e-02
3.307785396459594213e-02
3.529917529668567117e-02
3.750235767924654795e-02
3.968340869981967778e-02
4.183925605211981369e-02
4.396628943017316660e-02
4.605953483232790024e-02
4.811578913842558258e-02
5.013067283565240950e-02
5.209967946604665556e-02
5.401787776485290904e-02
5.588061246399513710e-02
5.768346521781073794e-02
5.942179531495898198e-02
6.109126978707835748e-02
6.268762373768557716e-02
6.420691641859044285e-02
6.564583503562892997e-02
6.700128907942386192e-02
6.826985963932168111e-02
6.944878701376953900e-02
7.053595082447119968e-02
7.152995556975133562e-02
7.242964277850830190e-02
7.323471710747214702e-02
7.394522145155495163e-02
7.456178368367864795e-02
7.508559068612150056e-02
7.551773960061325397e-02
7.586001289695666616e-02
7.611418798139829578e-02
7.628225211646418036e-02
7.636639429799643719e-02
7.636903342021233998e-02
7.629307855265153593e-02
7.591269546376885891e-02
7.525340421721585238e-02
7.433793911379493746e-02
7.318714777599430454e-02
7.182262810788951624e-02
7.026403984479316633e-02
6.852541701656787720e-02
6.454511120061054430e-02
5.996627290523450643e-02
5.483840482981183762e-02
4.917771786380497473e-02
4.298104267489813446e-02
3.623239729160715461e-02
2.891448200315659481e-02
2.103067697277538270e-02
1.262005043025764446e-02
3.765668318005929108e-03
-8.054863476399380011e-04
-5.442468833168477571e-03
-1.012162109796182867e-02
-1.482111029585240526e-02
-1.952356684556271968e-02
-2.421223239707821773e-02
-2.887021247247670286e-02
-3.119123841215175677e-02
-3.577062981728555691e-02
-4.026867256399320472e-02
-4.249478069841990807e-02
-4.469130414059380163e-02
-4.685208275722751309e-02
-4.897426871824524935e-02
-5.105202109137626371e-02
-5.308276809525573625e-02
-5.506057181460196487e-02
-5.697925005611684940e-02
-5.883619412281450300e-02
-6.062439751838198665e-02
-6.233962657127976870e-02
-6.397691340399434823e-02
-6.553104527380478050e-02
-6.699873504712904049e-02
-6.837506962505254804e-02
-6.965811479866176881e-02
-7.084488591377798017e-02
-7.193345957757885101e-02
-7.292305413425259619e-02
-7.381263923325798171e-02
-7.460184951100035100e-02
-7.529062553325786833e-02
-7.635689240748688711e-02
-7.704199798378651154e-02
-7.736388635936287950e-02
-7.739604706657601807e-02
-7.720346237482471341e-02
-7.698840898030757940e-02
-7.669758859721602373e-02
-7.589762029035393431e-02
-7.483622654681579278e-02
-7.353896962001603421e-02
-7.202605678453295746e-02
-7.031773115143601094e-02
-6.636865863714391800e-02
-6.181803114290358031e-02
-5.934504918588401345e-02
-5.402185342915429705e-02
-4.819586565170751874e-02
-4.183878893649608383e-02
-3.490834100084343194e-02
-2.737272312100077001e-02
-1.922721705038673776e-02
-1.049993571298995371e-02
-1.287507874487290975e-03
3.470334112300019810e-03
8.291004792089674488e-03
1.315136596127009470e-02
1.802693925658428384e-02
2.289994823133001747e-02
2.775238950035802121e-02
3.017272538220888700e-02
3.258242981260764393e-02
3.497761409117462056e-02
3.735590866991417985e-02
3.971399010219835157e-02
4.204926457003141382e-02
4.435914555582988472e-02
4.663907105381648321e-02
4.888652797371763337e-02
5.109638936815052990e-02
5.326531527187649412e-02
5.538903562334401148e-02
5.746244807896687401e-02
5.948060098468226087e-02
6.143653038532888994e-02
6.332547595007893826e-02
6.514114564719010458e-02
6.687902427036419850e-02
6.853364429513203460e-02
7.010075019368301741e-02
7.157640275550318509e-02
7.295693380055416621e-02
7.423951228918715395e-02
7.542109407751575179e-02
7.650041259281797901e-02
7.747615511887231965e-02
7.834765322845936575e-02
7.911428071483449231e-02
7.977603907345705292e-02
8.033348030141969354e-02
8.078783425034888332e-02
8.114050561268806860e-02
8.139343346826762027e-02
8.154898447025814290e-02
8.160979619194340395e-02
8.157886843552365763e-02
8.145934343798005850e-02
8.125480405335462619e-02
8.096862279910134463e-02
8.060442223536144757e-02
7.965312777882291306e-02
7.843513722609021799e-02
7.697826681585577535e-02
7.530651246123322429e-02
7.344203357633907747e-02
7.140568109703743227e-02
6.688939801400080321e-02
6.186250274815702221e-02
5.636612986529323382e-02
5.040196547457519854e-02
4.394489869407253169e-02
3.694833201326472999e-02
2.936680494896687713e-02
2.118064464778167399e-02
1.241526272430182147e-02
3.163580741040952597e-03
-1.620031434758752945e-03
-6.470502262439390036e-03
-1.135787756437130203e-02
-1.625572129176156011e-02
-2.114250299154852783e-02
-2.599735196394603945e-02
-2.841572260026495669e-02
-3.081972205075908869e-02
-3.555270859069618178e-02
-3.790030618820509206e-02
-4.022675004920694963e-02
-4.252457107522086138e-02
-4.479364653063234308e-02
-4.702877428182787589e-02
-4.922764089126029780e-02
-5.138796290731049293e-02
-5.350179484936819913e-02
-5.556799965351482545e-02
-5.757956655197862122e-02
-5.953190299171606109e-02
-6.142048653806124470e-02
-6.323904569908915529e-02
-6.498380029756868626e-02
-6.664811637937555211e-02
-6.822818516788219101e-02
-6.971912254096609973e-02
-7.111667696230616897e-02
-7.178135356091841501e-02
-7.242170515780274598e-02
-7.362214986273664385e-02
-7.418525090834705848e-02
-7.523362079668725888e-02
-7.617464225146082513e-02
-7.681382913393783318e-02
-7.739451845568634525e-02
-7.836847064312914279e-02
-7.877263170184396757e-02
-7.940078184027613006e-02
-7.963143599673658257e-02
-7.980771779572241875e-02
-7.992740621675133161e-02
-7.999303460245475728e-02
-8.000717582101420089e-02
-7.996813772711931778e-02
-7.987920714613067075e-02
-7.974172087788289343e-02
-7.955566812990411130e-02
-7.904468691328871144e-02
-7.872492439856769442e-02
-7.796154107950786782e-02
-7.688023910962703267e-02
-7.561224265324818783e-02
-7.257689832229076432e-02
-7.058302870135528539e-02
-6.612128905406623736e-02
-6.113077318363108192e-02
-6.014339129331890133e-02
-5.812223123434132749e-02
-5.389774790156976608e-02
-4.787104780701691847e-02
-4.135774904722318984e-02
-3.521403582975557445e-02
-2.762893183612642398e-02
-1.940809651857431511e-02
-1.056232445323120051e-02
-1.179355061670601555e-03
3.682198457219805661e-03
8.614419201911282728e-03
1.358668484921978122e-02
1.857236843134759188e-02
2.354919991818251249e-02
2.603367368882132313e-02
2.850704793375898397e-02
3.096656622666783820e-02
3.341087712227205908e-02
3.822710448721230309e-02
4.061030670318089425e-02
4.296899585148994394e-02
4.529824341591532494e-02
4.759727385130940736e-02
4.986108835806765671e-02
5.208645134976151031e-02
5.427080690406187180e-02
5.640740131792244122e-02
5.849248974248727473e-02
6.052012568873757492e-02
6.248572176784185361e-02
6.438422088145787092e-02
6.621061482383021335e-02
6.795981623799822458e-02
6.962662028063006103e-02
7.120623168435918915e-02
7.269436777215305956e-02
7.408713560223718908e-02
7.538099520118828056e-02
7.657407953840524029e-02
7.766411183937611817e-02
7.864942791487081197e-02
7.952915729893754448e-02
8.030317726011070023e-02
8.097107497910933926e-02
8.153319556710188210e-02
8.199007127895928393e-02
8.234311088629306385e-02
8.259471460012286770e-02
8.274728635883246697e-02
8.280335548206212148e-02
8.276590475000387970e-02
8.263749785876793597e-02
8.242134951078824989e-02
8.173306271524490019e-02
8.073669884663095542e-02
7.946318699059673474e-02
7.794093471330622303e-02
7.619583403104479569e-02
7.213207865018272935e-02
6.745022917213892855e-02
6.227272710444338444e-02
5.666752433074535855e-02
5.064853896239723818e-02
4.418106830780693661e-02
3.720349791177186838e-02
2.965645268215122768e-02
2.150333133937483085e-02
1.274923668884322438e-02
3.468125652476257339e-03
-1.349204080169709528e-03
-6.243429937421010600e-03
-1.118080780774938741e-02
-1.613140608079013244e-02
-2.107026640692665626e-02
-2.597277411303566472e-02
-2.841296254144586031e-02
-3.083679812749753196e-02
-3.560116472408682287e-02
-3.796159003192297460e-02
-4.029823433392388382e-02
-4.260344115554343808e-02
-4.487721859828038701e-02
-4.711425008961257765e-02
-4.931252636020343194e-02
-5.147003424960362727e-02
-5.357902370841803597e-02
-5.563919526484095018e-02
-5.764403583873014408e-02
-5.958954243978340642e-02
-6.147166153246619302e-02
-6.328443037486325418e-02
-6.502449407138571891e-02
-6.668542397954067835e-02
-6.826396369747719794e-02
-6.975554856055618536e-02
-7.046944384687334195e-02
-7.116034486939111503e-02
-7.246568179498320827e-02
-7.308351212858336943e-02
-7.367787622989697971e-02
-7.478587504550365805e-02
-7.530264338152047043e-02
-7.579684397402169926e-02
-7.670045802684090364e-02
-7.711424241054767870e-02
-7.750558461641630925e-02
-7.820285739931831515e-02
-7.879778612129076376e-02
-7.929192725220576832e-02
-7.950004132896816567e-02
-7.984143907793941897e-02
-8.021653677637753665e-02
-8.026642778216637464e-02
-8.008961877931794482e-02
-7.956499334154328029e-02
-7.918424464384536676e-02
-7.872577871625180412e-02
-7.819504064973988033e-02
-7.726992983154998273e-02
-7.620063358951961741e-02
-7.367072025715577788e-02
-7.172599634695801807e-02
-6.732053455405373477e-02
-6.234913200379006010e-02
-6.036337241176559926e-02
-5.621126267383153019e-02
-5.031385196608811894e-02
-4.397630041100325515e-02
-3.714887916614061092e-02
-3.536023057700790617e-02
-3.167460600209252158e-02
-2.384522016014104309e-02
-1.538956083352836443e-02
-6.333464349243718601e-03
-1.596604945136025598e-03
8.130988799867150396e-03
1.310434309605014100e-02
1.810403388985363723e-02
2.310722777326682312e-02
2.560677309040025607e-02
2.809607470507293273e-02
3.057304149502608134e-02
3.303468003923740182e-02
3.547822704238830921e-02
3.790156344519037684e-02
4.030242838555309071e-02
4.267632481428367680e-02
4.502165467197317278e-02
4.733556317532428004e-02
4.961261860129170115e-02
5.185025665575997145e-02
5.404396221166156422e-02
5.619002476643440019e-02
5.828340322096958043e-02
6.031893200547024797e-02
6.229200066818808834e-02
6.419616860748383891e-02
6.602753496457777760e-02
6.778084574107341720e-02
6.945183163946037908e-02
7.103662757025643038e-02
7.253151925141868017e-02
7.393295403029143120e-02
7.523706962887177774e-02
7.644176342909191069e-02
7.754447012166032493e-02
7.854351329890592315e-02
7.943840188259369828e-02
8.022835112357844245e-02
8.091348948659270179e-02
8.149364851829168921e-02
8.196970946190167140e-02
8.234358046753337268e-02
8.261689941676139681e-02
8.279171346265146170e-02
8.286951758786792466e-02
8.285317682808343576e-02
8.274570699179992217e-02
8.255045506199491789e-02
8.227033506482858694e-02
8.190865378378564543e-02
8.146918841304920389e-02
8.095502997875050899e-02
7.971249466000658590e-02
7.821062608812118233e-02
7.647887444569381743e-02
7.243019429098059014e-02
6.774274542362064555e-02
6.253665364732566290e-02
5.689324679195469775e-02
5.084080001716841102e-02
4.435326728650485634e-02
3.738009388623109858e-02
2.986559379046793000e-02
2.176707738011995213e-02
1.308312520661574635e-02
3.875314918006970717e-03
-9.089833427546727693e-04
-5.779279822778308172e-03
-1.070424703083248420e-02
-1.565324575488974065e-02
-2.059921985843332290e-02
-2.551694409115586037e-02
-2.796736186208175282e-02
-3.040245161375953326e-02
-3.519003494963669071e-02
-3.756196954774387864e-02
-3.991001526794044074e-02
-4.222653224741288597e-02
-4.451175410376035507e-02
-4.676017750613498114e-02
-4.896955348006483411e-02
-5.113751361637251108e-02
-5.325618336057077323e-02
-5.532514922808572794e-02
-5.733814824392965970e-02
-5.929151818743290392e-02
-6.118152518802538742e-02
-6.300247944927052368e-02
-6.475119619094971135e-02
-6.642117519417825577e-02
-6.800884122896770634e-02
-6.950943004288329119e-02
-7.091887741196452322e-02
-7.223436961141943558e-02
-7.345361840914113594e-02
-7.457447139259962277e-02
-7.509905712125532207e-02
-7.559890807883017094e-02
-7.651791330915652667e-02
-7.733540744834045688e-02
-7.805057706533652384e-02
-7.866239212824156779e-02
-7.893170894932687032e-02
-7.939181650748969310e-02
-7.974950295777519238e-02
-8.001082935918800432e-02
-8.017452816479830879e-02
-8.021546512499704018e-02
-7.990357351865429170e-02
-7.962334227586043145e-02
-7.926387480387415974e-02
-7.882487783632724510e-02
-7.831421931355009303e-02
-7.741757048330771829e-02
-7.637802564232885894e-02
-7.520406187475002502e-02
-7.248399488498025178e-02
-7.042776807069299483e-02
-6.582503461641084352e-02
-6.067755570031083817e-02
-5.506996353678158401e-02
-4.903763046347393850e-02
-4.255901081754007165e-02
-3.558636153504918243e-02
-2.806842921311327593e-02
-1.996008134059908123e-02
-1.124546069398866047e-02
-6.664805112388526645e-03
-1.951805611792032866e-03
2.869620962732254837e-03
7.771523197771183777e-03
1.272664217311222749e-02
1.770973568057613440e-02
2.269555948858769170e-02
2.765963740560637915e-02
3.013370649341391705e-02
3.259468982702302259e-02
3.503871083086353144e-02
3.746398977092888632e-02
3.986634496814527723e-02
4.224412807549834947e-02
4.459428209859605391e-02
4.691265343688624107e-02
4.919639460624183891e-02
5.144077793506007107e-02
5.364229036551390606e-02
5.579618664130558958e-02
5.789827682227879913e-02
5.994302203931766576e-02
6.192531131285486379e-02
6.384018135692716422e-02
6.568214702285189721e-02
6.744621313885654224e-02
6.912746562262682415e-02
7.072256030387605308e-02
7.222754866875484570e-02
7.363888798232583188e-02
7.495321865462320488e-02
7.616755092584293063e-02
7.728022616980655124e-02
7.828971319021263420e-02
7.919531205160011689e-02
7.999649116733742460e-02
8.069371900457496249e-02
8.128728919091372795e-02
8.177798038664940705e-02
8.216690556868520845e-02
8.245545337900067606e-02
8.264573963098845177e-02
8.274000417106922023e-02
8.274125003928689548e-02
8.265219671553268588e-02
8.247586653633871834e-02
8.221546173126147161e-02
8.187448916558871803e-02
8.145604158946385953e-02
8.096307639601997563e-02
7.976248705845279119e-02
7.830186758555736370e-02
7.660844404681382835e-02
7.262258859243536646e-02
6.798439342446938038e-02
6.282070432210244693e-02
5.720856654778865708e-02
5.117217806209106712e-02
4.469356922469393256e-02
3.772838625927681794e-02
3.022275656768861826e-02
2.213629884155973726e-02
1.347132735407245360e-02
4.294260915424064941e-03
-4.692295953535178307e-04
-5.317538184748906403e-03
-1.022197285039906818e-02
-1.515404233745659864e-02
-2.008899316890220416e-02
-2.255793810390659820e-02
-2.501819724257369620e-02
-2.746564760360195590e-02
-2.989851034027933563e-02
-3.468846703965125511e-02
-3.706356623533361982e-02
-3.941632687935599927e-02
-4.173816333727845690e-02
-4.403012951695964294e-02
-4.628700211394072561e-02
-4.850507458575484265e-02
-5.068300403651924274e-02
-5.281225542036935283e-02
-5.489227879280197953e-02
-5.691688032612006454e-02
-5.888208500752169922e-02
-6.078442389295343057e-02
-6.261739582612881050e-02
-6.437838448663102398e-02
-6.606065373945850527e-02
-6.766071375190627069e-02
-6.917416048443376930e-02
-7.059725664366496567e-02
-7.192728126141278988e-02
-7.316159514856875046e-02
-7.374421700345401565e-02
-7.483343500312267249e-02
-7.581860175992399808e-02
-7.649146556499897276e-02
-7.710838730360422555e-02
-7.766596719400628568e-02
-7.816636108127175686e-02
-7.860958553688073003e-02
-7.899284762705627294e-02
-7.932155810738733548e-02
-7.980561463839294656e-02
-7.996736833214818096e-02
-8.007764189016471079e-02
-8.013374295831005023e-02
-8.013871798067050134e-02
-8.009262604162906141e-02
-7.999597767562484363e-02
-7.985067211199127490e-02
-7.941662610406580169e-02
-7.880650912170208966e-02
-7.817311061619076906e-02
-7.743369844121381074e-02
-7.659350793839253546e-02
-7.463205366588317180e-02
-7.081602341706128012e-02
-6.631219950057555546e-02
-6.124732582284588694e-02
-6.091477580832939387e-02
-6.024323957932466861e-02
-5.887952980964894500e-02
-5.607221069637967348e-02
-5.013141620993015468e-02
-4.374003359582451927e-02
-3.685437700907682329e-02
-3.595792802119548992e-02
-3.413684392155456881e-02
-3.038647749831237949e-02
-2.243807896242199645e-02
-1.388680168236519803e-02
-4.762998506765632120e-03
-2.396129298982357849e-03
2.413200735339893904e-03
7.306498298056617394e-03
1.225455724893433074e-02
1.723017502066764850e-02
2.220971547957977313e-02
2.717220254713397648e-02
2.964800486567772606e-02
3.211072459199096341e-02
3.455663603144266266e-02
3.698373337372145436e-02
3.938898553993828988e-02
4.176954352909298396e-02
4.412315463855008557e-02
4.644644958407791874e-02
4.873630188222498327e-02
5.098955526985520653e-02
5.320123520769660247e-02
5.536727598837966335e-02
5.748262992355396978e-02
5.954224638319036145e-02
6.154077442687975324e-02
6.347244584554605218e-02
6.533308082337986600e-02
6.711741084865370521e-02
6.882073587530135317e-02
7.043796251545730858e-02
7.196427219411034859e-02
7.339639125750052617e-02
7.473142820948988629e-02
7.596745923339703888e-02
7.710209891575152408e-02
7.813380727234671419e-02
7.906159636309786909e-02
7.988459394770969224e-02
8.060261273503181723e-02
8.121528389294341288e-02
8.172345209911202613e-02
8.212881844713294799e-02
8.243329847696272139e-02
8.263922850560949385e-02
8.274836875351779253e-02
8.276335367212708793e-02
8.268684312858796959e-02
8.252216805715296977e-02
8.227252147387609238e-02
8.194154640615630703e-02
8.153281759783087557e-02
8.049223489152722288e-02
7.918014477054181877e-02
7.762231852534277887e-02
7.584296103885705687e-02
7.281061430520505140e-02
6.820538772415908613e-02
6.307358963908167582e-02
5.748745022697757806e-02
5.147449798450980801e-02
4.501741987842775017e-02
3.806865875809219840e-02
3.057619888022500634e-02
2.250197026476674286e-02
1.384486552715128403e-02
4.668626641373313339e-03
-9.561585398373569479e-05
-4.943609949903539358e-03
-9.845601945059616333e-03
-1.477403153416894516e-02
-1.970449389657121658e-02
-2.461288705252621598e-02
-2.706055636233414483e-02
-2.949491973404003847e-02
-3.428921835447228811e-02
-3.666755073222326133e-02
-3.902389455998358375e-02
-4.135068363310520634e-02
-4.364773373915181720e-02
-4.590969567370657700e-02
-4.813457329334248913e-02
-5.032000348787193933e-02
-5.245862606416903939e-02
-5.454962253667050565e-02
-5.658669623832950080e-02
-5.856561194564564171e-02
-6.048230151251370035e-02
-6.233110403068307243e-02
-6.410857261945203389e-02
-6.580846119168182184e-02
-6.742702707293847519e-02
-6.895975437371755501e-02
-7.040250476848022854e-02
-7.175212004843266322e-02
-7.300572768658517009e-02
-7.416067706287939043e-02
-7.470220033472170507e-02
-7.521882923815297051e-02
-7.617087967971890305e-02
-7.702081128024443335e-02
-7.776798543342072767e-02
-7.841154420002351133e-02
-7.895515998275814962e-02
-7.972418174353453069e-02
-7.996805166997066061e-02
-8.011948215839725940e-02
-8.017349625778390221e-02
-8.013754938293407570e-02
-8.001126781858494685e-02
-7.979721212757109883e-02
-7.912538150909138868e-02
-7.879231902951354394e-02
-7.800931089523599482e-02
-7.756010130258618462e-02
-7.655254506160534544e-02
-7.541064896869517642e-02
-7.275122137956342716e-02
-7.073789971009339372e-02
-6.621694801229334459e-02
-6.114921037286549788e-02
-5.561326192529369994e-02
-4.964223611615060927e-02
-4.321449387960768496e-02
-3.628851250119782129e-02
-2.880926474030957862e-02
-2.073466805720061701e-02
-1.205530748643364805e-02
-2.826294969547897724e-03
6.818125604846961979e-03
1.176655584968430354e-02
1.675055585692910784e-02
2.174158651130999112e-02
2.671528200083388843e-02
2.919527520394109982e-02
3.410001817590597312e-02
3.653273595578684918e-02
3.894572683801305474e-02
4.133402035523393858e-02
4.369514271145091139e-02
4.602455248997840837e-02
4.831936268847783489e-02
5.057770897667136778e-02
5.279382860984328796e-02
5.496532911102049862e-02
5.708651442453172020e-02
5.915368487991216201e-02
6.116012848418826003e-02
6.310172719252676865e-02
6.497202784775053808e-02
6.676685819278899148e-02
6.848204194039567150e-02
7.011291753944222382e-02
7.165614821250528010e-02
7.310659287243873039e-02
7.446177664909343907e-02
7.571754391184783162e-02
7.687125668165885328e-02
7.792140233122080151e-02
7.886690420026243320e-02
7.970809268618063437e-02
8.044458521219544078e-02
8.107691844722882124e-02
8.160547596019182559e-02
8.203147265361826479e-02
8.235664134519735113e-02
8.258201089670520745e-02
8.271040503195035976e-02
8.274354929371423306e-02
8.268512225849415642e-02
8.253804334991420022e-02
8.230589719534360527e-02
8.199144808453724675e-02
8.159750585872714568e-02
8.058148155245468958e-02
7.929031106976902610e-02
7.775358459270699518e-02
7.599769313392255865e-02
7.299990372030776276e-02
6.842349330468081026e-02
6.330371631770703722e-02
5.772849187427497863e-02
5.172963984433384677e-02
4.529262166894469643e-02
3.837602306298900506e-02
3.092429514370715130e-02
2.289452733354633771e-02
1.428561345262214718e-02
5.154468345616928029e-03
4.076411756876548902e-04
-4.428212306332145361e-03
-9.321994156082801311e-03
-1.424502248058095132e-02
-1.917337839187328516e-02
-2.408338930021967222e-02
-2.653307158290074685e-02
-3.137283027235373417e-02
-3.377599454352163411e-02
-3.616043227451654074e-02
-3.851956815131762218e-02
-4.085315579895743704e-02
-4.315765488753678381e-02
-4.542892556219879641e-02
-4.766674130058137782e-02
-4.986263795951422634e-02
-5.201566364046703028e-02
-5.412045711327144459e-02
-5.617254718209898495e-02
-5.816834199273846623e-02
-6.010166057210347690e-02
-6.196929442074085997e-02
-6.376446476433524080e-02
-6.548301998840345972e-02
-6.711961899037144352e-02
-6.866980953118670405e-02
-7.013002234209358976e-02
-7.149723651573908212e-02
-7.214726693402073732e-02
-7.277287874226039122e-02
-7.394582135103063003e-02
-7.449588947195449895e-02
-7.552015918329742228e-02
-7.685525483353740361e-02
-7.796238164929795988e-02
-7.843361154224376408e-02
-7.919578743314185931e-02
-7.949597519881661245e-02
-7.992181626015462670e-02
-8.005614692749608852e-02
-8.013732274073361028e-02
-8.016561509159211840e-02
-8.014261204808936778e-02
-8.006926234669320408e-02
-7.994644243447852905e-02
-7.977506035893351666e-02
-7.929252627124860897e-02
-7.898595283340631434e-02
-7.824936375842893310e-02
-7.767283174183071959e-02
-7.632440079633684427e-02
-7.473774654322415389e-02
-7.093444819412354774e-02
-6.644103002304135863e-02
-6.139662649443585613e-02
-5.588293998592016448e-02
-4.992984012131185950e-02
-4.352801758896545498e-02
-3.663096215920080140e-02
-2.918348258246107607e-02
-2.113911464235126991e-02
-1.248994576652973608e-02
-3.286626847565321270e-03
1.501572501561791728e-03
6.380473316751456014e-03
1.132072584619096822e-02
1.629516739589245006e-02
2.127962336356727102e-02
2.624958726622331900e-02
2.872865080995196801e-02
3.119553797989919192e-02
3.364616510362206103e-02
3.607836249705657222e-02
3.848852193240654557e-02
4.087473220187926026e-02
4.323417872583976140e-02
4.556329894803908681e-02
4.786017168673081107e-02
5.012026018854676135e-02
5.234048809770106003e-02
5.451592261711851739e-02
5.664280550013663096e-02
5.871562570130989256e-02
6.072972771972640071e-02
6.268002618610714338e-02
6.456114741425095227e-02
6.636820125529546699e-02
6.809584857806386116e-02
6.974015280764431224e-02
7.129675689039806363e-02
7.276224019052564274e-02
7.413331568760127277e-02
7.540640254605458781e-02
7.657933423280299801e-02
7.764997129057236991e-02
7.861736833199346741e-02
7.948069283119690853e-02
8.023983426871360292e-02
8.089480912284817415e-02
8.144568875595196988e-02
8.189381713734614210e-02
8.224050294642379355e-02
8.248829010348976420e-02
8.263882169407804623e-02
8.269469892735656358e-02
8.265815289809662347e-02
8.253227254187338324e-02
8.231971369396631766e-02
8.202375627458925733e-02
8.164761801600943503e-02
8.066654432241976425e-02
7.940923155773607633e-02
7.790261252199955078e-02
7.617045427172582095e-02
7.319981631314309567e-02
6.865993937424842708e-02
6.357676530518276137e-02
5.803061770487941834e-02
5.205901901980482249e-02
4.565371263250249390e-02
3.876826484673467910e-02
3.134664648117567454e-02
2.334933159504671077e-02
1.477086109904447199e-02
5.661607101280567191e-03
9.242603318936489475e-04
-3.903435302515253971e-03
-8.792061789259080287e-03
-1.371324624136046472e-02
-1.864186075508152129e-02
-2.355471349430975775e-02
-2.600664865883911547e-02
-2.844661315694194809e-02
-3.325663067764735026e-02
-3.564409481033604943e-02
-3.801058283497104479e-02
-4.034906095582921348e-02
-4.265945109626984033e-02
-4.493662325445754724e-02
-4.717855904568489522e-02
-4.938281843284102191e-02
-5.154226217397073206e-02
-5.365574375234864746e-02
-5.571716000173836114e-02
-5.772230620913852694e-02
-5.966695061298585290e-02
-6.154538101065515354e-02
-6.335386639084947258e-02
-6.508626636066718041e-02
-6.673871482254194187e-02
-6.830657823671530682e-02
-6.978551517146690253e-02
-7.117221167015372330e-02
-7.246369920171664980e-02
-7.365717525819408251e-02
-7.421816804564872194e-02
-7.475431654634934198e-02
-7.574549752896735100e-02
-7.663476173779615319e-02
-7.742150706317998954e-02
-7.810469984863634141e-02
-7.868794233799537852e-02
-7.916827327045514173e-02
-7.937071174763052350e-02
-7.970212301858518866e-02
-8.006049037509178901e-02
-8.010551243318619896e-02
-7.992091150969013458e-02
-7.939496980734735143e-02
-7.906818869542242556e-02
-7.868040182909803726e-02
-7.774380171919501037e-02
-7.526950318744400625e-02
-7.354667145726700994e-02
-6.951683941195288541e-02
-6.484446557173975667e-02
-6.165660421263784163e-02
-5.617627888031704458e-02
-5.026167725129657843e-02
-4.389644964253346104e-02
-3.703855890975872589e-02
-2.963133596227216990e-02
-2.163325537768934909e-02
-1.302402461473304088e-02
-3.857385868881574396e-03
5.740504688930477342e-03
1.067211338198593464e-02
1.564616800837479935e-02
2.063195726723682580e-02
2.560565338735020305e-02
3.054348625294553074e-02
3.300027506283807061e-02
3.544031268938911683e-02
3.785894269096774789e-02
4.025593569607052030e-02
4.262577594718996304e-02
4.496673944171628717e-02
4.727563684265977118e-02
4.954745116208780775e-02
5.178047975946518250e-02
5.396930275858653758e-02
5.610983201510682389e-02
5.819663741308001709e-02
6.022520500713022390e-02
6.219122984859613151e-02
6.408952749264611171e-02
6.591555434686847958e-02
6.766430726517720651e-02
6.933110171249236287e-02
7.091156771188752983e-02
7.240135718481109650e-02
7.379661208409020456e-02
7.509388060223333439e-02
7.629126693559175332e-02
7.738685463620026406e-02
7.837904261117309423e-02
7.926720895356689778e-02
8.005090741694026457e-02
8.073047960635200415e-02
8.130674909091994973e-02
8.178009731355591339e-02
8.215177661627064143e-02
8.242310670334519751e-02
8.259606443678699228e-02
8.267336002347012991e-02
8.265779532685148256e-02
8.255265066645484096e-02
8.236077292440663333e-02
8.208526492931091101e-02
8.172873900460174423e-02
8.078222788669081611e-02
7.955299755220274216e-02
7.807233401368572634e-02
7.636725581347691971e-02
7.343452774353423362e-02
6.892795092694876946e-02
6.386639336833406511e-02
5.834219331891373622e-02
5.239050859612831568e-02
4.600361404685087557e-02
3.914329416692138852e-02
3.175553344425759844e-02
2.379671416807179612e-02
1.525851156802847212e-02
6.187413379215631233e-03
1.467012770353143432e-03
-3.346929054641704145e-03
-8.225571384425986801e-03
-1.314044879698802147e-02
-1.806611970137916162e-02
-2.297884265982062107e-02
-2.543133339442485083e-02
-2.787224594951462700e-02
-3.268700336226065123e-02
-3.507801192160715092e-02
-3.744923623870486523e-02
-3.979393521523650473e-02
-4.211180091665804592e-02
-4.439772205930865578e-02
-4.664957476569266820e-02
-4.886477376506099396e-02
-5.103625581958799728e-02
-5.316272973745200109e-02
-5.523834868864387765e-02
-5.725899570226444107e-02
-5.922044618524496817e-02
-6.111700974851252272e-02
-6.294459785326962653e-02
-6.469674571556255360e-02
-6.636925300162387076e-02
-6.795744848659041049e-02
-6.945715119530582182e-02
-7.017487533624493234e-02
-7.153656103785650811e-02
-7.280159891377543935e-02
-7.339972920585469129e-02
-7.451832256962413747e-02
-7.553382080287636413e-02
-7.644930160330910829e-02
-7.725983727147438251e-02
-7.762782041747223749e-02
-7.828548755720327046e-02
-7.883729443926434932e-02
-7.929027280932358923e-02
-7.964275150575392259e-02
-7.989733786891069223e-02
-8.011367631860186189e-02
-7.996714999730326900e-02
-7.976921452286440950e-02
-7.948652029884788195e-02
-7.912463990673611336e-02
-7.868674420583508800e-02
-7.789394822328100931e-02
-7.586580735230002981e-02
-7.422022922546350765e-02
-7.032065535302113590e-02
-6.575409558896917750e-02
-6.197107067400398073e-02
-5.651350547922293077e-02
-5.061897830523666431e-02
-4.427591325008514711e-02
-3.743834225741787120e-02
-3.005636240264719997e-02
-2.208346095659800140e-02
-1.350055323258290280e-02
-4.355310550594357691e-03
4.081468565905563717e-04
1.015197422480566478e-02
1.512108860452180369e-02
2.010879122563583032e-02
2.508890999923528431e-02
2.757452092029745103e-02
3.004757831983765823e-02
3.250665882091718223e-02
3.494876110437955541e-02
3.737081410074238885e-02
3.977157684191695575e-02
4.214735792637352985e-02
4.449396232661526757e-02
4.680885603456238359e-02
4.908909354815322451e-02
5.132979441747262395e-02
5.352726178361128656e-02
5.567705101325905181e-02
5.777458000349032508e-02
5.981535132495464230e-02
6.179454202620121572e-02
6.370735622936446463e-02
6.554793847415189834e-02
6.731208289981893689e-02
6.899500605247867180e-02
7.059209121415860322e-02
7.209950987791956256e-02
7.351379659528509136e-02
7.483190756968505220e-02
7.605069607257052000e-02
7.716831691210682131e-02
7.818282758771828711e-02
7.909330777223103071e-02
7.989974636559331322e-02
8.060168399924376448e-02
8.119993701739687542e-02
8.169501203739788775e-02
8.208827343121320730e-02
8.238138534001379631e-02
8.257615614385208080e-02
8.267494140896342047e-02
8.268011723890286713e-02
8.259470532652885000e-02
8.242191992247770160e-02
8.216476468221205198e-02
8.182594881272733933e-02
8.140879465945681515e-02
8.091684600007235939e-02
7.971954890675073124e-02
7.826493565770888117e-02
7.658033102669027647e-02
7.367568827370223061e-02
6.920795382815977947e-02
6.417696725395399815e-02
5.867310326638146972e-02
5.274316390528258763e-02
4.638059041100627694e-02
3.954465876222536952e-02
3.218415062557544726e-02
2.425299781256189807e-02
1.574003948983469098e-02
6.691654769986089650e-03
1.981481304190742254e-03
-2.824150093337211322e-03
-7.698069235161419076e-03
-1.261204195732658698e-02
-1.754008159169198958e-02
-2.245740298062350732e-02
-2.491303429312248865e-02
-2.735766640768013888e-02
-2.978706550472579040e-02
-3.219974979556528699e-02
-3.459325840137894570e-02
-3.696524375568034648e-02
-3.931375724537231053e-02
-4.163515173438261247e-02
-4.392764790708457434e-02
-4.618703979440106494e-02
-4.840978418198466776e-02
-5.059185856494996525e-02
-5.272862486024392642e-02
-5.481605991762044522e-02
-5.684923042567935347e-02
-5.882401290463774857e-02
-6.073527015578704391e-02
-6.257822551577243986e-02
-6.434766517985408829e-02
-6.603846963883051868e-02
-6.764576781855614895e-02
-6.916534767754264901e-02
-6.989329144435364738e-02
-7.059811476603967961e-02
-7.193148851927537446e-02
-7.256323510083836914e-02
-7.317190233842547908e-02
-7.430886140502356019e-02
-7.484053478252004898e-02
-7.582842331352505905e-02
-7.628351843924309483e-02
-7.671352631153806334e-02
-7.749554303877809192e-02
-7.784652622353127605e-02
-7.847305004535108652e-02
-7.899546044712896231e-02
-7.921930087595611958e-02
-7.959298320039599750e-02
-7.986473975334613951e-02
-8.011742686717035489e-02
-8.000538210654629945e-02
-7.955386243431762650e-02
-7.925491912134992323e-02
-7.889678279260101124e-02
-7.801228358473540070e-02
-7.563185226466102862e-02
-7.395722910455829191e-02
-7.207461525071245934e-02
-6.777935582483385346e-02
-6.289407686567378974e-02
-6.224844041075909551e-02
-6.093318523696496236e-02
-5.821627379415581643e-02
-5.245475043137374366e-02
-4.625454070093042852e-02
-3.957557407293460505e-02
-3.782548133911282223e-02
-3.422123658540283941e-02
-2.657256848443836916e-02
-1.831509834435829029e-02
-9.455589795423597135e-03
-4.813025626051498258e-03
-5.277222601477381362e-05
9.679821149368677061e-03
1.464208778781722273e-02
1.962724986819239931e-02
2.460762760780446992e-02
2.709512268548409583e-02
2.957183601733046757e-02
3.203551127439929758e-02
3.448306529624003969e-02
3.691070512148536542e-02
3.931795230650544232e-02
4.170016863747207092e-02
4.405507020628179199e-02
4.637931102240108738e-02
4.866943844193622609e-02
5.092116261118287412e-02
5.313061870299480571e-02
5.529424683653563072e-02
5.740686151882969795e-02
5.946423387137023814e-02
6.146095530229072484e-02
6.339188033066245342e-02
6.525141108536457180e-02
6.703473880915938876e-02
6.873726126909070200e-02
7.035423413897887168e-02
7.188208175610047435e-02
7.331736964213891872e-02
7.465683302620869377e-02
7.589740607472143796e-02
7.703623286269054016e-02
7.807135852187134517e-02
7.900203310687309299e-02
7.982845262239782191e-02
8.055042428325641379e-02
8.116822623487972288e-02
8.168232854042169200e-02
8.209395025151002001e-02
8.240496350633799705e-02
8.261716889138746855e-02
8.273264516979947358e-02
8.275363940024710319e-02
8.268293239081392354e-02
8.252380206211687441e-02
8.227960109436341374e-02
8.195360285595081062e-02
8.154922839699491055e-02
8.051439131063606314e-02
7.920382665890994545e-02
7.764513834486376498e-02
7.586721044239659595e-02
7.389717136747180060e-02
6.945821238021386568e-02
6.445581882654008443e-02
5.897748226185712400e-02
5.306779625454506599e-02
4.672035388690906621e-02
3.989769932202552605e-02
3.254878455445393143e-02
2.462588847840344042e-02
1.611523001740438471e-02
7.065843616471333653e-03
2.355315225341751088e-03
-2.451871695821361032e-03
-7.328387251439469514e-03
-1.224539409218855165e-02
-1.717678589174451501e-02
-2.209885186179939842e-02
-2.455731987611903949e-02
-2.700479023398923845e-02
-2.943675259636382643e-02
-3.185176359968775600e-02
-3.424731143724420168e-02
-3.662109929724213092e-02
-3.897138015800299948e-02
-4.129465864467936342e-02
-4.358939935967386103e-02
-4.585142763303826779e-02
-4.807731747987808307e-02
-5.026294504457437529e-02
-5.240400023291098830e-02
-5.449675208101177615e-02
-5.653668097169769341e-02
-5.851995848706539882e-02
-6.044153740041448286e-02
-6.229662409634687675e-02
-6.407968041162481754e-02
-6.578555491977532144e-02
-6.740927131258596383e-02
-6.894645674877093733e-02
-6.968353796626200469e-02
-7.039765573064156456e-02
-7.174986287654039341e-02
-7.239117005053986864e-02
-7.300948843546668787e-02
-7.416587332809224109e-02
-7.470736927080408318e-02
-7.571491889884204851e-02
-7.617983909987069424e-02
-7.661959684324580466e-02
-7.742078597033995313e-02
-7.778117471233779445e-02
-7.842612277333990689e-02
-7.896643566462596686e-02
-7.919907585096927494e-02
-7.959009390516841309e-02
-7.987869533833127922e-02
-8.007375938187781539e-02
-8.017035601721816951e-02
-7.991182113525661934e-02
-7.931926091043219051e-02
-7.879111876285294080e-02
-7.815088192461022709e-02
-7.740269937549276724e-02
-7.655635400041566063e-02
-7.561345589172374648e-02
-7.346427622577858529e-02
-7.151927559748831598e-02
-6.712140833844391918e-02
-6.248004180257470813e-02
-5.705872388665723244e-02
-5.120166453369932175e-02
-4.490466085835248533e-02
-3.811961647236154077e-02
-3.079130424058282994e-02
-2.287350467667657178e-02
-1.434065557960894841e-02
-5.229499308300635321e-03
-4.779825558732759085e-04
4.372851249232276825e-03
9.295182554429596775e-03
1.426064942266653569e-02
1.924397034562653000e-02
2.422182259368351603e-02
2.917029850883914519e-02
3.163554824835935336e-02
3.408514512856969381e-02
3.651643005422340604e-02
3.892643865055631786e-02
4.131243349507773832e-02
4.367147606695621909e-02
4.600064302467003069e-02
4.829603287481324531e-02
5.055353873031523393e-02
5.277011856148573071e-02
5.494041153886639745e-02
5.706085587043369101e-02
5.912592812173701057e-02
6.113127234522206660e-02
6.307177669315208735e-02
6.494231668113113753e-02
6.673829147269874640e-02
6.845426743464867736e-02
7.008551837040097321e-02
7.162786952706548527e-02
7.307700107543339818e-02
7.442981786818045342e-02
7.568348011605254000e-02
7.683576176181192152e-02
7.788506324112642876e-02
7.883043385370287759e-02
7.967189378767049190e-02
8.040910880525156679e-02
8.104256723711525390e-02
8.157213365341851874e-02
8.199892058781367565e-02
8.232433228500299349e-02
8.255042858700602226e-02
8.267989321932971147e-02
8.271495629067386612e-02
8.265857930711416335e-02
8.251347585688993680e-02
8.228256410656367703e-02
8.196886734757953541e-02
8.157576925059414896e-02
8.056281415011876113e-02
7.927581461231175686e-02
7.774175754155510099e-02
7.598473823824798690e-02
7.402857851837292558e-02
6.960794425457120238e-02
6.462949484718091830e-02
5.918328686387101800e-02
5.330639935739187041e-02
4.699255842807525257e-02
4.020431744043651695e-02
3.288938631650508565e-02
2.500250987265464908e-02
