0.000000000000000000e+00
1.000000000000000021e-02
2.000000000000000042e-02
2.999999999999999889e-02
4.000000000000000083e-02
5.000000000000000278e-02
6.000000000000000472e-02
7.000000000000000666e-02
8.000000000000000167e-02
8.999999999999999667e-02
9.999999999999999167e-02
1.099999999999999867e-01
1.199999999999999817e-01
1.299999999999999767e-01
1.399999999999999856e-01
1.499999999999999944e-01
1.600000000000000033e-01
1.700000000000000122e-01
1.800000000000000211e-01
1.900000000000000300e-01
2.000000000000000111e-01
2.100000000000000200e-01
2.200000000000000289e-01
2.300000000000000377e-01
2.399999999999999911e-01
2.500000000000000000e-01
2.600000000000000089e-01
2.700000000000000178e-01
2.800000000000000266e-01
2.900000000000000355e-01
3.000000000000000444e-01
3.100000000000000533e-01
3.200000000000000067e-01
3.300000000000000155e-01
3.400000000000000244e-01
3.500000000000000333e-01
3.599999999999999867e-01
3.699999999999999956e-01
3.800000000000000044e-01
3.900000000000000133e-01
4.000000000000000222e-01
4.100000000000000311e-01
4.200000000000000400e-01
4.300000000000000488e-01
4.400000000000000022e-01
4.500000000000000111e-01
4.600000000000000200e-01
4.700000000000000289e-01
4.799999999999999822e-01
4.899999999999999911e-01
5.000000000000000000e-01
5.100000000000000089e-01
5.200000000000000178e-01
5.300000000000000266e-01
5.400000000000000355e-01
5.500000000000000444e-01
5.600000000000000533e-01
5.700000000000000622e-01
5.800000000000000711e-01
5.900000000000000799e-01
5.999999999999999778e-01
6.099999999999999867e-01
6.199999999999999956e-01
6.300000000000000044e-01
6.400000000000000133e-01
6.500000000000000222e-01
6.600000000000000311e-01
6.700000000000000400e-01
6.800000000000000488e-01
6.900000000000000577e-01
7.000000000000000666e-01
7.100000000000000755e-01
7.199999999999999734e-01
7.299999999999999822e-01
7.399999999999999911e-01
7.500000000000000000e-01
7.600000000000000089e-01
7.700000000000000178e-01
7.800000000000000266e-01
7.900000000000000355e-01
8.000000000000000444e-01
8.100000000000000533e-01
8.200000000000000622e-01
8.300000000000000711e-01
8.399999999999999689e-01
8.499999999999999778e-01
8.599999999999999867e-01
8.699999999999999956e-01
8.800000000000000044e-01
8.900000000000000133e-01
9.000000000000000222e-01
9.100000000000000311e-01
9.200000000000000400e-01
9.300000000000000488e-01
9.400000000000000577e-01
9.500000000000000666e-01
9.599999999999999645e-01
9.699999999999999734e-01
9.799999999999999822e-01
9.899999999999999911e-01
1.000000000000000000e+00
1.010000000000000009e+00
1.020000000000000018e+00
1.030000000000000027e+00
1.040000000000000036e+00
1.050000000000000044e+00
1.060000000000000053e+00
1.070000000000000062e+00
1.080000000000000071e+00
1.090000000000000080e+00
1.100000000000000089e+00
1.110000000000000098e+00
1.120000000000000107e+00
1.130000000000000115e+00
1.140000000000000124e+00
1.150000000000000133e+00
1.159999999999999920e+00
1.169999999999999929e+00
1.179999999999999938e+00
1.189999999999999947e+00
1.199999999999999956e+00
1.209999999999999964e+00
1.219999999999999973e+00
1.229999999999999982e+00
1.239999999999999991e+00
1.250000000000000000e+00
1.260000000000000009e+00
1.270000000000000018e+00
1.280000000000000027e+00
1.290000000000000036e+00
1.300000000000000044e+00
1.310000000000000053e+00
1.320000000000000062e+00
1.330000000000000071e+00
1.340000000000000080e+00
1.350000000000000089e+00
1.360000000000000098e+00
1.370000000000000107e+00
1.380000000000000115e+00
1.390000000000000124e+00
1.400000000000000133e+00
1.410000000000000142e+00
1.420000000000000151e+00
1.430000000000000160e+00
1.439999999999999947e+00
1.449999999999999956e+00
1.459999999999999964e+00
1.469999999999999973e+00
1.479999999999999982e+00
1.489999999999999991e+00
1.500000000000000000e+00
1.510000000000000009e+00
1.520000000000000018e+00
1.530000000000000027e+00
1.540000000000000036e+00
1.550000000000000044e+00
1.560000000000000053e+00
1.570000000000000062e+00
1.580000000000000071e+00
1.590000000000000080e+00
1.600000000000000089e+00
1.610000000000000098e+00
1.620000000000000107e+00
1.630000000000000115e+00
1.640000000000000124e+00
1.650000000000000133e+00
1.660000000000000142e+00
1.670000000000000151e+00
1.679999999999999938e+00
1.689999999999999947e+00
1.699999999999999956e+00
1.709999999999999964e+00
1.719999999999999973e+00
1.729999999999999982e+00
1.739999999999999991e+00
1.750000000000000000e+00
1.760000000000000009e+00
1.770000000000000018e+00
1.780000000000000027e+00
1.790000000000000036e+00
1.800000000000000044e+00
1.810000000000000053e+00
1.820000000000000062e+00
1.830000000000000071e+00
1.840000000000000080e+00
1.850000000000000089e+00
1.860000000000000098e+00
1.870000000000000107e+00
1.880000000000000115e+00
1.890000000000000124e+00
1.900000000000000133e+00
1.910000000000000142e+00
1.919999999999999929e+00
1.929999999999999938e+00
1.939999999999999947e+00
1.949999999999999956e+00
1.959999999999999964e+00
1.969999999999999973e+00
1.979999999999999982e+00
1.989999999999999991e+00
2.000000000000000000e+00
2.009999999999999787e+00
2.019999999999999574e+00
2.029999999999999361e+00
2.039999999999999147e+00
2.049999999999998934e+00
2.059999999999998721e+00
2.069999999999998508e+00
2.079999999999998295e+00
2.089999999999998082e+00
2.099999999999997868e+00
2.109999999999997655e+00
2.119999999999997442e+00
2.129999999999997229e+00
2.139999999999997016e+00
2.149999999999996803e+00
2.159999999999996589e+00
2.169999999999996376e+00
2.179999999999996163e+00
2.189999999999995950e+00
2.199999999999995737e+00
2.209999999999995524e+00
2.219999999999995310e+00
2.229999999999995097e+00
2.239999999999994884e+00
2.249999999999994671e+00
2.259999999999994458e+00
2.269999999999994245e+00
2.279999999999994031e+00
2.289999999999993818e+00
2.299999999999993605e+00
2.309999999999993392e+00
2.319999999999993179e+00
2.329999999999992966e+00
2.339999999999992752e+00
2.349999999999992539e+00
2.359999999999992326e+00
2.369999999999992113e+00
2.379999999999991900e+00
2.389999999999991687e+00
2.399999999999991473e+00
2.409999999999991260e+00
2.419999999999991047e+00
2.429999999999990834e+00
2.439999999999990621e+00
2.449999999999990408e+00
2.459999999999990195e+00
2.469999999999989981e+00
2.479999999999989768e+00
2.489999999999989555e+00
2.499999999999989342e+00
2.509999999999989129e+00
2.519999999999988916e+00
2.529999999999988702e+00
2.539999999999988489e+00
2.549999999999988276e+00
2.559999999999988063e+00
2.569999999999987850e+00
2.579999999999987637e+00
2.589999999999987423e+00
2.599999999999987210e+00
2.609999999999986997e+00
2.619999999999986784e+00
2.629999999999986571e+00
2.639999999999986358e+00
2.649999999999986144e+00
2.659999999999985931e+00
2.669999999999985718e+00
2.679999999999985505e+00
2.689999999999985292e+00
2.699999999999985079e+00
2.709999999999984865e+00
2.719999999999984652e+00
2.729999999999984439e+00
2.739999999999984226e+00
2.749999999999984013e+00
2.759999999999983800e+00
2.769999999999983586e+00
2.779999999999983373e+00
2.789999999999983160e+00
2.799999999999982947e+00
2.809999999999982734e+00
2.819999999999982521e+00
2.829999999999982307e+00
2.839999999999982094e+00
2.849999999999981881e+00
2.859999999999981668e+00
2.869999999999981455e+00
2.879999999999981242e+00
2.889999999999981029e+00
2.899999999999980815e+00
2.909999999999980602e+00
2.919999999999980389e+00
2.929999999999980176e+00
2.939999999999979963e+00
2.949999999999979750e+00
2.959999999999979536e+00
2.969999999999979323e+00
2.979999999999979110e+00
2.989999999999978897e+00
2.999999999999978684e+00
3.009999999999978471e+00
3.019999999999978257e+00
3.029999999999978044e+00
3.039999999999977831e+00
3.049999999999977618e+00
3.059999999999977405e+00
3.069999999999977192e+00
3.079999999999976978e+00
3.089999999999976765e+00
3.099999999999976552e+00
3.109999999999976339e+00
3.119999999999976126e+00
3.129999999999975913e+00
3.139999999999975699e+00
3.149999999999975486e+00
3.159999999999975273e+00
3.169999999999975060e+00
3.179999999999974847e+00
3.189999999999974634e+00
3.199999999999974420e+00
3.209999999999974207e+00
3.219999999999973994e+00
3.229999999999973781e+00
3.239999999999973568e+00
3.249999999999973355e+00
3.259999999999973141e+00
3.269999999999972928e+00
3.279999999999972715e+00
3.289999999999972502e+00
3.299999999999972289e+00
3.309999999999972076e+00
3.319999999999971863e+00
3.329999999999971649e+00
3.339999999999971436e+00
3.349999999999971223e+00
3.359999999999971010e+00
3.369999999999970797e+00
3.379999999999970584e+00
3.389999999999970370e+00
3.399999999999970157e+00
3.409999999999969944e+00
3.419999999999969731e+00
3.429999999999969518e+00
3.439999999999969305e+00
3.449999999999969091e+00
3.459999999999968878e+00
3.469999999999968665e+00
3.479999999999968452e+00
3.489999999999968239e+00
3.499999999999968026e+00
3.509999999999967812e+00
3.519999999999967599e+00
3.529999999999967386e+00
3.539999999999967173e+00
3.549999999999966960e+00
3.559999999999966747e+00
3.569999999999966533e+00
3.579999999999966320e+00
3.589999999999966107e+00
3.599999999999965894e+00
3.609999999999965681e+00
3.619999999999965468e+00
3.629999999999965254e+00
3.639999999999965041e+00
3.649999999999964828e+00
3.659999999999964615e+00
3.669999999999964402e+00
3.679999999999964189e+00
3.689999999999963975e+00
3.699999999999963762e+00
3.709999999999963549e+00
3.719999999999963336e+00
3.729999999999963123e+00
3.739999999999962910e+00
3.749999999999962697e+00
3.759999999999962483e+00
3.769999999999962270e+00
3.779999999999962057e+00
3.789999999999961844e+00
3.799999999999961631e+00
3.809999999999961418e+00
3.819999999999961204e+00
3.829999999999960991e+00
3.839999999999960778e+00
3.849999999999960565e+00
3.859999999999960352e+00
3.869999999999960139e+00
3.879999999999959925e+00
3.889999999999959712e+00
3.899999999999959499e+00
3.909999999999959286e+00
3.919999999999959073e+00
3.929999999999958860e+00
3.939999999999958646e+00
3.949999999999958433e+00
3.959999999999958220e+00
3.969999999999958007e+00
3.979999999999957794e+00
3.989999999999957581e+00
3.999999999999957367e+00
4.009999999999957154e+00
4.019999999999956941e+00
4.029999999999956728e+00
4.039999999999956515e+00
4.049999999999956302e+00
4.059999999999956088e+00
4.069999999999955875e+00
4.079999999999955662e+00
4.089999999999955449e+00
4.099999999999955236e+00
4.109999999999955023e+00
4.119999999999954809e+00
4.129999999999954596e+00
4.139999999999954383e+00
4.149999999999954170e+00
4.159999999999953957e+00
4.169999999999953744e+00
4.179999999999953531e+00
4.189999999999953317e+00
4.199999999999953104e+00
4.209999999999952891e+00
4.219999999999952678e+00
4.229999999999952465e+00
4.239999999999952252e+00
4.249999999999952038e+00
4.259999999999951825e+00
4.269999999999951612e+00
4.279999999999951399e+00
4.289999999999951186e+00
4.299999999999950973e+00
4.309999999999950759e+00
4.319999999999950546e+00
4.329999999999950333e+00
4.339999999999950120e+00
4.349999999999949907e+00
4.359999999999949694e+00
4.369999999999949480e+00
4.379999999999949267e+00
4.389999999999949054e+00
4.399999999999948841e+00
4.409999999999948628e+00
4.419999999999948415e+00
4.429999999999948201e+00
4.439999999999947988e+00
4.449999999999947775e+00
4.459999999999947562e+00
4.469999999999947349e+00
4.479999999999947136e+00
4.489999999999946922e+00
4.499999999999946709e+00
4.509999999999946496e+00
4.519999999999946283e+00
4.529999999999946070e+00
4.539999999999945857e+00
4.549999999999945643e+00
4.559999999999945430e+00
4.569999999999945217e+00
4.579999999999945004e+00
4.589999999999944791e+00
4.599999999999944578e+00
4.609999999999944365e+00
4.619999999999944151e+00
4.629999999999943938e+00
4.639999999999943725e+00
4.649999999999943512e+00
4.659999999999943299e+00
4.669999999999943086e+00
4.679999999999942872e+00
4.689999999999942659e+00
4.699999999999942446e+00
4.709999999999942233e+00
4.719999999999942020e+00
4.729999999999941807e+00
4.739999999999941593e+00
4.749999999999941380e+00
4.759999999999941167e+00
4.769999999999940954e+00
4.779999999999940741e+00
4.789999999999940528e+00
4.799999999999940314e+00
4.809999999999940101e+00
4.819999999999939888e+00
4.829999999999939675e+00
4.839999999999939462e+00
4.849999999999939249e+00
4.859999999999939035e+00
4.869999999999938822e+00
4.879999999999938609e+00
4.889999999999938396e+00
4.899999999999938183e+00
4.909999999999937970e+00
4.919999999999937756e+00
4.929999999999937543e+00
4.939999999999937330e+00
4.949999999999937117e+00
4.959999999999936904e+00
4.969999999999936691e+00
4.979999999999936477e+00
4.989999999999936264e+00
4.999999999999936051e+00
5.009999999999935838e+00
5.019999999999935625e+00
5.029999999999935412e+00
5.039999999999935199e+00
5.049999999999934985e+00
5.059999999999934772e+00
5.069999999999934559e+00
5.079999999999934346e+00
5.089999999999934133e+00
5.099999999999933920e+00
5.109999999999933706e+00
5.119999999999933493e+00
5.129999999999933280e+00
5.139999999999933067e+00
5.149999999999932854e+00
5.159999999999932641e+00
5.169999999999932427e+00
5.179999999999932214e+00
5.189999999999932001e+00
5.199999999999931788e+00
5.209999999999931575e+00
5.219999999999931362e+00
5.229999999999931148e+00
5.239999999999930935e+00
5.249999999999930722e+00
5.259999999999930509e+00
5.269999999999930296e+00
5.279999999999930083e+00
5.289999999999929869e+00
5.299999999999929656e+00
5.309999999999929443e+00
5.319999999999929230e+00
5.329999999999929017e+00
5.339999999999928804e+00
5.349999999999928590e+00
5.359999999999928377e+00
5.369999999999928164e+00
5.379999999999927951e+00
5.389999999999927738e+00
5.399999999999927525e+00
5.409999999999927311e+00
5.419999999999927098e+00
5.429999999999926885e+00
5.439999999999926672e+00
5.449999999999926459e+00
5.459999999999926246e+00
5.469999999999926033e+00
5.479999999999925819e+00
5.489999999999925606e+00
5.499999999999925393e+00
5.509999999999925180e+00
5.519999999999924967e+00
5.529999999999924754e+00
5.539999999999924540e+00
5.549999999999924327e+00
5.559999999999924114e+00
5.569999999999923901e+00
5.579999999999923688e+00
5.589999999999923475e+00
5.599999999999923261e+00
5.609999999999923048e+00
5.619999999999922835e+00
5.629999999999922622e+00
5.639999999999922409e+00
5.649999999999922196e+00
5.659999999999921982e+00
5.669999999999921769e+00
5.679999999999921556e+00
5.689999999999921343e+00
5.699999999999921130e+00
5.709999999999920917e+00
5.719999999999920703e+00
5.729999999999920490e+00
5.739999999999920277e+00
5.749999999999920064e+00
5.759999999999919851e+00
5.769999999999919638e+00
5.779999999999919424e+00
5.789999999999919211e+00
5.799999999999918998e+00
5.809999999999918785e+00
5.819999999999918572e+00
5.829999999999918359e+00
5.839999999999918145e+00
5.849999999999917932e+00
5.859999999999917719e+00
5.869999999999917506e+00
5.879999999999917293e+00
5.889999999999917080e+00
5.899999999999916866e+00
5.909999999999916653e+00
5.919999999999916440e+00
5.929999999999916227e+00
5.939999999999916014e+00
5.949999999999915801e+00
5.959999999999915588e+00
5.969999999999915374e+00
5.979999999999915161e+00
5.989999999999914948e+00
5.999999999999914735e+00
6.009999999999914522e+00
6.019999999999914309e+00
6.029999999999914095e+00
6.039999999999913882e+00
6.049999999999913669e+00
6.059999999999913456e+00
6.069999999999913243e+00
6.079999999999913030e+00
6.089999999999912816e+00
6.099999999999912603e+00
6.109999999999912390e+00
6.119999999999912177e+00
6.129999999999911964e+00
6.139999999999911751e+00
6.149999999999911537e+00
6.159999999999911324e+00
6.169999999999911111e+00
6.179999999999910898e+00
6.189999999999910685e+00
6.199999999999910472e+00
6.209999999999910258e+00
6.219999999999910045e+00
6.229999999999909832e+00
6.239999999999909619e+00
6.249999999999909406e+00
6.259999999999909193e+00
6.269999999999908979e+00
6.279999999999908766e+00
6.289999999999908553e+00
6.299999999999908340e+00
6.309999999999908127e+00
6.319999999999907914e+00
6.329999999999907700e+00
6.339999999999907487e+00
6.349999999999907274e+00
6.359999999999907061e+00
6.369999999999906848e+00
6.379999999999906635e+00
6.389999999999906422e+00
6.399999999999906208e+00
6.409999999999905995e+00
6.419999999999905782e+00
6.429999999999905569e+00
6.439999999999905356e+00
6.449999999999905143e+00
6.459999999999904929e+00
6.469999999999904716e+00
6.479999999999904503e+00
6.489999999999904290e+00
6.499999999999904077e+00
6.509999999999903864e+00
6.519999999999903650e+00
6.529999999999903437e+00
6.539999999999903224e+00
6.549999999999903011e+00
6.559999999999902798e+00
6.569999999999902585e+00
6.579999999999902371e+00
6.589999999999902158e+00
6.599999999999901945e+00
6.609999999999901732e+00
6.619999999999901519e+00
6.629999999999901306e+00
6.639999999999901092e+00
6.649999999999900879e+00
6.659999999999900666e+00
6.669999999999900453e+00
6.679999999999900240e+00
6.689999999999900027e+00
6.699999999999899813e+00
6.709999999999899600e+00
6.719999999999899387e+00
6.729999999999899174e+00
6.739999999999898961e+00
6.749999999999898748e+00
6.759999999999898534e+00
6.769999999999898321e+00
6.779999999999898108e+00
6.789999999999897895e+00
6.799999999999897682e+00
6.809999999999897469e+00
6.819999999999897256e+00
6.829999999999897042e+00
6.839999999999896829e+00
6.849999999999896616e+00
6.859999999999896403e+00
6.869999999999896190e+00
6.879999999999895977e+00
6.889999999999895763e+00
6.899999999999895550e+00
6.909999999999895337e+00
6.919999999999895124e+00
6.929999999999894911e+00
6.939999999999894698e+00
6.949999999999894484e+00
6.959999999999894271e+00
6.969999999999894058e+00
6.979999999999893845e+00
6.989999999999893632e+00
6.999999999999893419e+00
7.009999999999893205e+00
7.019999999999892992e+00
7.029999999999892779e+00
7.039999999999892566e+00
7.049999999999892353e+00
7.059999999999892140e+00
7.069999999999891926e+00
7.079999999999891713e+00
7.089999999999891500e+00
7.099999999999891287e+00
7.109999999999891074e+00
7.119999999999890861e+00
7.129999999999890647e+00
7.139999999999890434e+00
7.149999999999890221e+00
7.159999999999890008e+00
7.169999999999889795e+00
7.179999999999889582e+00
7.189999999999889368e+00
7.199999999999889155e+00
7.209999999999888942e+00
7.219999999999888729e+00
7.229999999999888516e+00
7.239999999999888303e+00
7.249999999999888090e+00
7.259999999999887876e+00
7.269999999999887663e+00
7.279999999999887450e+00
7.289999999999887237e+00
7.299999999999887024e+00
7.309999999999886811e+00
7.319999999999886597e+00
7.329999999999886384e+00
7.339999999999886171e+00
7.349999999999885958e+00
7.359999999999885745e+00
7.369999999999885532e+00
7.379999999999885318e+00
7.389999999999885105e+00
7.399999999999884892e+00
7.409999999999884679e+00
7.419999999999884466e+00
7.429999999999884253e+00
7.439999999999884039e+00
7.449999999999883826e+00
7.459999999999883613e+00
7.469999999999883400e+00
7.479999999999883187e+00
7.489999999999882974e+00
7.499999999999882760e+00
7.509999999999882547e+00
7.519999999999882334e+00
7.529999999999882121e+00
7.539999999999881908e+00
7.549999999999881695e+00
7.559999999999881481e+00
7.569999999999881268e+00
7.579999999999881055e+00
7.589999999999880842e+00
7.599999999999880629e+00
7.609999999999880416e+00
7.619999999999880202e+00
7.629999999999879989e+00
7.639999999999879776e+00
7.649999999999879563e+00
7.659999999999879350e+00
7.669999999999879137e+00
7.679999999999878924e+00
7.689999999999878710e+00
7.699999999999878497e+00
7.709999999999878284e+00
7.719999999999878071e+00
7.729999999999877858e+00
7.739999999999877645e+00
7.749999999999877431e+00
7.759999999999877218e+00
7.769999999999877005e+00
7.779999999999876792e+00
7.789999999999876579e+00
7.799999999999876366e+00
7.809999999999876152e+00
7.819999999999875939e+00
7.829999999999875726e+00
7.839999999999875513e+00
7.849999999999875300e+00
7.859999999999875087e+00
7.869999999999874873e+00
7.879999999999874660e+00
7.889999999999874447e+00
7.899999999999874234e+00
7.909999999999874021e+00
7.919999999999873808e+00
7.929999999999873594e+00
7.939999999999873381e+00
7.949999999999873168e+00
7.959999999999872955e+00
7.969999999999872742e+00
7.979999999999872529e+00
7.989999999999872315e+00
7.999999999999872102e+00
8.009999999999871889e+00
8.019999999999871676e+00
8.029999999999871463e+00
8.039999999999871250e+00
8.049999999999871036e+00
8.059999999999870823e+00
8.064999999999871605e+00
8.069999999999872387e+00
8.079999999999872173e+00
8.084999999999872955e+00
8.089999999999873737e+00
8.094999999999874518e+00
8.104999999999874305e+00
8.109999999999875087e+00
8.119999999999874873e+00
8.129999999999874660e+00
8.139999999999874447e+00
8.149999999999874234e+00
8.159999999999874021e+00
8.169999999999873808e+00
8.179999999999873594e+00
8.189999999999873381e+00
8.199999999999873168e+00
8.209999999999872955e+00
8.219999999999872742e+00
8.229999999999872529e+00
8.239999999999872315e+00
8.249999999999872102e+00
8.259999999999871889e+00
8.269999999999871676e+00
8.279999999999871463e+00
8.289999999999871250e+00
8.299999999999871036e+00
8.309999999999870823e+00
8.319999999999870610e+00
8.324999999999871392e+00
8.329999999999872173e+00
8.334999999999872955e+00
8.339999999999873737e+00
8.349999999999873523e+00
8.354999999999874305e+00
8.359999999999999432e+00
8.365000000000000213e+00
8.370000000000000995e+00
8.380000000000000782e+00
8.385000000000001563e+00
8.395000000000001350e+00
8.400000000000000355e+00
8.409999999999998366e+00
8.419999999999998153e+00
8.429999999999997939e+00
8.439999999999997726e+00
8.449999999999997513e+00
8.459999999999997300e+00
8.469999999999997087e+00
8.479999999999996874e+00
8.489999999999996660e+00
8.499999999999996447e+00
8.509999999999996234e+00
8.519999999999996021e+00
8.529999999999995808e+00
8.539999999999995595e+00
8.549999999999995381e+00
8.554999999999996163e+00
8.560000000000000497e+00
8.570000000000000284e+00
8.575000000000001066e+00
8.585000000000000853e+00
8.590000000000001634e+00
8.595000000000000639e+00
8.597500000000000142e+00
8.599999999999999645e+00
8.604999999999998650e+00
8.609999999999997655e+00
8.614999999999996660e+00
8.617499999999996163e+00
8.619999999999995666e+00
8.624999999999994671e+00
8.629999999999993676e+00
8.632499999999993179e+00
8.637499999999992184e+00
8.640000000000000568e+00
8.642500000000008953e+00
8.647500000000025722e+00
8.650000000000025224e+00
8.655000000000026006e+00
8.660000000000026787e+00
8.665000000000027569e+00
8.670000000000028351e+00
8.679999999999999716e+00
8.685000000000000497e+00
8.695000000000000284e+00
8.705000000000000071e+00
8.714999999999999858e+00
8.720000000000000639e+00
8.730000000000000426e+00
8.740000000000000213e+00
8.750000000000000000e+00
8.759999999999999787e+00
8.769999999999999574e+00
8.779999999999999361e+00
8.789999999999999147e+00
8.799999999999998934e+00
8.809999999999998721e+00
8.814999999999999503e+00
8.820000000000000284e+00
8.825000000000001066e+00
8.830000000000001847e+00
8.832500000000001350e+00
8.837500000000000355e+00
8.839999999999999858e+00
8.842499999999999361e+00
8.844999999999998863e+00
8.847499999999998366e+00
8.852499999999997371e+00
8.857499999999996376e+00
8.859999999999995879e+00
8.864999999999994884e+00
8.869999999999993889e+00
8.874999999999992895e+00
8.880000000000000782e+00
8.885000000000001563e+00
8.887500000000001066e+00
8.890000000000000568e+00
8.892500000000000071e+00
8.894999999999999574e+00
8.900000000000000355e+00
8.910000000000000142e+00
8.919999999999999929e+00
8.925000000000000711e+00
8.930000000000001492e+00
8.940000000000001279e+00
8.945000000000002061e+00
8.955000000000001847e+00
8.960000000000000853e+00
8.969999999999998863e+00
8.979999999999998650e+00
8.989999999999998437e+00
8.999999999999998224e+00
9.009999999999998010e+00
9.019999999999997797e+00
9.029999999999997584e+00
9.039999999999997371e+00
9.049999999999997158e+00
9.059999999999996945e+00
9.064999999999997726e+00
9.069999999999998508e+00
9.074999999999999289e+00
9.077500000000000568e+00
9.080000000000000071e+00
9.084999999999999076e+00
9.087499999999998579e+00
9.092499999999997584e+00
9.094999999999997087e+00
9.097499999999996589e+00
9.099999999999996092e+00
9.104999999999995097e+00
9.107499999999994600e+00
9.109999999999994102e+00
9.112499999999993605e+00
9.114999999999993108e+00
9.117499999999992610e+00
9.120000000000000995e+00
9.122500000000009379e+00
9.125000000000017764e+00
9.127500000000026148e+00
9.130000000000034532e+00
9.132500000000042917e+00
9.135000000000051301e+00
9.137500000000059686e+00
9.140000000000068070e+00
9.142500000000076454e+00
9.147500000000093223e+00
9.150000000000092726e+00
9.152500000000092228e+00
9.155000000000091731e+00
9.157500000000045048e+00
9.160000000000000142e+00
9.162499999999955236e+00
9.164999999999910330e+00
9.167499999999865423e+00
9.172499999999775611e+00
9.182499999999595985e+00
9.192499999999595772e+00
9.200000000000001066e+00
9.210000000000000853e+00
9.220000000000000639e+00
9.230000000000000426e+00
9.240000000000000213e+00
9.250000000000000000e+00
9.259999999999999787e+00
9.269999999999999574e+00
9.279999999999999361e+00
9.289999999999999147e+00
9.299999999999998934e+00
9.309999999999998721e+00
9.319999999999998508e+00
9.324999999999999289e+00
9.330000000000000071e+00
9.332499999999999574e+00
9.337500000000000355e+00
9.342500000000001137e+00
9.345000000000000639e+00
9.347500000000000142e+00
9.352500000000000924e+00
9.359999999999999432e+00
9.362499999999998934e+00
9.364999999999998437e+00
9.367499999999997939e+00
9.372499999999998721e+00
9.374999999999998224e+00
9.379999999999999005e+00
9.382499999999998508e+00
9.384999999999998010e+00
9.389999999999998792e+00
9.392499999999998295e+00
9.394999999999997797e+00
9.399999999999998579e+00
9.402499999999998082e+00
9.403749999999998721e+00
9.404999999999999361e+00
9.406250000000000000e+00
9.408749999999999503e+00
9.410000000000000142e+00
9.412499999999999645e+00
9.414999999999999147e+00
9.419999999999999929e+00
9.425000000000000711e+00
9.430000000000001492e+00
9.435000000000000497e+00
9.439999999999999503e+00
9.449999999999997513e+00
9.454999999999998295e+00
9.464999999999998082e+00
9.469999999999998863e+00
9.479999999999998650e+00
9.489999999999998437e+00
9.499999999999998224e+00
9.509999999999998010e+00
9.519999999999997797e+00
9.529999999999997584e+00
9.539999999999997371e+00
9.549999999999997158e+00
9.559999999999996945e+00
9.564999999999997726e+00
9.574999999999997513e+00
9.579999999999998295e+00
9.584999999999999076e+00
9.589999999999999858e+00
9.594999999999998863e+00
9.599999999999999645e+00
9.605000000000000426e+00
9.607499999999999929e+00
9.612500000000000711e+00
9.615000000000000213e+00
9.617499999999999716e+00
9.622500000000000497e+00
9.625000000000000000e+00
9.627499999999999503e+00
9.629999999999999005e+00
9.634999999999999787e+00
9.637499999999999289e+00
9.640000000000000568e+00
9.641250000000001208e+00
9.643750000000002487e+00
9.646250000000003766e+00
9.648750000000005045e+00
9.651250000000006324e+00
9.653750000000007603e+00
9.656250000000008882e+00
9.658750000000010161e+00
9.661250000000011440e+00
9.663750000000012719e+00
9.668750000000015277e+00
9.671250000000014779e+00
9.673750000000014282e+00
9.678750000000015064e+00
9.679999999999999716e+00
9.682499999999969020e+00
9.684999999999938325e+00
9.687499999999907629e+00
9.692499999999846239e+00
9.697499999999784848e+00
9.702499999999723457e+00
9.712499999999600675e+00
9.720000000000000639e+00
9.730000000000000426e+00
9.740000000000000213e+00
9.750000000000000000e+00
9.759999999999999787e+00
9.769999999999999574e+00
9.779999999999999361e+00
9.789999999999999147e+00
9.799999999999998934e+00
9.809999999999998721e+00
9.819999999999998508e+00
9.824999999999999289e+00
9.834999999999999076e+00
9.839999999999999858e+00
9.845000000000000639e+00
9.847500000000000142e+00
9.852500000000000924e+00
9.855000000000000426e+00
9.860000000000001208e+00
9.862500000000000711e+00
9.865000000000000213e+00
9.870000000000000995e+00
9.872500000000000497e+00
9.875000000000001776e+00
9.877500000000001279e+00
9.880000000000000782e+00
9.882500000000000284e+00
9.884999999999999787e+00
9.887499999999999289e+00
9.889999999999998792e+00
9.892499999999998295e+00
9.894999999999997797e+00
9.896249999999998437e+00
9.898749999999997939e+00
9.901249999999997442e+00
9.903749999999996945e+00
9.908749999999995950e+00
9.909999999999996589e+00
9.912499999999996092e+00
9.914999999999995595e+00
9.917499999999995097e+00
9.919999999999999929e+00
9.922500000000004761e+00
9.925000000000009592e+00
9.927500000000014424e+00
9.930000000000019256e+00
9.932500000000024087e+00
9.937500000000033751e+00
9.942500000000034532e+00
9.947500000000035314e+00
9.952500000000036096e+00
9.960000000000000853e+00
9.965000000000001634e+00
9.970000000000002416e+00
9.980000000000002203e+00
9.985000000000002984e+00
9.995000000000002771e+00
1.000000000000000000e+01
1.000999999999999446e+01
1.001999999999999424e+01
1.002999999999999403e+01
1.003999999999999382e+01
1.004999999999999361e+01
1.005999999999999339e+01
1.006999999999999318e+01
1.007499999999999396e+01
1.008000000000000007e+01
1.008999999999999986e+01
1.009500000000000064e+01
1.010000000000000142e+01
1.010500000000000220e+01
1.010750000000000171e+01
1.011250000000000249e+01
1.011625000000000085e+01
1.012000000000000099e+01
1.012375000000000114e+01
1.012750000000000128e+01
1.013125000000000142e+01
1.013312500000000149e+01
1.013687500000000163e+01
1.013875000000000171e+01
1.014250000000000185e+01
1.014437500000000192e+01
1.014625000000000199e+01
1.014812500000000206e+01
1.015187500000000220e+01
1.015562500000000234e+01
1.015781250000000213e+01
1.016000000000000014e+01
1.016218749999999815e+01
1.016656249999999417e+01
1.016874999999999218e+01
1.017093749999999019e+01
1.017312499999998820e+01
1.017749999999998423e+01
1.017968749999998224e+01
1.018406249999997826e+01
1.018843749999997428e+01
1.019062499999997229e+01
1.019281249999997030e+01
1.019499999999996831e+01
1.019718749999996632e+01
1.020000000000000107e+01
1.020140625000001933e+01
1.020421875000005407e+01
1.020703125000008882e+01
1.021265625000015831e+01
1.021515625000015781e+01
1.022015625000015859e+01
1.022515625000015937e+01
1.023515625000015916e+01
1.024000000000000021e+01
1.024968749999968232e+01
1.025968749999968210e+01
1.026968749999968189e+01
1.027968749999968168e+01
1.027999999999999936e+01
1.028062500000063473e+01
1.028187500000190546e+01
1.028437500000444693e+01
1.028937500000952987e+01
1.029937500000952966e+01
1.030937500000952944e+01
1.031937500000952923e+01
1.032000000000000028e+01
1.032124999998094239e+01
1.032374999994282661e+01
1.032874999986659503e+01
1.033374999979036346e+01
1.034374999963790032e+01
1.034874999963790110e+01
1.035374999963790188e+01
1.035999999999999943e+01
1.036500000000000021e+01
1.037000000000000099e+01
1.037250000000000050e+01
1.037500000000000000e+01
1.037749999999999950e+01
1.037999999999999901e+01
1.038249999999999851e+01
1.038499999999999801e+01
1.038749999999999751e+01
1.039249999999999829e+01
1.039624999999999844e+01
1.039812500000000028e+01
1.040000000000000036e+01
1.040375000000000050e+01
1.040750000000000064e+01
1.041125000000000078e+01
1.041500000000000092e+01
1.041875000000000107e+01
1.042062500000000114e+01
1.042437500000000128e+01
1.042812500000000142e+01
1.043000000000000149e+01
1.043375000000000163e+01
1.043687500000000057e+01
1.043999999999999950e+01
1.044156249999999986e+01
1.044312499999999844e+01
1.044468749999999702e+01
1.044624999999999559e+01
1.044937499999999453e+01
1.045249999999999346e+01
1.045406249999999204e+01
1.045718749999999098e+01
1.046031249999998991e+01
1.046656249999998778e+01
1.046906249999998728e+01
1.047156249999998678e+01
1.047656249999998757e+01
1.048000000000000043e+01
1.048687500000002615e+01
1.049687500000002593e+01
1.050687500000002572e+01
1.051687500000002551e+01
1.051999999999999957e+01
1.052624999999994770e+01
1.053624999999994749e+01
1.054624999999994728e+01
1.055624999999994706e+01
1.056000000000000050e+01
1.056750000000010736e+01
1.057750000000010715e+01
1.058750000000010694e+01
1.059750000000010672e+01
1.059999999999999964e+01
1.060499999999978549e+01
1.061499999999935717e+01
1.061999999999935795e+01
1.062499999999935874e+01
1.062999999999935952e+01
1.063499999999936030e+01
1.063749999999967955e+01
1.064000000000000057e+01
1.064500000000064261e+01
1.064750000000064212e+01
1.065000000000064162e+01
1.065250000000064112e+01
1.065500000000064063e+01
1.066000000000064141e+01
1.066250000000064091e+01
1.066375000000064155e+01
1.066625000000064105e+01
1.066875000000064055e+01
1.067125000000064006e+01
1.067625000000064084e+01
1.067999999999999972e+01
1.068374999999935859e+01
1.068562499999903892e+01
1.068749999999871747e+01
1.068937499999839602e+01
1.069124999999807457e+01
1.069312499999775312e+01
1.069499999999743167e+01
1.069687499999711022e+01
1.069874999999678877e+01
1.070062499999646732e+01
1.070249999999614587e+01
1.070624999999550475e+01
1.070812499999518508e+01
1.070999999999486363e+01
1.071187499999454218e+01
1.071562499999390106e+01
1.072000000000000064e+01
1.072218750000305043e+01
1.072437500000610022e+01
1.072656250000915001e+01
1.073093750001524960e+01
1.073531250002134918e+01
1.073968750002744876e+01
1.074843750003964793e+01
1.075843750003964772e+01
1.075999999999999979e+01
1.076312499992070393e+01
1.076937499976211221e+01
1.077937499976211200e+01
1.078937499976211178e+01
1.079937499976211157e+01
1.080000000000000071e+01
1.080125000047577899e+01
1.080375000142733555e+01
1.080875000333044866e+01
1.081875000333044845e+01
1.082875000333044824e+01
1.083875000333044802e+01
1.083999999999999986e+01
1.084249999333910353e+01
1.084749998001731086e+01
1.085749995337372553e+01
1.086749995337372532e+01
1.087249995337372610e+01
1.088000000000000078e+01
1.088500000000000156e+01
1.089000000000000234e+01
1.089500000000000313e+01
1.089750000000000263e+01
1.090000000000000213e+01
1.090250000000000163e+01
1.090500000000000114e+01
1.091000000000000192e+01
1.091250000000000142e+01
1.091500000000000092e+01
1.091999999999999993e+01
1.092249999999999943e+01
1.092499999999999893e+01
1.092999999999999794e+01
1.093124999999999858e+01
1.093374999999999808e+01
1.093624999999999758e+01
1.093874999999999709e+01
1.094124999999999659e+01
1.094249999999999545e+01
1.094374999999999432e+01
1.094624999999999382e+01
1.094749999999999446e+01
1.094999999999999396e+01
1.095249999999999346e+01
1.095374999999999233e+01
1.095624999999999183e+01
1.096000000000000085e+01
1.096375000000000988e+01
1.096750000000001890e+01
1.097125000000002792e+01
1.097500000000003695e+01
1.097875000000004597e+01
1.098062500000004960e+01
1.098437500000005862e+01
1.098812500000006764e+01
1.099562500000008569e+01
1.100000000000000000e+01
1.100874999999982862e+01
1.101874999999982840e+01
1.102874999999982819e+01
1.103874999999982798e+01
1.104000000000000092e+01
1.104250000000034682e+01
1.104750000000103860e+01
1.105750000000103839e+01
1.106750000000103817e+01
1.107750000000103796e+01
1.108000000000000007e+01
1.108499999999792429e+01
1.109499999999377273e+01
1.110499999999377252e+01
1.111499999999377231e+01
1.112000000000000099e+01
1.112500000000000178e+01
1.113000000000000256e+01
1.113500000000000334e+01
1.114000000000000412e+01
1.115000000000000391e+01
1.115250000000000163e+01
1.115499999999999936e+01
1.115999999999999659e+01
1.116499999999999559e+01
1.116999999999999460e+01
1.117249999999999410e+01
1.117499999999999183e+01
1.117749999999998956e+01
1.117999999999998728e+01
1.118249999999998501e+01
1.118499999999998273e+01
1.118749999999998046e+01
1.118874999999997755e+01
1.119124999999997705e+01
1.119374999999997478e+01
1.119874999999997200e+01
1.120000000000000107e+01
1.120250000000005919e+01
1.120500000000011731e+01
1.120750000000017543e+01
1.121000000000023356e+01
1.121250000000029168e+01
1.121500000000034980e+01
1.122000000000046604e+01
1.122250000000046555e+01
1.122500000000046505e+01
1.122750000000046455e+01
1.123250000000046533e+01
1.123625000000023277e+01
1.123812500000011738e+01
1.124000000000000021e+01
1.124374999999976588e+01
1.124749999999953154e+01
1.125499999999906287e+01
1.125999999999906365e+01
1.126499999999906443e+01
1.127499999999906422e+01
1.127999999999999936e+01
1.128999999999999915e+01
1.129999999999999893e+01
1.130999999999999872e+01
1.131999999999999851e+01
1.132999999999999829e+01
1.133999999999999808e+01
1.134999999999999787e+01
1.135999999999999766e+01
1.136999999999999744e+01
1.137999999999999723e+01
1.138999999999999702e+01
1.139499999999999780e+01
1.140000000000000036e+01
1.140500000000000114e+01
1.141000000000000192e+01
1.141250000000000142e+01
1.141750000000000220e+01
1.142000000000000171e+01
1.142250000000000121e+01
1.142500000000000071e+01
1.142750000000000021e+01
1.142999999999999972e+01
1.143249999999999922e+01
1.143499999999999872e+01
1.143999999999999950e+01
1.144125000000000014e+01
1.144374999999999964e+01
1.144500000000000028e+01
1.144749999999999979e+01
1.144999999999999929e+01
1.145249999999999879e+01
1.145499999999999829e+01
1.145749999999999780e+01
1.145999999999999730e+01
1.146249999999999680e+01
1.146499999999999631e+01
1.146749999999999581e+01
1.146999999999999531e+01
1.147249999999999481e+01
1.147499999999999432e+01
1.147749999999999382e+01
1.148000000000000043e+01
1.148125000000000284e+01
1.148375000000000945e+01
1.148625000000001606e+01
1.148875000000002267e+01
1.149125000000002927e+01
1.149375000000003588e+01
1.149875000000004910e+01
1.150125000000004860e+01
1.150375000000004810e+01
1.150625000000004761e+01
1.151125000000004839e+01
1.151562500000002487e+01
1.151999999999999957e+01
1.152437499999997428e+01
1.153312499999992369e+01
1.153812499999992447e+01
1.154812499999992426e+01
1.155312499999992504e+01
1.156000000000000050e+01
1.156500000000000128e+01
1.157500000000000107e+01
1.158500000000000085e+01
1.159500000000000064e+01
1.159999999999999964e+01
1.160999999999999766e+01
1.161999999999999744e+01
1.162999999999999723e+01
1.163999999999999702e+01
1.164499999999999780e+01
1.165499999999999758e+01
1.165999999999999837e+01
1.166499999999999915e+01
1.166999999999999993e+01
1.167500000000000071e+01
1.167750000000000021e+01
1.167999999999999972e+01
1.168499999999999872e+01
1.168749999999999822e+01
1.168999999999999773e+01
1.169249999999999723e+01
1.169499999999999673e+01
1.169749999999999623e+01
1.169999999999999574e+01
1.170249999999999524e+01
1.170749999999999424e+01
1.170999999999999375e+01
1.171249999999999325e+01
1.171374999999999389e+01
1.171624999999999339e+01
1.172000000000000064e+01
1.172187500000000426e+01
1.172375000000000789e+01
1.172562500000001151e+01
1.172750000000001513e+01
1.173125000000002238e+01
1.173312500000002601e+01
1.173500000000002963e+01
1.173687500000003325e+01
1.173875000000003688e+01
1.174062500000004050e+01
1.174250000000004412e+01
1.174625000000005137e+01
1.174812500000005500e+01
1.175000000000005862e+01
1.175187500000006224e+01
1.175562500000006949e+01
1.175999999999999979e+01
1.176218749999996405e+01
1.176656249999989434e+01
1.176874999999985860e+01
1.177312499999978890e+01
1.178187499999964949e+01
1.179187499999964928e+01
1.180000000000000071e+01
1.181000000000000050e+01
1.182000000000000028e+01
1.183000000000000007e+01
1.183999999999999986e+01
1.184999999999999964e+01
1.185999999999999943e+01
1.186999999999999922e+01
1.187999999999999901e+01
1.188999999999999879e+01
1.189999999999999858e+01
1.190999999999999837e+01
1.191999999999999815e+01
1.192499999999999893e+01
1.192999999999999972e+01
1.193500000000000050e+01
1.193750000000000000e+01
1.193999999999999950e+01
1.194249999999999901e+01
1.194499999999999851e+01
1.194749999999999801e+01
1.194999999999999751e+01
1.195249999999999702e+01
1.195499999999999652e+01
1.195749999999999602e+01
1.196000000000000085e+01
1.196250000000000568e+01
1.196500000000001052e+01
1.196750000000001535e+01
1.197250000000002501e+01
1.197500000000002451e+01
1.197750000000002402e+01
1.198000000000002352e+01
1.198250000000002302e+01
1.198500000000002252e+01
1.198750000000002203e+01
1.199000000000002153e+01
1.199250000000002103e+01
1.199375000000002167e+01
1.199625000000002117e+01
1.200000000000000000e+01
1.200374999999997883e+01
1.200749999999995765e+01
1.201124999999993648e+01
1.201874999999989413e+01
1.202124999999989363e+01
1.202374999999989313e+01
1.202624999999989264e+01
1.202874999999989214e+01
1.203124999999989164e+01
1.203624999999989242e+01
1.204000000000000092e+01
1.204375000000010942e+01
1.205125000000032642e+01
1.206125000000032621e+01
1.207125000000032600e+01
1.208000000000000007e+01
1.208999999999999986e+01
1.209999999999999964e+01
1.210999999999999943e+01
1.212000000000000099e+01
1.213000000000000078e+01
1.214000000000000057e+01
1.215000000000000036e+01
1.215500000000000114e+01
1.216000000000000014e+01
1.216499999999999915e+01
1.217499999999999716e+01
1.217999999999999794e+01
1.218499999999999872e+01
1.218999999999999950e+01
1.219249999999999901e+01
1.219749999999999979e+01
1.220000000000000107e+01
1.220500000000000362e+01
1.220750000000000313e+01
1.221000000000000263e+01
1.221250000000000213e+01
1.221500000000000163e+01
1.222000000000000242e+01
1.222250000000000192e+01
1.222500000000000142e+01
1.222750000000000092e+01
1.223250000000000171e+01
1.223437500000000178e+01
1.223812500000000014e+01
1.224000000000000021e+01
1.224375000000000036e+01
1.224562500000000043e+01
1.224937500000000057e+01
1.225312500000000071e+01
1.225500000000000078e+01
1.225687500000000085e+01
1.225875000000000092e+01
1.226062500000000099e+01
1.226250000000000107e+01
1.226437500000000114e+01
1.226625000000000121e+01
1.226812500000000128e+01
1.227000000000000135e+01
1.227375000000000149e+01
1.227687500000000043e+01
1.228000000000000114e+01
1.228312500000000185e+01
1.228625000000000256e+01
1.228937500000000327e+01
1.229562500000000469e+01
1.230062500000000547e+01
1.230562500000000625e+01
1.231062500000000703e+01
1.232000000000000028e+01
1.233000000000000007e+01
1.233999999999999986e+01
1.234999999999999964e+01
1.235999999999999943e+01
1.236999999999999922e+01
1.237999999999999901e+01
1.238999999999999879e+01
1.239999999999999858e+01
1.240999999999999837e+01
1.241999999999999815e+01
1.242499999999999893e+01
1.242999999999999972e+01
1.243499999999999872e+01
1.243999999999999950e+01
1.244500000000000028e+01
1.244749999999999979e+01
1.244999999999999929e+01
1.245249999999999879e+01
1.245749999999999957e+01
1.245999999999999908e+01
1.246499999999999986e+01
1.246749999999999936e+01
1.246999999999999886e+01
1.247499999999999964e+01
1.247749999999999915e+01
1.248000000000000043e+01
1.248500000000000298e+01
1.248750000000000249e+01
1.249000000000000199e+01
1.249500000000000277e+01
1.249750000000000227e+01
1.250000000000000178e+01
1.250250000000000128e+01
1.250375000000000192e+01
1.250625000000000142e+01
1.250750000000000206e+01
1.251000000000000156e+01
1.251250000000000107e+01
1.251500000000000057e+01
1.251750000000000007e+01
1.251875000000000071e+01
1.251999999999999957e+01
1.252249999999999730e+01
1.252499999999999503e+01
1.252749999999999275e+01
1.252999999999999048e+01
1.253249999999998820e+01
1.253749999999998366e+01
1.254249999999997911e+01
1.254749999999997456e+01
1.254999999999997229e+01
1.255499999999996774e+01
1.256000000000000050e+01
1.257000000000000028e+01
1.257500000000000107e+01
1.258500000000000085e+01
1.259500000000000064e+01
1.259999999999999964e+01
1.260999999999999766e+01
1.261999999999999744e+01
1.262999999999999723e+01
1.263999999999999702e+01
1.264999999999999680e+01
1.265999999999999659e+01
1.266999999999999638e+01
1.267999999999999616e+01
1.268999999999999595e+01
1.269499999999999673e+01
1.269999999999999751e+01
1.270499999999999829e+01
1.270999999999999908e+01
1.271499999999999986e+01
1.272000000000000064e+01
1.272250000000000014e+01
1.272499999999999964e+01
1.272749999999999915e+01
1.272999999999999865e+01
1.273499999999999943e+01
1.273749999999999893e+01
1.273999999999999844e+01
1.274499999999999922e+01
1.274749999999999872e+01
1.274999999999999822e+01
1.275249999999999773e+01
1.275499999999999723e+01
1.275749999999999673e+01
1.275999999999999979e+01
1.276250000000000284e+01
1.276500000000000590e+01
1.276750000000000895e+01
1.277250000000001506e+01
1.277500000000001457e+01
1.278000000000001535e+01
1.278250000000001485e+01
1.278750000000001563e+01
1.279000000000001513e+01
1.279500000000001592e+01
1.280000000000000071e+01
1.280499999999998550e+01
1.280749999999997790e+01
1.280999999999997030e+01
1.281499999999995509e+01
1.281999999999993989e+01
1.282499999999992468e+01
1.282999999999990948e+01
1.283999999999987907e+01
1.284999999999987885e+01
1.285999999999987864e+01
1.286999999999987843e+01
1.287999999999987821e+01
1.288999999999987800e+01
1.289999999999987779e+01
1.290999999999987757e+01
1.291999999999987736e+01
1.292999999999987715e+01
1.293999999999987693e+01
1.294999999999987672e+01
1.295499999999987750e+01
1.296000000000000085e+01
1.296500000000000163e+01
1.297000000000000242e+01
1.297250000000000192e+01
1.297750000000000270e+01
1.298000000000000220e+01
1.298250000000000171e+01
1.298500000000000121e+01
1.298750000000000071e+01
1.299250000000000149e+01
1.299624999999999986e+01
1.300000000000000000e+01
1.300375000000000014e+01
1.300750000000000028e+01
1.300937500000000036e+01
1.301125000000000043e+01
1.301500000000000057e+01
1.301687500000000064e+01
1.302062500000000078e+01
1.302250000000000085e+01
1.302625000000000099e+01
1.302812500000000107e+01
1.303187500000000121e+01
1.303375000000000128e+01
1.303562500000000135e+01
1.303937500000000149e+01
1.304000000000000092e+01
1.304124999999999979e+01
1.304374999999999751e+01
1.304624999999999524e+01
1.305124999999999069e+01
1.305624999999998614e+01
1.305874999999998387e+01
1.306374999999997932e+01
1.306624999999997705e+01
1.306874999999997478e+01
1.306999999999997364e+01
1.307249999999997137e+01
1.307374999999997023e+01
1.307624999999996795e+01
1.307812499999998401e+01
1.308000000000000007e+01
1.308375000000003219e+01
1.309125000000009642e+01
1.309375000000009592e+01
1.309875000000009670e+01
1.310375000000009749e+01
1.311375000000009727e+01
1.312000000000000099e+01
1.313000000000000078e+01
1.314000000000000057e+01
1.315000000000000036e+01
1.316000000000000014e+01
1.316999999999999993e+01
1.317999999999999972e+01
1.318999999999999950e+01
1.320000000000000107e+01
1.321000000000000085e+01
1.321500000000000163e+01
1.322000000000000242e+01
1.322500000000000320e+01
1.323000000000000398e+01
1.323500000000000298e+01
1.324000000000000021e+01
1.324249999999999972e+01
1.324499999999999744e+01
1.324749999999999517e+01
1.324999999999999289e+01
1.325249999999999062e+01
1.325749999999998785e+01
1.325999999999998735e+01
1.326249999999998508e+01
1.326499999999998280e+01
1.326749999999998053e+01
1.326999999999997826e+01
1.327249999999997598e+01
1.327499999999997371e+01
1.327749999999997144e+01
1.328000000000000114e+01
1.328250000000003084e+01
1.328750000000009024e+01
1.329250000000009102e+01
1.329500000000009052e+01
1.329750000000009003e+01
1.330000000000008953e+01
1.330250000000008903e+01
1.330500000000008853e+01
1.330750000000008804e+01
1.331000000000008754e+01
1.331500000000008832e+01
1.332000000000000028e+01
1.332499999999991225e+01
1.332999999999982421e+01
1.333499999999973618e+01
1.333999999999964814e+01
1.334499999999956010e+01
1.334999999999947207e+01
1.335999999999929599e+01
1.336999999999929578e+01
1.337999999999929557e+01
1.338999999999929535e+01
1.339999999999929514e+01
1.340999999999929493e+01
1.341999999999929472e+01
1.342999999999929450e+01
1.343999999999929429e+01
1.344999999999929408e+01
1.345999999999929386e+01
1.346999999999929365e+01
1.347499999999929443e+01
1.348000000000000043e+01
1.348500000000000121e+01
1.349000000000000199e+01
1.349250000000000149e+01
1.349750000000000227e+01
1.350000000000000178e+01
1.350250000000000128e+01
1.350750000000000206e+01
1.351250000000000284e+01
1.351437500000000114e+01
1.351812499999999950e+01
1.351999999999999957e+01
1.352374999999999972e+01
1.352749999999999986e+01
1.353125000000000000e+01
1.353312500000000007e+01
1.353687500000000021e+01
1.353875000000000028e+01
1.354250000000000043e+01
1.354437500000000050e+01
1.354625000000000057e+01
1.354812500000000064e+01
1.355000000000000071e+01
1.355187500000000078e+01
1.355562500000000092e+01
1.355781250000000071e+01
1.356000000000000050e+01
1.356437500000000007e+01
1.356656249999999986e+01
1.356874999999999964e+01
1.357093749999999943e+01
1.357312499999999922e+01
1.357749999999999879e+01
1.358187499999999837e+01
1.358624999999999794e+01
1.358843749999999773e+01
1.359281249999999730e+01
1.359999999999999964e+01
1.360249999999999915e+01
1.360749999999999993e+01
1.361250000000000071e+01
1.362250000000000050e+01
1.363250000000000028e+01
1.364000000000000057e+01
1.365000000000000036e+01
1.366000000000000014e+01
1.366999999999999993e+01
1.367999999999999972e+01
1.368999999999999950e+01
1.369999999999999929e+01
1.370999999999999908e+01
1.371999999999999886e+01
1.372499999999999964e+01
1.373000000000000043e+01
1.373500000000000121e+01
1.374000000000000199e+01
1.374500000000000277e+01
1.375000000000000355e+01
1.375250000000000306e+01
1.375750000000000028e+01
1.375999999999999979e+01
1.376499999999999879e+01
1.376749999999999829e+01
1.377249999999999730e+01
1.377499999999999680e+01
1.377749999999999631e+01
1.377999999999999581e+01
1.378249999999999531e+01
1.378749999999999432e+01
1.379249999999999332e+01
1.379437499999999517e+01
1.379624999999999702e+01
1.379812499999999886e+01
1.380000000000000071e+01
1.380187500000000256e+01
1.380375000000000441e+01
1.380750000000000810e+01
1.380937500000000995e+01
1.381125000000001180e+01
1.381312500000001364e+01
1.381500000000001549e+01
1.381687500000001734e+01
1.381875000000001918e+01
1.382062500000002103e+01
1.382250000000002288e+01
1.382437500000002473e+01
1.382625000000002657e+01
1.382812500000002842e+01
1.383000000000003027e+01
1.383187500000003212e+01
1.383562500000003581e+01
1.383781250000001783e+01
1.383999999999999986e+01
1.384437499999996390e+01
1.384874999999992795e+01
1.385312499999989200e+01
1.386187499999982009e+01
1.386687499999982087e+01
1.387187499999982165e+01
1.387593749999991033e+01
1.388000000000000078e+01
1.388812500000018169e+01
1.389812500000018147e+01
1.390812500000018126e+01
1.391812500000018105e+01
1.391999999999999993e+01
1.392374999999963769e+01
1.393124999999891322e+01
1.394124999999891301e+01
1.395124999999891280e+01
1.396000000000000085e+01
1.397000000000000064e+01
1.398000000000000043e+01
1.399000000000000021e+01
1.399500000000000099e+01
1.400000000000000000e+01
1.400499999999999901e+01
1.400999999999999801e+01
1.401499999999999702e+01
1.401999999999999602e+01
1.402249999999999552e+01
1.402499999999999503e+01
1.402999999999999403e+01
1.403249999999999353e+01
1.403499999999999304e+01
1.403749999999999254e+01
1.404000000000000092e+01
1.404500000000001769e+01
1.405000000000001847e+01
1.405250000000001798e+01
1.405750000000001876e+01
1.406250000000001954e+01
1.406500000000001904e+01
1.407000000000001982e+01
1.407250000000001577e+01
1.407500000000000995e+01
1.407750000000000412e+01
1.407875000000000298e+01
1.408000000000000007e+01
1.408249999999999424e+01
1.408499999999998842e+01
1.408749999999998259e+01
1.408874999999997968e+01
1.409124999999997385e+01
1.409374999999996803e+01
1.409624999999996220e+01
1.409874999999995637e+01
1.410374999999994472e+01
1.410624999999993889e+01
1.411124999999992724e+01
1.411343749999994657e+01
1.411562499999996589e+01
1.412000000000000099e+01
1.412437500000003610e+01
1.413312500000010630e+01
1.414312500000010608e+01
1.415312500000010587e+01
1.416000000000000014e+01
1.416999999999999993e+01
1.417999999999999972e+01
1.418999999999999950e+01
1.420000000000000107e+01
1.421000000000000085e+01
1.422000000000000064e+01
1.423000000000000043e+01
1.424000000000000021e+01
1.425000000000000000e+01
1.425500000000000078e+01
1.426000000000000156e+01
1.426500000000000234e+01
1.427000000000000313e+01
1.427500000000000213e+01
1.427750000000000163e+01
1.428000000000000114e+01
1.428250000000000064e+01
1.428749999999999964e+01
1.429249999999999865e+01
1.429749999999999766e+01
1.429999999999999716e+01
1.430249999999999666e+01
1.430749999999999567e+01
1.430999999999999517e+01
1.431249999999999467e+01
1.431499999999999417e+01
1.431749999999999368e+01
1.432000000000000028e+01
1.432250000000000689e+01
1.432500000000001350e+01
1.432750000000002011e+01
1.433250000000003332e+01
1.433500000000003283e+01
1.433750000000003233e+01
1.434250000000003311e+01
1.434500000000003261e+01
1.434750000000003212e+01
1.435000000000003162e+01
1.435250000000003112e+01
1.435500000000003062e+01
1.435999999999999943e+01
1.436499999999996824e+01
1.436749999999995353e+01
1.436999999999993705e+01
1.437499999999990585e+01
1.437749999999989114e+01
1.438249999999985995e+01
1.438499999999984524e+01
1.438999999999981405e+01
1.439499999999978286e+01
1.440000000000000036e+01
1.440500000000000114e+01
1.441500000000000092e+01
1.442500000000000071e+01
1.443500000000000050e+01
1.443999999999999950e+01
1.444999999999999751e+01
1.445999999999999730e+01
1.446999999999999709e+01
1.447999999999999687e+01
1.448999999999999666e+01
1.449999999999999645e+01
1.450499999999999723e+01
1.450999999999999801e+01
1.451999999999999780e+01
1.452499999999999858e+01
1.452999999999999936e+01
1.453249999999999886e+01
1.453499999999999837e+01
1.453749999999999787e+01
1.453999999999999737e+01
1.454499999999999815e+01
1.454749999999999766e+01
1.455249999999999844e+01
1.455437499999999851e+01
1.455625000000000036e+01
1.455812500000000043e+01
1.456000000000000050e+01
1.456187500000000057e+01
1.456375000000000064e+01
1.456562500000000071e+01
1.456750000000000078e+01
1.456937500000000085e+01
1.457125000000000092e+01
1.457500000000000107e+01
1.457687500000000114e+01
1.458062500000000128e+01
1.458437500000000142e+01
1.458812500000000156e+01
1.459000000000000163e+01
1.459375000000000178e+01
1.459531250000000213e+01
1.459843750000000107e+01
1.459999999999999964e+01
1.460312499999999680e+01
1.460624999999999396e+01
1.460937499999999112e+01
1.461093749999998970e+01
1.461406249999998685e+01
1.461718749999998401e+01
1.462031249999998117e+01
1.462343749999997833e+01
1.462968749999997264e+01
1.463218749999997215e+01
1.463718749999997293e+01
1.464000000000000057e+01
1.464281250000002821e+01
1.464562500000005585e+01
1.464843750000008349e+01
1.465406250000013877e+01
1.466406250000013856e+01
1.467406250000013834e+01
1.467999999999999972e+01
1.468999999999999950e+01
1.469999999999999929e+01
1.470999999999999908e+01
1.471999999999999886e+01
1.472999999999999865e+01
1.473999999999999844e+01
1.474999999999999822e+01
1.475999999999999801e+01
1.476499999999999879e+01
1.477499999999999858e+01
1.477999999999999936e+01
1.478500000000000014e+01
1.478749999999999964e+01
1.479250000000000043e+01
1.479625000000000057e+01
1.480000000000000071e+01
1.480375000000000085e+01
1.480562500000000092e+01
1.480937500000000107e+01
1.481125000000000114e+01
1.481312500000000121e+01
1.481687500000000135e+01
1.481875000000000142e+01
1.482062500000000149e+01
1.482437500000000163e+01
1.482812500000000178e+01
1.483000000000000185e+01
1.483187500000000192e+01
1.483375000000000199e+01
1.483750000000000213e+01
1.483999999999999986e+01
1.484249999999999758e+01
1.484499999999999531e+01
1.484749999999999304e+01
1.484999999999999076e+01
1.485249999999998849e+01
1.485749999999998394e+01
1.485999999999998167e+01
1.486249999999997939e+01
1.486499999999997712e+01
1.486749999999997485e+01
1.487249999999997030e+01
1.487437499999997748e+01
1.487624999999998643e+01
1.488000000000000078e+01
1.488375000000001513e+01
1.488562500000002231e+01
1.488937500000003666e+01
1.489312500000005102e+01
1.489687500000006537e+01
1.490062500000007972e+01
1.490437500000009408e+01
1.491187500000012278e+01
1.491999999999999993e+01
1.492999999999999972e+01
1.493999999999999950e+01
1.494999999999999929e+01
1.495999999999999908e+01
1.496999999999999886e+01
1.497999999999999865e+01
1.498999999999999844e+01
1.499999999999999822e+01
