9.999999999999840128e-01
9.999911239831280607e-01
9.999716328715831937e-01
9.999588912805977836e-01
9.999509685391935188e-01
9.999330618258093217e-01
9.999168907569377929e-01
9.999088561738453951e-01
9.998938013515592527e-01
9.998762147759316932e-01
9.998669880374727592e-01
9.998549095934207154e-01
9.998371903844838204e-01
9.998258679568317042e-01
9.998152655767404973e-01
9.997980453970163328e-01
9.997843032042803557e-01
9.997740953773234240e-01
9.997583379976341389e-01
9.997431102425871075e-01
9.997328708227829486e-01
9.997192386907749473e-01
9.997037819149816595e-01
9.996928229273442934e-01
9.996806845812892250e-01
9.996654050204317743e-01
9.996531511055045671e-01
9.996415231832689319e-01
9.996267163157573910e-01
9.996134868302284371e-01
9.996021236517489417e-01
9.995885257982962679e-01
9.995751524196820892e-01
9.995639769129730512e-01
9.995516156275776609e-01
9.995385235934696189e-01
9.995270501111983563e-01
9.995152026389293454e-01
9.995023325148831850e-01
9.994904588827694392e-01
9.994788494839366155e-01
9.994664845287906108e-01
9.994547693570667857e-01
9.994436305885683325e-01
9.994321471165582560e-01
9.994209812207631716e-01
9.994102299175603443e-01
9.993992925659792581e-01
9.993885297350432184e-01
9.993779070535401265e-01
9.993671054201516135e-01
9.993566601101695479e-01
9.993464092164338064e-01
9.993360057315630041e-01
9.993261446777959023e-01
9.993166997523289519e-01
9.993069788924290320e-01
9.992977227168855503e-01
9.992890164491140537e-01
9.992798345664425375e-01
9.992708168467406837e-01
9.992625584572366604e-01
9.992539288454984625e-01
9.992451672145655772e-01
9.992374161690166234e-01
9.992297034648858212e-01
9.992216400381359609e-01
9.991933596803177497e-01
9.991589155445370629e-01
9.991239933920623706e-01
9.990890403815444465e-01
9.990537815027382695e-01
9.990182847844456537e-01
9.989828725169001000e-01
9.989472923634923340e-01
9.989110371035222480e-01
9.988746046862875261e-01
9.988380343876126499e-01
9.988011689489171285e-01
9.987642236412516139e-01
9.987274601653471917e-01
9.986908824526100625e-01
9.986545841910696719e-01
9.986187873144303229e-01
9.985834860753455278e-01
9.985485639229797483e-01
9.985140381452213276e-01
9.984798569867707752e-01
9.984458735010776076e-01
9.984121190789144729e-01
9.983787024079180394e-01
9.983456135308278467e-01
9.983129129794846568e-01
9.982807928999881675e-01
9.982493031570727204e-01
9.982183627883862709e-01
9.981879720190651728e-01
9.981581055472881214e-01
9.981286090459252636e-01
9.980993754622223824e-01
9.980704029615260486e-01
9.980416553943024516e-01
9.980131133082340567e-01
9.979848933689643431e-01
9.979570771990197153e-01
9.979296316827430680e-01
9.979026115873739222e-01
9.978760728083552189e-01
9.978499020398652330e-01
9.978240106990166058e-01
9.977984383098192911e-01
9.977731487052755588e-01
9.977481103008980501e-01
9.977234613079449810e-01
9.976993436008693150e-01
9.976758435714359052e-01
9.976531543502932253e-01
9.976314769185139486e-01
9.976108705790112108e-01
9.975914281093415381e-01
9.975733191132112321e-01
9.975566005271455650e-01
9.975413176520020464e-01
9.975276651673080641e-01
9.975152167167379291e-01
9.975044195416455928e-01
9.974957702209547028e-01
9.974895115262530920e-01
9.974858001319448775e-01
9.974847841610580135e-01
9.974866047743408126e-01
9.974913134359659761e-01
9.974989454544923584e-01
9.975095953522803427e-01
9.975233617843933809e-01
9.975403754567608861e-01
9.975608778648370478e-01
9.975851661951260496e-01
9.976135515507613682e-01
9.976464137548185507e-01
9.976841724232027309e-01
9.977248942563474721e-01
9.977704972435078590e-01
9.978220301062744602e-01
9.978799122030770352e-01
9.979445660465080525e-01
9.980164667305851944e-01
9.980961052194040617e-01
9.981839554407018200e-01
9.982804971188405929e-01
9.983861760258390117e-01
9.984092960440721365e-01
9.984066259928089382e-01
9.983905624662068323e-01
9.982873638104644565e-01
9.981837965322367667e-01
9.980801793047713311e-01
9.979768441207345075e-01
9.978665646345736828e-01
9.977552651369251402e-01
9.976447478949955761e-01
9.975353108166667981e-01
9.974266862790830412e-01
9.973107146959023783e-01
9.971960816522500437e-01
9.970708884835329799e-01
9.969476144903084425e-01
9.968266465635071683e-01
9.967083853876488320e-01
9.965819852848596394e-01
9.964500979122287161e-01
9.963057293861516950e-01
9.961643576083940577e-01
9.960262045143492005e-01
9.958577358769268306e-01
9.956733632386005617e-01
9.954715998494423346e-01
9.952407895143107197e-01
9.950108493740206228e-01
9.947730257276213850e-01
9.945395621127867125e-01
9.943130605222353369e-01
9.940828333337105027e-01
9.938579748402046610e-01
9.936406317313496439e-01
9.934335035313158757e-01
9.932371317090711305e-01
9.930519526564994814e-01
9.928782861131684179e-01
9.927163451141705064e-01
9.925662465128759493e-01
9.924280026153138312e-01
9.923015194157842611e-01
9.921866044597208445e-01
9.920829594802986762e-01
9.919901727516137191e-01
9.919077261882809360e-01
9.918349924999185774e-01
9.917712294836730225e-01
9.917155985054632028e-01
9.916671800459908592e-01
9.916248345075265869e-01
9.915872412697749327e-01
9.915539027053411614e-01
9.915244735859756187e-01
9.914968112960867996e-01
9.914691330712452899e-01
9.914411361338938411e-01
9.914111795118932813e-01
9.913774319563884996e-01
9.913397444000457970e-01
9.912970654718431529e-01
9.912475687465149843e-01
9.911915201547898402e-01
9.911290398171223037e-01
9.910580789381885358e-01
9.909780720772598528e-01
9.908901937718274100e-01
9.907935375158218871e-01
9.906869543353855612e-01
9.905718043122672123e-01
9.904486871863862341e-01
9.903169910869121795e-01
9.901783189105090033e-01
9.900343472180539450e-01
9.898847406489389433e-01
9.897310077558914010e-01
9.895759558336458817e-01
9.894197540634342980e-01
9.892631439870133159e-01
9.891094759222582855e-01
9.889602795822055592e-01
9.888161661650600731e-01
9.886769970008109087e-01
9.885432271812654159e-01
9.884211763418968566e-01
9.883133845272850104e-01
9.882222908598302658e-01
9.881486918839721412e-01
9.880938588671407397e-01
9.880596245313338910e-01
9.880462528832386626e-01
9.880536265560730946e-01
9.880826505205371202e-01
9.881332812812377853e-01
9.882044001501723018e-01
9.882957243053386298e-01
9.884065957759508025e-01
9.885349827641403131e-01
9.886792982117293960e-01
9.888380801824753208e-01
9.890085652420966822e-01
9.891881203885793949e-01
9.893748451178085990e-01
9.895660189934494255e-01
9.897586471804299402e-01
9.899506321098375805e-01
9.901360866378529080e-01
9.903090226276414221e-01
9.904734497928961989e-01
9.906273600143352676e-01
9.907680012952655435e-01
9.908932221338579982e-01
9.910014488972586078e-01
9.910905358511563623e-01
9.911586265242885441e-01
9.912048664692154620e-01
9.912282662723401749e-01
9.912275957051095432e-01
9.912004342430188464e-01
9.911502504958362714e-01
9.910769825128801225e-01
9.909813211406377498e-01
9.908645408623965034e-01
9.907277429773277966e-01
9.905713964240128178e-01
9.903964148546722246e-01
9.902068637707995835e-01
9.900053337379725038e-01
9.897949843627127375e-01
9.895790787261568022e-01
9.893607841481355525e-01
9.891434550431521533e-01
9.889305475627607755e-01
9.887253547137874188e-01
9.885310694075694071e-01
9.883439492678128824e-01
9.881679422964748660e-01
9.880119789563650556e-01
9.878787792678634938e-01
9.877708050046951627e-01
9.876901061445865215e-01
9.876383746260547492e-01
9.876169673226030676e-01
9.876267500130812005e-01
9.876680792560283972e-01
9.877409375006357406e-01
9.878448997839508472e-01
9.879790460404085373e-01
9.881420564649608940e-01
9.883322775644998170e-01
9.885476129565282655e-01
9.887855311507188771e-01
9.890431883926494860e-01
9.893173450677885672e-01
9.896043219323652496e-01
9.899002065129813843e-01
9.902008676499491902e-01
9.905018675526124916e-01
9.907923072789731611e-01
9.910636117169067116e-01
9.913214570936265124e-01
9.915616466410095420e-01
9.917802819724992336e-01
9.919736737350899336e-01
9.921311291848378122e-01
9.922331787893290400e-01
9.923024069033329342e-01
9.923384067426022082e-01
9.923265239534732052e-01
9.922810652750306826e-01
9.922043618370741669e-01
9.920968394257566603e-01
9.919596259470229160e-01
9.917942309205554086e-01
9.916024106684169226e-01
9.913864906600157179e-01
9.911455725956276330e-01
9.908691717607073235e-01
9.905740210028036730e-01
9.902640521805672336e-01
9.899212131841870210e-01
9.897402669928249130e-01
9.895555262507530481e-01
9.891838636022187714e-01
9.888119225549550917e-01
9.884465559822387393e-01
9.880920503888047657e-01
9.877558608967993425e-01
9.874214500951523643e-01
9.871121634051959193e-01
9.868348671180907639e-01
9.865951466243958468e-01
9.863959198154627073e-01
9.862423496508913034e-01
9.861370321566066410e-01
9.860819478127480497e-01
9.860797496315483190e-01
9.861323798413902386e-01
9.862386693757042577e-01
9.863980278201157637e-01
9.866115771953217761e-01
9.868747434543495567e-01
9.871850493682080563e-01
9.875403092293767449e-01
9.879351846715545005e-01
9.883637177311600519e-01
9.888218216861530685e-01
9.893028977447391181e-01
9.897991226550857391e-01
9.903041711899395194e-01
9.908114758134679567e-01
9.913125874403873050e-01
9.917811462129931810e-01
9.922196071631395053e-01
9.926294194048741470e-01
9.929842527034126176e-01
9.932556613427828696e-01
9.934416823228764404e-01
9.935218064886349731e-01
9.934824288123466074e-01
9.934018084654846481e-01
9.932500875798121465e-01
9.930788201575511120e-01
9.928925773583974212e-01
9.926901542381699750e-01
9.924771882498962805e-01
9.922551200681908323e-01
9.920277209738869173e-01
9.917966689845770789e-01
9.915430160205782606e-01
9.912473902428088346e-01
9.909381309932007165e-01
9.905069695583972322e-01
9.900283525082135272e-01
9.894869338424846505e-01
9.889186597417100044e-01
9.883041814139422732e-01
9.876907554554318347e-01
9.870940138298449629e-01
9.865206217778146325e-01
9.859492415884598682e-01
9.854218319981302709e-01
9.849475985410452994e-01
9.845348228665122825e-01
9.841902032301446113e-01
9.839205844643776899e-01
9.837317863630252734e-01
9.836277722511375110e-01
9.836117889400750602e-01
9.836861540725588826e-01
9.838513993782026512e-01
9.841066195589927013e-01
9.844501811679950976e-01
9.848787518365941240e-01
9.853875059371800527e-01
9.859705648076033668e-01
9.866209068501849977e-01
9.873300378480190931e-01
9.880887144262755495e-01
9.888868933876375777e-01
9.897135546439621567e-01
9.905570051756217298e-01
9.914053309266516179e-01
9.922462311785416045e-01
9.930606386178523204e-01
9.938013932759575120e-01
9.944469108068407781e-01
9.948599182721226120e-01
9.949059536009849936e-01
9.947614142366856260e-01
9.945231004336088088e-01
9.942341810382954170e-01
9.939172438274722632e-01
9.935675224158687646e-01
9.932134478563300339e-01
9.928602651047312433e-01
9.925131606606554246e-01
9.921774978803580280e-01
9.918584914848428413e-01
9.915603867219472400e-01
9.912546378366414723e-01
9.909720216755227851e-01
9.907169013842064276e-01
9.904274873469051110e-01
9.901423630533059406e-01
9.897726700226270324e-01
9.892485208676338182e-01
9.884511629189843829e-01
9.875354576603042611e-01
9.865205801011409648e-01
9.855142078366688763e-01
9.845392151708801665e-01
9.835692863907565808e-01
9.826710641009691605e-01
9.818591752587468857e-01
9.811473026839991896e-01
9.805480410969371619e-01
9.800724867024431797e-01
9.797300320583431921e-01
9.795284712309070274e-01
9.794736423177089479e-01
9.795666375134703951e-01
9.798019492655668516e-01
9.801907058430043840e-01
9.807301846738434303e-01
9.814154401658862215e-01
9.822393665348105873e-01
9.831925375376572296e-01
9.842634369800341565e-01
9.854386715753663539e-01
9.867029925529615664e-01
9.880394238140016716e-01
9.894296771088594289e-01
9.908509982384356984e-01
9.922739657055178464e-01
9.936881262531888082e-01
9.950725143080897395e-01
9.963326424448898377e-01
9.968624729256676531e-01
9.966461174219684027e-01
9.962252599520083907e-01
9.957107629530744797e-01
9.951533659707361146e-01
9.945712015746851486e-01
9.939607178287278577e-01
9.933487160840298591e-01
9.927441697518786246e-01
9.921562403598154223e-01
9.915915966863255715e-01
9.910438671543791989e-01
9.905328388173516574e-01
9.900668161188823646e-01
9.896535028835506953e-01
9.892893904134311134e-01
9.889351571714771749e-01
9.886448156293258238e-01
9.883850282785379138e-01
9.881249204607714942e-01
9.877897703330431600e-01
9.872473401324021181e-01
9.861648380798834213e-01
9.846545917929858671e-01
9.829722886943150773e-01
9.813266074486902690e-01
9.796811051288881744e-01
9.781507488510630122e-01
9.767604642745827404e-01
9.755336125403847314e-01
9.744916356042604422e-01
9.736536906327984964e-01
9.730228060754124719e-01
9.726107410753261906e-01
9.724453378897649491e-01
9.725341102142669447e-01
9.728809322796835302e-01
9.734859179621707659e-01
9.743453393822402164e-01
9.754515946524175973e-01
9.767932505230899620e-01
9.783551379969351869e-01
9.801184999354064509e-01
9.820611963961011215e-01
9.841579789845668058e-01
9.863808021699055351e-01
9.886991873866621816e-01
9.910806497817291616e-01
9.934889576008405498e-01
9.958912203298441179e-01
9.982520304484161500e-01
9.989043198473910312e-01
9.972720204852120185e-01
9.951254549283327089e-01
9.931604546187314808e-01
9.914098075317212544e-01
9.899038033386088342e-01
9.886697406546929301e-01
9.877314540728491243e-01
9.871088749022273179e-01
9.868176588656543125e-01
9.863912234418670266e-01
9.861877234437966822e-01
9.862484177146315645e-01
9.865779502252739475e-01
9.871768035678963882e-01
9.865411789726967751e-01
9.860015181399577333e-01
9.855293860643681292e-01
9.851477747453781797e-01
9.848713166825526777e-01
9.846048642685961694e-01
9.844032428923246147e-01
9.840999468197286770e-01
9.834442753143065596e-01
9.815805312666415761e-01
9.789145922934781030e-01
9.761424471636693800e-01
9.733577610335886199e-01
9.707528185010072530e-01
9.683750742215851970e-01
9.662643963509820466e-01
9.644533139049850101e-01
9.629286089385495906e-01
9.617708538248194161e-01
9.610048270709934393e-01
9.606499721398298330e-01
9.607200031886929947e-01
9.612225787948055489e-01
9.621590575297968018e-01
9.635243546578613483e-01
9.653068826047020989e-01
9.674885762212606100e-01
9.700450267015370276e-01
9.729457186518667422e-01
9.761383979114617304e-01
9.795720482631481429e-01
9.832302653094738831e-01
9.870627923865430420e-01
9.910157876687641920e-01
9.933568825322284246e-01
9.941403212424551050e-01
9.949587129376603611e-01
9.926176388625115310e-01
9.888300793245297093e-01
9.851874161377008887e-01
9.818439421549672863e-01
9.788580633282830679e-01
9.762813857362523384e-01
9.741604760481137326e-01
9.725360526771705816e-01
9.714422574242389530e-01
9.708526971285565965e-01
9.708320863116119970e-01
9.713746700018125457e-01
9.724935895385007356e-01
9.741957734974047156e-01
9.752154499189491510e-01
9.765984493059781668e-01
9.784222304392699021e-01
9.795023788860411917e-01
9.789712548393667557e-01
9.785929096121924742e-01
9.783542382473606747e-01
9.782029544453484382e-01
9.781212662413810710e-01
9.777774559262797371e-01
9.764360415707136198e-01
9.724490387219626442e-01
9.678078638211249363e-01
9.631087197762575602e-01
9.586813543752660260e-01
9.546218436063139690e-01
9.509981998736839470e-01
9.477775678736144460e-01
9.451114437467394991e-01
9.430524959530836027e-01
9.416440075535821297e-01
9.409203774422182365e-01
9.409064402001580119e-01
9.416169234279405664e-01
9.430560448369260662e-01
9.452172487367068721e-01
9.480830838081988343e-01
9.515941846278236360e-01
9.556881873940741290e-01
9.603756218530092870e-01
9.655980069926567433e-01
9.712874477635449200e-01
9.773659195634595287e-01
9.817136581703371778e-01
9.841497782923790405e-01
9.849648773807188062e-01
9.859578403829338811e-01
9.864794744173234209e-01
9.813782507511182862e-01
9.749695135912282984e-01
9.689530400776574792e-01
9.632641942694742943e-01
9.581486155619932665e-01
9.537047571871080098e-01
9.500124454081589898e-01
9.471416518523242400e-01
9.451512817075150563e-01
9.440881517225825359e-01
9.439104860332576674e-01
9.446097202953916971e-01
9.462989087947651923e-01
9.489740434222433407e-01
9.526158314498854862e-01
9.569235401315401290e-01
9.598938074529329567e-01
9.635888622705188755e-01
9.679615395278909906e-01
9.678506487545343040e-01
9.676024147828760080e-01
9.675314493052743492e-01
9.675966791496551922e-01
9.676404179910688130e-01
9.669095339059470273e-01
9.620530766074892881e-01
9.544408669560672243e-01
9.465736439024354798e-01
9.390683394866212730e-01
9.321588189199538910e-01
9.258732849282266253e-01
9.203213255062134834e-01
9.156857312234288893e-01
9.120549382485139134e-01
9.095036086479244553e-01
9.080913531769422287e-01
9.078617294594726328e-01
9.088414980202839111e-01
9.110401066466842224e-01
9.144041384759563629e-01
9.188436397900444641e-01
9.244319378733814041e-01
9.311092358003254521e-01
9.387979350152669822e-01
9.474031177622783684e-01
9.558696099004651003e-01
9.626120893458612882e-01
9.686456811194790184e-01
9.693863000365969818e-01
9.706639443004637657e-01
9.719006131489705824e-01
9.719016661120420952e-01
9.633926222128700312e-01
9.525902897142175529e-01
9.424105235960683613e-01
9.329402168867056977e-01
9.242301237362655630e-01
9.166057762941598464e-01
9.102074170772215256e-01
9.051588066268200228e-01
9.015649825906104642e-01
8.995104709465290282e-01
8.989009089143407127e-01
8.997586102618628789e-01
9.022760445391463380e-01
9.064515874292315978e-01
9.122586485910360032e-01
9.196453024468315141e-01
9.279428281450553539e-01
9.340340356759554430e-01
9.413004041356710649e-01
9.496379278537686597e-01
9.494119739678713588e-01
9.494416015408804199e-01
9.498801503841570737e-01
9.502719366254539501e-01
9.500582599381435234e-01
9.453232885816788000e-01
9.331871570454306486e-01
9.201146526529758729e-01
9.074778386602043723e-01
8.958123752183217992e-01
8.850631318867885344e-01
8.756049368759603047e-01
8.676635048556742280e-01
8.613877554395995562e-01
8.569014124091751672e-01
8.543014639357042750e-01
8.536574097384349580e-01
8.550111298674393234e-01
8.581419246063626272e-01
8.632370621308264047e-01
8.703086654635872055e-01
8.792944888229752287e-01
8.901044089502220258e-01
9.023483207099062264e-01
9.151485158789521845e-01
9.253402016653523576e-01
9.367390323638015159e-01
9.436072943287205916e-01
9.446881254616888990e-01
9.463943343634950711e-01
9.482255386701232691e-01
9.478351837033197613e-01
9.348040345436667842e-01
9.168298501622477170e-01
8.997991546010120079e-01
8.840166042486542475e-01
8.693266766739621287e-01
8.564227701167104190e-01
8.455447506921823786e-01
8.369000784293351147e-01
8.306602487560040826e-01
8.269588877243716496e-01
8.254880620913679357e-01
8.265151566892323665e-01
8.302722706043619283e-01
8.367584367382601140e-01
8.459371873604977221e-01
8.577360608298655320e-01
8.720448964598551678e-01
8.839089416784238207e-01
8.958873432301304174e-01
9.097246218825876252e-01
9.194230026097290898e-01
9.195665588821110292e-01
9.201272086873309997e-01
9.211225147413547587e-01
9.217473377620691855e-01
9.180492665113094697e-01
8.998698221745182746e-01
8.785433459458033001e-01
8.576561128756741148e-01
8.383826155182414475e-01
8.205169899575933679e-01
8.048912511980941265e-01
7.918048054186234141e-01
7.814952227385016936e-01
7.741468401236589747e-01
7.698906267690864835e-01
7.687208975113664078e-01
7.700671832741602385e-01
7.744190102039893997e-01
7.820444154957407745e-01
7.929006828115019445e-01
8.069091187867916126e-01
8.233305892699682715e-01
8.425346261814736781e-01
8.571798242967647585e-01
8.741134349570846007e-01
8.931407833120764694e-01
9.030262264141255546e-01
9.044563846867725854e-01
9.065702842965387420e-01
9.091425186034125527e-01
9.085855740866265462e-01
8.899082302847639570e-01
8.613758787051070120e-01
8.337639603660226273e-01
8.082925844241904967e-01
7.845462318101819044e-01
7.637373643314675498e-01
7.463199249016919667e-01
7.326205504623528597e-01
7.228825113516698098e-01
7.169838824587092541e-01
7.144702086698830890e-01
7.162105178793144455e-01
7.221996565515743649e-01
7.323960537560907369e-01
7.467321218018110329e-01
7.651170395747425301e-01
7.872738106794078261e-01
8.059939816499468446e-01
8.249683031506125364e-01
8.470973228092493201e-01
8.720291012373473372e-01
8.726799157273398277e-01
8.731631273149006445e-01
8.747631344123745212e-01
8.759488574882398071e-01
8.730808836676227092e-01
8.493481267814076974e-01
8.162999067054157454e-01
7.995241497208250836e-01
7.833406012295764942e-01
7.533192261006538271e-01
7.387860242529056265e-01
7.128817263964094542e-01
7.013946061675646604e-01
6.909051463537565496e-01
6.816497031945006890e-01
6.668912306853770344e-01
6.605641314171062373e-01
6.521722583112322669e-01
6.479024929234672436e-01
6.481106140991352849e-01
6.498385771881206585e-01
6.573897384112065145e-01
6.695213161411542879e-01
6.864705307511143051e-01
7.065973422940177162e-01
7.309196440067636802e-01
7.510567633441724844e-01
7.741576581486051545e-01
8.001992878526835717e-01
8.307078911375768149e-01
8.436953579280195292e-01
8.451211707086108138e-01
8.469990351529986805e-01
8.498347658358906820e-01
8.486408441604512687e-01
8.414766889608010780e-01
8.046448093436380233e-01
7.825129040977091277e-01
7.414354803184356468e-01
7.214952222242617674e-01
7.031648986452265770e-01
6.850344977324708262e-01
6.680673911559059652e-01
6.522989406833663573e-01
6.379071445172564969e-01
6.141710819173438196e-01
6.040673593607930325e-01
5.897548792859848010e-01
5.843063058498259021e-01
5.781679224991933541e-01
5.770635550856615392e-01
5.827065175952328424e-01
5.928170529060984295e-01
6.077450595155293733e-01
6.278445603007681841e-01
6.537860346127856159e-01
6.842708694896945110e-01
7.130016762027809873e-01
7.396989414691417242e-01
7.724767443526131538e-01
8.089506258037235664e-01
8.110126308107898918e-01
8.107749361821339207e-01
8.122086967111170619e-01
8.130110807030080933e-01
8.126911462440450373e-01
8.096862885808353560e-01
7.998574400453946076e-01
7.804506382090080630e-01
7.354059334038649531e-01
7.118517267789152836e-01
7.003924904054404932e-01
6.891950711333162394e-01
6.781870411949716404e-01
6.573526400598893593e-01
6.470844194479294931e-01
6.373273109678838644e-01
6.184410233624857423e-01
6.093472626523048774e-01
5.930599762961525911e-01
5.781120513449663489e-01
5.652360827614231198e-01
5.533464862845913768e-01
5.432088379054645921e-01
5.349289519492312905e-01
5.284976887919665689e-01
5.239544310872140676e-01
5.211771934017201957e-01
5.195324306583439800e-01
5.208933407482979616e-01
5.290367878908069921e-01
5.426905197594054098e-01
5.602838189178924733e-01
5.817019534989381624e-01
6.088692750946709253e-01
6.372409363981815789e-01
6.626369573501927901e-01
6.917051095545796446e-01
7.293160623965047051e-01
7.701339521424408474e-01
7.797343612106036881e-01
7.795280722410160568e-01
7.797481436015417655e-01
7.807575933755001030e-01
7.823875276985163829e-01
7.824435081267475667e-01
7.820238582193798083e-01
7.798185611345346269e-01
7.701472008275671577e-01
7.491849814654868434e-01
7.237786739867828611e-01
7.100596526799776154e-01
6.962194556499525788e-01
6.821899044092427644e-01
6.553403493759281107e-01
6.424641779293889243e-01
6.172269828229742794e-01
6.059184372256128936e-01
5.832529140425247727e-01
5.620577842162559623e-01
5.511953078196100142e-01
5.323989273905479491e-01
5.240791250305641968e-01
5.156568959819871623e-01
5.018578826925694791e-01
4.948100481719712729e-01
4.894685565288349194e-01
4.795933884212338350e-01
4.673559503503855739e-01
4.640299164476111571e-01
4.616367350275760728e-01
4.678409004856767250e-01
4.714786529241453694e-01
4.848663628066631204e-01
5.033086514439766290e-01
5.151855831632398131e-01
5.420153243311502944e-01
5.744895219342038839e-01
6.102050332460031701e-01
6.462486574488273128e-01
6.777024167051054482e-01
7.189735246332294993e-01
7.636188756785000642e-01
7.591399988129420295e-01
7.579152579530827882e-01
7.579850877128254671e-01
7.578078693990898396e-01
7.584683596845546161e-01
7.578233150648231442e-01
7.566196081146775443e-01
7.525085190769137400e-01
7.474669423229632903e-01
7.406278036230908857e-01
7.297705844461771507e-01
7.055942162652990568e-01
6.781365397009082585e-01
6.644057526435767080e-01
6.369033897732092608e-01
6.105577133400881262e-01
5.973572623025866779e-01
5.850469444071714209e-01
5.614453457458818963e-01
5.500121724879293295e-01
5.394272640749516734e-01
5.290547436429174910e-01
5.099641049699913387e-01
5.008509440058426243e-01
4.927752775147067887e-01
4.850816401136785472e-01
4.777463692960455810e-01
4.708222226798977061e-01
4.644815181089868017e-01
4.540016856402210865e-01
4.472921280098685060e-01
4.424384336029765774e-01
4.385567313991027838e-01
4.362673328939818407e-01
4.349044690967135973e-01
4.357355345175666916e-01
4.438479179165693012e-01
4.577097078618886372e-01
4.761735377839423911e-01
4.995851682743950861e-01
5.276721067383611796e-01
5.591716292435283675e-01
5.899642181885644820e-01
6.136677343205974022e-01
6.480788542974840194e-01
6.884344333129306381e-01
7.386041382863451910e-01
7.414235875514597618e-01
7.390071749115834088e-01
7.387035860105548579e-01
7.394131897365675554e-01
7.402936062803946449e-01
7.397690906574080350e-01
7.393613946082177035e-01
7.377574540004104842e-01
7.359462575463974199e-01
7.242623794609756027e-01
7.002711131183403381e-01
6.875067117113624615e-01
6.577863418827728514e-01
6.436753157942673997e-01
6.352468229947171308e-01
6.277318108912740557e-01
6.130890123254070234e-01
5.979944448363462284e-01
5.843350023956048744e-01
5.766874600713044474e-01
5.637341396346823297e-01
5.500654768469673828e-01
5.378154889845997433e-01
5.137731716992406383e-01
4.918929478468609950e-01
4.714271120898814171e-01
4.598885884065195828e-01
4.495374850420747470e-01
4.402011042445589939e-01
4.248755744963637615e-01
4.200716951054846993e-01
4.123482159498274568e-01
4.092151623957365758e-01
4.056513161688931057e-01
4.024113828172651841e-01
4.053311268579151694e-01
4.151694499683955542e-01
4.226407575432962194e-01
4.408773423164152327e-01
4.656188768520627130e-01
4.792627614114754464e-01
5.106798839393288381e-01
5.449299962071477710e-01
5.826056900835235863e-01
6.185601527212728490e-01
6.524712379512924709e-01
6.939828622153416671e-01
7.430339590947130368e-01
7.368582403249626100e-01
7.349823259923222718e-01
7.340705291039888447e-01
7.337877112751267639e-01
7.332236089288955982e-01
7.325260423417866429e-01
7.310728368675264432e-01
7.265460498474056728e-01
7.210887135915527990e-01
7.138975757933840871e-01
7.024756465884121059e-01
6.769247849595668720e-01
6.489253411971906971e-01
6.337601218103402489e-01
6.200293966723243733e-01
6.051231258708256178e-01
5.910276633897466603e-01
5.770656835934789841e-01
5.701811444793007944e-01
5.570331652827807956e-01
5.439564360513733376e-01
5.259603672404906671e-01
5.081560392524618885e-01
4.928033389725245961e-01
4.846191317808807852e-01
4.777841989785280297e-01
4.705552441992930657e-01
4.639662090934738026e-01
4.576352972366491412e-01
4.456605431726841093e-01
4.405265615814545899e-01
4.348888522801781509e-01
4.260161617490687558e-01
4.178240722877738511e-01
4.118861144321472878e-01
4.062997529090918158e-01
4.028802156172707760e-01
4.015079445188324825e-01
4.014504839600082642e-01
4.059590604194351360e-01
4.110468932678126297e-01
4.270911851549514804e-01
4.325639951655407267e-01
4.460153327830562175e-01
4.711415458323158223e-01
5.007149483945816382e-01
5.326905874986613831e-01
5.456512781436465565e-01
5.714036253068099924e-01
5.942726502198865113e-01
6.226863325393107162e-01
6.633779829128146899e-01
6.739751491608153566e-01
6.992031696523810513e-01
7.320511470456028125e-01
7.279911539229054762e-01
7.255953715377779778e-01
7.259990320738017866e-01
7.265604454976155591e-01
7.258681955190086077e-01
7.253547875258404831e-01
7.250637152209868930e-01
7.217837401531800312e-01
7.168999666373643276e-01
7.099393353449089394e-01
6.997169291386799994e-01
6.863833969760052556e-01
6.725815813542771471e-01
6.577918884211313433e-01
6.432797461018455731e-01
6.280437301422225893e-01
6.124568950964475178e-01
5.971342057926241065e-01
5.683515829885391613e-01
5.396893878714486004e-01
5.273378517527623766e-01
5.140908086031097390e-01
5.023011100026572029e-01
4.906813091738573274e-01
4.790165627021094052e-01
4.680825692482970535e-01
4.575335779588121654e-01
4.480390869167825141e-01
4.387436278737549822e-01
4.306973276888200197e-01
4.228196989425651031e-01
4.161115554880429612e-01
4.097854796102413100e-01
4.000382402633799739e-01
3.955258199265743180e-01
3.925062155388369667e-01
3.896468072055152554e-01
3.863039931945455585e-01
3.848940403323571346e-01
3.841399701179198933e-01
3.860825127606447582e-01
3.873859815620870894e-01
3.926783933910778512e-01
4.078648682001581038e-01
4.290793039990885571e-01
4.557728829712057173e-01
4.707854357588114880e-01
5.036574832763364151e-01
5.392721565722633503e-01
5.771960155570857731e-01
6.137617509566201113e-01
6.456469404488401898e-01
6.863614758060304633e-01
7.379279350149844374e-01
7.318287849178970461e-01
7.296611948771654088e-01
7.284641829677863667e-01
7.278684522996157202e-01
7.270507086546903475e-01
7.271002073240844243e-01
7.260281367318240919e-01
7.246044694919235862e-01
7.200590698952890056e-01
7.147482133377381919e-01
7.076340666027097770e-01
6.961255810028346147e-01
6.836141802157307268e-01
6.704171212372531663e-01
6.561210365187333249e-01
6.274892199972769147e-01
6.129197462318248801e-01
5.984645871409357554e-01
5.839825685335661154e-01
5.699995508716555470e-01
5.563874904680855549e-01
5.431885350151496317e-01
5.304641369740934476e-01
5.181811603136428079e-01
5.065150988848819980e-01
4.952315849469652864e-01
4.846766177616885773e-01
4.745714017158298437e-01
4.651572903533243153e-01
4.561703487669062085e-01
4.477894446437230558e-01
4.399935998704053164e-01
4.323662174819976056e-01
4.193473929270978839e-01
4.135730505895758857e-01
4.087675467770320870e-01
4.044792662073539713e-01
3.982934454018822179e-01
3.944344685017261432e-01
3.934780451702510340e-01
3.934992260540198239e-01
3.946762021604117154e-01
3.984514350591193965e-01
4.043228990047333382e-01
4.213346196772978502e-01
4.261717879874103998e-01
4.373262207260436574e-01
4.633363304981224506e-01
4.936108187913251788e-01
5.266267452263392324e-01
5.438773190243221256e-01
5.763668316338522724e-01
5.992301571772131741e-01
6.288865654155129103e-01
6.699505158418892492e-01
7.198129228506059407e-01
7.308000897568545096e-01
7.284466803862309492e-01
7.264154259434397742e-01
7.244653257074966657e-01
7.235753938248347117e-01
7.237788468445244261e-01
7.242279840887486664e-01
7.235956090561636023e-01
7.230553649437123642e-01
7.227454561067816474e-01
7.215615884429592564e-01
7.196681375720785923e-01
7.083967733097212838e-01
6.852139073900238575e-01
6.572058534221640880e-01
6.418036064466279278e-01
6.272017051315066372e-01
6.111864820513369656e-01
5.959822236480688540e-01
5.810456284724178078e-01
5.663994841601048824e-01
5.524228387419428676e-01
5.385498393621257485e-01
5.256304970773283403e-01
5.006180213311828275e-01
4.787713129826906000e-01
4.664702079171486049e-01
4.568219215221924201e-01
4.465434978314268832e-01
4.420040521071513240e-01
4.333647135828581076e-01
4.290703923876498793e-01
4.216300042313637086e-01
4.143607201028645104e-01
4.084049189379234113e-01
4.025740984153586832e-01
3.979292285017953512e-01
3.936755784181518170e-01
3.878673251079470252e-01
3.842777110570989030e-01
3.823265783127374196e-01
3.822071087529533839e-01
3.847801961401409176e-01
3.969817208554253241e-01
4.148841577286744853e-01
4.397625884907203631e-01
4.693993621487915213e-01
5.029529615524536146e-01
5.392025094211135849e-01
5.769912120995501770e-01
6.134144533078834671e-01
6.450586276565178911e-01
6.845620441247420862e-01
7.351610703094767496e-01
7.318640087813280681e-01
7.295924607376635951e-01
7.282744950599782108e-01
7.276238443124083410e-01
7.266832296203379338e-01
7.267355956437570041e-01
7.255579617942095050e-01
7.253017087156981013e-01
7.242991543430167267e-01
7.227748118189455395e-01
7.199659228251500398e-01
7.151775401747946237e-01
6.974119118087942493e-01
6.721414425999300279e-01
6.435618701922090068e-01
6.290269233390767267e-01
6.146841345032827419e-01
6.001711060694517874e-01
5.857787689255754549e-01
5.717723929794319426e-01
5.581843077287391708e-01
5.449619870704758284e-01
5.322552083803646639e-01
5.199383450341035218e-01
5.081762612778089050e-01
4.969070242245257618e-01
4.862201579312895316e-01
4.761066436875336927e-01
4.665980556876277996e-01
4.576285334996620380e-01
4.491161633193692104e-01
4.412796630588937119e-01
4.335146716696264835e-01
4.264211267128097393e-01
4.199900422826355340e-01
4.142419755851411978e-01
4.091766467963543485e-01
4.047731228054504693e-01
4.010603446709536946e-01
3.980046682632100152e-01
3.940391914452326949e-01
3.925904598812596236e-01
3.930435970778479726e-01
3.952881793448313474e-01
3.998569855051130051e-01
4.152021106757520230e-01
4.244827014399278342e-01
4.481481737221196804e-01
4.767529915505474003e-01
5.092185069888922611e-01
5.435060588752014255e-01
5.779687043874706109e-01
5.992442652059911667e-01
6.295506358065755537e-01
6.687082483290419654e-01
7.177530315091947832e-01
7.314834363683444529e-01
7.290794987463736776e-01
7.271303803864592741e-01
7.250774826318795441e-01
7.240724865705633340e-01
7.241423543816968289e-01
7.245740892750841544e-01
7.247481041110604982e-01
7.234674351203068676e-01
7.222819712336489006e-01
7.203674194168865341e-01
7.165098507906617620e-01
7.015881916346102809e-01
6.748381886761517512e-01
6.528323803325144503e-01
6.416349112322435877e-01
6.304231952177112852e-01
6.072889193447569278e-01
5.953087423152783053e-01
5.737532465835883944e-01
5.520309091637114474e-01
5.418169986711371955e-01
5.225564347592138725e-01
5.126280094537342125e-01
5.038186156147359540e-01
4.949621028782691945e-01
4.778049206356489442e-01
4.617957935266601144e-01
4.541459517839194771e-01
4.404930050308268341e-01
4.315389414516288547e-01
4.240590072198664462e-01
4.167288975859594347e-01
4.047162268020493836e-01
3.998385458842150242e-01
3.917580665279661312e-01
3.870569929809571375e-01
3.841665681563077306e-01
3.839372514430628436e-01
3.849609807588034727e-01
3.895802457683311126e-01
4.039258179474968791e-01
4.248706409136666085e-01
4.520955649640783225e-01
4.673665946357847822e-01
5.011559045433434667e-01
5.376872209008974890e-01
5.756168630199510750e-01
6.131746867564171755e-01
6.445799701303751572e-01
6.831810656170800300e-01
7.329388505541105658e-01
7.324492115646535906e-01
7.301147002587911050e-01
7.281726593040842577e-01
7.271274544373880211e-01
7.270841080842886939e-01
7.259954160598433015e-01
7.249752768923177770e-01
7.209264175336901337e-01
7.168831584617900710e-01
7.108271618375402445e-01
6.887407394576838815e-01
6.752178955351167966e-01
6.616198393884893392e-01
6.470556741449902116e-01
6.325029186081655430e-01
6.181613821399652986e-01
6.036840342105733725e-01
5.892696027757847732e-01
5.751503971933420445e-01
5.615154343547001936e-01
5.481471287059300757e-01
5.353993430952629362e-01
5.229562600249861859e-01
5.111325441244054524e-01
4.997784864842485519e-01
4.889951866888422871e-01
4.787771442202398697e-01
4.691654529741490220e-01
4.519789419688931553e-01
4.434780848884704585e-01
4.360605497405705133e-01
4.285730336732176404e-01
4.220739122320705250e-01
4.161188332650920807e-01
4.108386540583122692e-01
4.022977766447733416e-01
3.992364991036539967e-01
3.965565315510909961e-01
3.931478339107444819e-01
3.931570730277121339e-01
3.927394383192922556e-01
3.951802133547976936e-01
3.989323402314651212e-01
4.142136616869942500e-01
4.228525985791796171e-01
4.461853501256117793e-01
4.741670339555817959e-01
5.067047543361119510e-01
5.411060536835938795e-01
5.782688665346866763e-01
5.982241600025088868e-01
6.298211707120918712e-01
6.670811169266767093e-01
7.165430930180851643e-01
7.294481025521747375e-01
7.276492356606927281e-01
7.255233744024534026e-01
7.244310691110923406e-01
7.243797725197066439e-01
7.248231408772241036e-01
7.244050858822108641e-01
7.237577799705923187e-01
7.229119110105434176e-01
7.209394384115361820e-01
7.179209822922020257e-01
7.037753967172932779e-01
6.789122263245721545e-01
6.673282828240817421e-01
6.458005633963702641e-01
6.343999564909669209e-01
6.226118113461599490e-01
6.109941645131170551e-01
5.992204492332006138e-01
5.882045976101376583e-01
5.767607477814428174e-01
5.560446419205743451e-01
5.346916596788213738e-01
5.256444474941039946e-01
5.156958115926959518e-01
5.067638223285467758e-01
4.895695914823923189e-01
4.806193482208472312e-01
4.724033113505003989e-01
4.642171354671757455e-01
4.566586665768150310e-01
4.426542434469207254e-01
4.337420672791497123e-01
4.260003130619378631e-01
4.124397531850639287e-01
4.011353299745416545e-01
3.935786773588440535e-01
3.899626419590241921e-01
3.879529677393088738e-01
3.860190972228091932e-01
3.839843408413319836e-01
3.832155873286654524e-01
3.837564675316549323e-01
3.849880300396650856e-01
3.891086941646023645e-01
4.033349583875004973e-01
4.122577887439132227e-01
4.360908836587041870e-01
4.648714224832045661e-01
4.985816465632215699e-01
5.351346170581890993e-01
5.735219574310235213e-01
6.118185718905516657e-01
6.439208623604063542e-01
6.812923132248207558e-01
7.314286511357692699e-01
7.326207717528692154e-01
7.302193327222683550e-01
7.287557980996719476e-01
7.282564891364510240e-01
7.271134080652400522e-01
7.269695144651323604e-01
7.259740900682185583e-01
7.251705841317213075e-01
7.235410202689073200e-01
7.213185841484236471e-01
7.179019851904022698e-01
7.117880351903254077e-01
6.911092728676251351e-01
6.643099008719965948e-01
6.499641767214693333e-01
6.352768142734790402e-01
6.209080845402596971e-01
6.064709409151214370e-01
5.919706112476089688e-01
5.777888886134162627e-01
5.639848806040008711e-01
5.506334787435230860e-01
5.376281766757625702e-01
5.251864193104817113e-01
5.131571808868148343e-01
5.017312702219344223e-01
4.907948750901512391e-01
4.804925706086455306e-01
4.707190389818320941e-01
4.616373854801233412e-01
4.528975122846702339e-01
4.448552810791658874e-01
4.371382459494098649e-01
4.297843603985490590e-01
4.231302327948740505e-01
4.171149527046901229e-01
4.118044161212319199e-01
4.071433010097618155e-01
4.031632381740859472e-01
3.998179039803986812e-01
3.952603538938874173e-01
3.931747331572731374e-01
3.933120033817663064e-01
3.948873568980780235e-01
3.988052209843886975e-01
4.049530559759902948e-01
4.219151895586616963e-01
4.444142733916160992e-01
4.721905992959802845e-01
5.041514321009432642e-01
5.385969724171567607e-01
5.751488122097524469e-01
5.972022135182364355e-01
6.267869753223924700e-01
6.658102065461605212e-01
7.137373046097543750e-01
7.295555066102021868e-01
7.256855605376102414e-01
7.244015142224771164e-01
7.249455721659632257e-01
7.246872313479488792e-01
7.239777824767369419e-01
7.235117443796892367e-01
7.213661379865080603e-01
7.136933595424492793e-01
6.947275116740617706e-01
6.812277421286454526e-01
6.669957208008076011e-01
6.379407607732437979e-01
6.066101608915603904e-01
5.914860105675314728e-01
5.765553160168583879e-01
5.481043063939036175e-01
5.226956709451235916e-01
5.091105017512356223e-01
4.979990836096309659e-01
4.861360488223724352e-01
4.748607192133041388e-01
4.640761998312792347e-01
4.587472627559820437e-01
4.491619023385375331e-01
4.352255242110885658e-01
4.242261245078330356e-01
4.044450915900391630e-01
3.965833298197377066e-01
3.917787883544875394e-01
3.897062096209980564e-01
3.856465807484020236e-01
3.845775440204880491e-01
3.835544755353257340e-01
3.828522496137344300e-01
3.840140021638686063e-01
3.843685582177603921e-01
3.862846608617765964e-01
3.911348011477838171e-01
3.985449925644961033e-01
4.162402857162254000e-01
4.413144053211105478e-01
4.630534563322332153e-01
4.965274551805773373e-01
5.331206184204483334e-01
5.710563068687958266e-01
6.102768323568187325e-01
6.415939897609642673e-01
6.793699347896404728e-01
7.285194432428874212e-01
7.327272070316294128e-01
7.302396960998258635e-01
7.281399570349501582e-01
7.270613736031964480e-01
7.268296798069562303e-01
7.259743306897725734e-01
7.255616367359706276e-01
7.237614834494481286e-01
7.218052904790321911e-01
7.188762237220630569e-01
7.052891304636711434e-01
6.933613450598107297e-01
6.806605584688686372e-01
6.673296728633121289e-01
6.528352348492652002e-01
6.382483702852157492e-01
6.237717458067756349e-01
6.093858121026903829e-01
5.948305742457404843e-01
5.805386156804560605e-01
5.665783887993823820e-01
5.531266439611142172e-01
5.399751810901947113e-01
5.274225350786002631e-01
5.152990006770873377e-01
5.037314684464280212e-01
4.926698365497508281e-01
4.822414769415424018e-01
4.723299553792836836e-01
4.631222389451942201e-01
4.543225033267310198e-01
4.387160070049269667e-01
4.309880943365216321e-01
4.243104465506928324e-01
4.181159526812397997e-01
4.078317701478851864e-01
4.006510385036600730e-01
3.974096635665999022e-01
3.955546175122098829e-01
3.931007159602173950e-01
3.930662197657895929e-01
3.946477269237039232e-01
3.981888189997327965e-01
4.124642485064277664e-01
4.209078072132901305e-01
4.431762980757813497e-01
4.703697715018817505e-01
5.021334571615063691e-01
5.361965327775091161e-01
5.736568663566519177e-01
5.951479581107265160e-01
6.259402417429318355e-01
6.627056790259996388e-01
7.116254510238326780e-01
7.324424926739817598e-01
7.281526390834311968e-01
7.259156861412170425e-01
7.246138979176317552e-01
7.243693026704908222e-01
7.250068882312030727e-01
7.249008429633755357e-01
7.236423993335842075e-01
7.233464517172026875e-01
7.218612112773968859e-01
7.150924616841012327e-01
7.079317870627582776e-01
6.844818803937516849e-01
6.735794677140329867e-01
6.513320677722157503e-01
6.409328503118573162e-01
6.290869210507551434e-01
6.175254279103302713e-01
6.058151255271776447e-01
5.944952916325753067e-01
5.726139319739020905e-01
5.512637006817208141e-01
5.410013988261564988e-01
5.309752530802972492e-01
5.214163941847893557e-01
5.120136317183097141e-01
5.029374592444528780e-01
4.943372566492867937e-01
4.857759412840424451e-01
4.693292435605718183e-01
4.609901871470368229e-01
4.537022982647793690e-01
4.464129923483528550e-01
4.376049719533650628e-01
4.293539884962197517e-01
4.217681511065938249e-01
4.092697749709999777e-01
4.033462231995144642e-01
3.952455392951467750e-01
3.889534965396094224e-01
3.859728390403001086e-01
3.837479954472687860e-01
3.846141621445884340e-01
3.947009957970959992e-01
4.104155861146474016e-01
4.335122128815904197e-01
4.614582424498651636e-01
4.945962820901039780e-01
5.307976540068048976e-01
5.685326360169191684e-01
6.084126554460211889e-01
6.400583696925838950e-01
6.766441437171898388e-01
7.254837136091888405e-01
7.334534772689128568e-01
7.308560088191611293e-01
7.285403475488803071e-01
7.272869232714221921e-01
7.266356753512969169e-01
7.259503118340939753e-01
7.232105561889691225e-01
7.202024238657692701e-01
7.151318214079960267e-01
6.971177676376236754e-01
6.844889542102595703e-01
6.713597341236583471e-01
6.570496831761751810e-01
6.425603883073331968e-01
6.280049341733484614e-01
6.137610497342519400e-01
5.991320640400219499e-01
5.847958095785992239e-01
5.708571396855095514e-01
5.571971093889587223e-01
5.441124921235914735e-01
5.313361642571240440e-01
5.191438705896576078e-01
5.074116152850335348e-01
4.860818966340724745e-01
4.756109580115426838e-01
4.664524528188888075e-01
4.573635388603223273e-01
4.490201157292427192e-01
4.412845820669853980e-01
4.335746501716406520e-01
4.205440663565072068e-01
4.146461698504526616e-01
4.098208404069629829e-01
4.018296977398909120e-01
3.968358073265383368e-01
3.938972411049568856e-01
3.939692532538042191e-01
3.947808592562827013e-01
4.039830134284597141e-01
4.204313536669836981e-01
4.420328858750212087e-01
4.691828940663559933e-01
5.003420299600602750e-01
5.344679920314868715e-01
5.715222944628306490e-01
5.952506662028903550e-01
6.228479515488934970e-01
6.614202246932091578e-01
7.071442071812986674e-01
7.303318231414063222e-01
7.285015372517573695e-01
7.263821939832304508e-01
7.249674017130227632e-01
7.245834984141873436e-01
7.252751837808329993e-01
7.253887429004389764e-01
7.240290682095410491e-01
7.236795355787237760e-01
7.227116559963328024e-01
7.208059164144466902e-01
7.167990231053313899e-01
7.104208647577548996e-01
7.016359414630874980e-01
6.744427361687022060e-01
6.459951451948549028e-01
6.301996944650583021e-01
6.150465337016493006e-01
5.840826461415834503e-01
5.771692613753017786e-01
5.626986595469809505e-01
5.555094895944121536e-01
5.421014661588225980e-01
5.158318747438186413e-01
5.043221938143863659e-01
4.921674820107732606e-01
4.811819053122981527e-01
4.696852672179068211e-01
4.594624965705358943e-01
4.495182098970955109e-01
4.404725210281835723e-01
4.319722921921363423e-01
4.170008924885174051e-01
4.058351623951422238e-01
3.962353760299718308e-01
3.904953877951512498e-01
3.847693134991369557e-01
3.853460572877113743e-01
3.941687430147230997e-01
4.096286961837399265e-01
4.317701519518421516e-01
4.596022911008103007e-01
4.920309130109568052e-01
5.281463977927968179e-01
5.655215287016268633e-01
6.074169075280106966e-01
6.367727367114623949e-01
6.734797096030505914e-01
7.207311083077204694e-01
7.343257240926186480e-01
7.315825720016100320e-01
7.289487720652854108e-01
7.281162072183688938e-01
7.276081401689354911e-01
7.271974842238110304e-01
7.263615691454941015e-01
7.240797678224807354e-01
7.175974810347585109e-01
7.114975596162654847e-01
6.894438415913013429e-01
6.760371599413477206e-01
6.481985386389699233e-01
6.332700050945986314e-01
6.190611860128554245e-01
5.905133454879387678e-01
5.760024662858754807e-01
5.625737247479246639e-01
5.490992373411868188e-01
5.363278162594231624e-01
5.239127562415817341e-01
5.120950269928198351e-01
5.006902291038531905e-01
4.899361770256358550e-01
4.705390573799619891e-01
4.610724315435789644e-01
4.527651890344014385e-01
4.446081938081081208e-01
4.369607417656304893e-01
4.297632506823627629e-01
4.231668157042845491e-01
4.124272155936251627e-01
4.075374194907489533e-01
4.038646368149012011e-01
4.004805055012905513e-01
3.980208559925660361e-01
3.948940493640509808e-01
3.942073239742669433e-01
3.944788727960018559e-01
3.962019650983854557e-01
4.068927133383965500e-01
4.191119742180686725e-01
4.403571091381316416e-01
4.670190122783240416e-01
4.982543339755952094e-01
5.318493368040632108e-01
5.685862394239311612e-01
5.914001201355548742e-01
6.209354340655244275e-01
6.562066532440417044e-01
7.039140369795144903e-01
7.307337571293052170e-01
7.287278232152787361e-01
7.266652808801125074e-01
7.250561923291074518e-01
7.244848959529532895e-01
7.252476415580689784e-01
7.241606699307082673e-01
7.237506964566320367e-01
7.214314033373621093e-01
7.184367704291161338e-01
7.128093903244023810e-01
7.047391027068453662e-01
6.793602002212415503e-01
6.650025483143229277e-01
6.500173306115752947e-01
6.204376532345512452e-01
5.895414632277211631e-01
5.745435963194661655e-01
5.602035009682264644e-01
5.462228753243394408e-01
5.327698903173666567e-01
5.075104821230908003e-01
4.853078334959467499e-01
4.728596934433451637e-01
4.629235719122867243e-01
4.433019246049427764e-01
4.345512654311447509e-01
4.267003165412042165e-01
4.191519038220979376e-01
4.127506070257939141e-01
4.066567934801941786e-01
3.975547342365015058e-01
3.932539918610842844e-01
3.885146245354570427e-01
3.853170513182415102e-01
3.837765318889162502e-01
3.840760136340773956e-01
3.872293883687327187e-01
3.999559926071161731e-01
4.081132643385259051e-01
4.301140387305722457e-01
4.575585429158837703e-01
4.896921232148042646e-01
5.253467461390168847e-01
5.626134434814005214e-01
6.043529137182492850e-01
6.342119547451435801e-01
6.700963398700412466e-01
7.173664210553835074e-01
7.343212276929971249e-01
7.314270809117396910e-01
7.294534246113013598e-01
7.284601352909402250e-01
7.277082674720493083e-01
7.268196316364459175e-01
7.258586218346321228e-01
7.255171347874023180e-01
7.238808844763889860e-01
7.185830855775989789e-01
7.038393080798344137e-01
6.919105707575163855e-01
6.789207464449577012e-01
6.654199628507428965e-01
6.509694319627147285e-01
6.364117245333770212e-01
6.219551840981598634e-01
6.076213921213780011e-01
5.930664824238291999e-01
5.788969373986554423e-01
5.650556342066039850e-01
5.516643986287186330e-01
5.386540317790952104e-01
5.145439134716673912e-01
5.025659369008844690e-01
4.918379707690012648e-01
4.813136597424361729e-01
4.715426174934045367e-01
4.623784138537297972e-01
4.535914669243725217e-01
4.454851451048927324e-01
4.376943293869707818e-01
4.303947839645084206e-01
4.235577941104752830e-01
4.125678495849419147e-01
4.035208466095484003e-01
4.003931888595421706e-01
3.955700628780851602e-01
3.934044730952672153e-01
3.934390131933594437e-01
3.949474692660376873e-01
4.052552084177259428e-01
4.173996152479511612e-01
4.382661045597278648e-01
4.645256427483845374e-01
4.953528015879131163e-01
5.288430939045121182e-01
5.654227042307804485e-01
5.899102547420761455e-01
6.183890794836890414e-01
6.535546252426557290e-01
6.997362675593973291e-01
7.309727870354678636e-01
7.288362232708425203e-01
7.268790135728729895e-01
7.251441358218995159e-01
7.244325299514629002e-01
7.247854312538319910e-01
7.251050917088618375e-01
7.242183465713959434e-01
7.234944879106607329e-01
7.197020568526284467e-01
7.069600600970762372e-01
6.828168499660782764e-01
6.530928359330933075e-01
6.236896272433147814e-01
6.080526095505031092e-01
5.927369988996078476e-01
5.780835184875821042e-01
5.491358335444257444e-01
5.236569714472826265e-01
5.104201987525331941e-01
4.879465268342831896e-01
4.653177894705065598e-01
4.448287100313078057e-01
4.371946278008556064e-01
4.279223841343813839e-01
4.246969814925717901e-01
4.173436552238089514e-01
4.109889699866998702e-01
4.053307230132438543e-01
4.025518655087738651e-01
3.983043025076726251e-01
3.939642700156257837e-01
3.911615892767605906e-01
3.883445384940494849e-01
3.867213694101315213e-01
3.853819106482960222e-01
3.836697582261920370e-01
3.837695992539837953e-01
3.866338566822627443e-01
3.914564372252836710e-01
4.068498532949970659e-01
4.165911705577139967e-01
4.415439875246295887e-01
4.556890609997591990e-01
4.875685101115180831e-01
5.228292882580437562e-01
5.595364082321971910e-01
6.007756369701044985e-01
6.308268577270954580e-01
6.673863676817251012e-01
7.127243565839121997e-01
7.343830974504789166e-01
7.292923635846447761e-01
7.274662535315463696e-01
7.266899887356539356e-01
7.265710625591701444e-01
7.259148214675507083e-01
7.254789600578180897e-01
7.252656648128277261e-01
7.238148779600799276e-01
7.220531230631425101e-01
7.190861473228776779e-01
7.134767552371792387e-01
6.945215854282946744e-01
6.816220970103296084e-01
6.685602686375267112e-01
6.540715301463192466e-01
6.395694950881279928e-01
6.250713520778816701e-01
6.107896643367118905e-01
5.823262852709089055e-01
5.713620483525198024e-01
5.613753979940999672e-01
5.511476622829329930e-01
5.413908760347819760e-01
5.225944028895670446e-01
5.136575118028431364e-01
4.968280804755749180e-01
4.883941972942794640e-01
4.736972689261788605e-01
4.595405013412640627e-01
4.530506336278685708e-01
4.412231253567427403e-01
4.350971320798109887e-01
4.247548114132492225e-01
4.154816423997098052e-01
4.090848254040234666e-01
4.036789475425621165e-01
3.993894471834263382e-01
3.961058234367009767e-01
3.939320277879630461e-01
3.927136762280487026e-01
3.933569151728905644e-01
3.963401386141172100e-01
4.013224720542600266e-01
4.162487625382024770e-01
4.366648064627450254e-01
4.632399977544461867e-01
4.940142863667675854e-01
5.279494249359155678e-01
5.638650741847620607e-01
5.900257149216175945e-01
6.155658218161963458e-01
6.517192248989924774e-01
6.958514570505955898e-01
7.312716811925316085e-01
7.290160421471828522e-01
7.270666077925436177e-01
7.251663567001044308e-01
7.242992516627945188e-01
7.245085029420494926e-01
7.248559118396948886e-01
7.241249155984387231e-01
7.233172065496369374e-01
7.201883121692163048e-01
7.154862469449757567e-01
7.086468170380934017e-01
6.848224451132181034e-01
6.571374317202685056e-01
6.266610516089692329e-01
6.114596097853347567e-01
5.958162456791276096e-01
5.882602804068959301e-01
5.736922436843451267e-01
5.591571858884987201e-01
5.455270516668148106e-01
5.319267351993850479e-01
5.193344541534262726e-01
5.068207371966293451e-01
4.846335048636968290e-01
4.737114125493807615e-01
4.558755938276972119e-01
4.473661510734308067e-01
4.393455878117649704e-01
4.321049300506751289e-01
4.191256898056895386e-01
4.081612269115680314e-01
4.031263277807283218e-01
3.957977243324340977e-01
3.896016583479292583e-01
3.866372156619651834e-01
3.841764761624087976e-01
3.832954030001314849e-01
3.832966961360492197e-01
3.848004362067294348e-01
3.915566226949276363e-01
3.984874683961113773e-01
4.168437533635483416e-01
4.283178739462010221e-01
4.539719520341808368e-01
4.855736101832494600e-01
5.213598651388823280e-01
5.579800647181679674e-01
5.991783576564281288e-01
6.288673635294503850e-01
6.659744242711084228e-01
7.102948587357448273e-01
7.349067068615259268e-01
7.296591280332758167e-01
7.284077763941653183e-01
7.277623377312905095e-01
7.268751256399406113e-01
7.256673078295985402e-01
7.242965707917006224e-01
7.198538724491343466e-01
7.149430354908805629e-01
7.082233211404471707e-01
6.846927370167645854e-01
6.713535682678689609e-01
6.572227383226230124e-01
6.427088515314359762e-01
6.281361258501295675e-01
6.138763706451303426e-01
5.992670527019510196e-01
5.849163587360293182e-01
5.708462206681759188e-01
5.572771691345772549e-01
5.440104595714042590e-01
5.313274880309177828e-01
5.190162024014184361e-01
5.072848192833318004e-01
4.960313731151850813e-01
4.853954224541673357e-01
4.663986399802069194e-01
4.568911657889589417e-01
4.488610624067591037e-01
4.333346128512040041e-01
4.261372637558348830e-01
4.198133126624759015e-01
4.140088053357718345e-01
4.089704598479200759e-01
4.045558177261465160e-01
4.009383570490888116e-01
3.977872807987684056e-01
3.940142127032142394e-01
3.926894037332634979e-01
3.927091027318780347e-01
3.935756214098039552e-01
3.971674258640395805e-01
4.107495185365501733e-01
4.149216727187952092e-01
4.241995392065717185e-01
4.475775520912523842e-01
4.761314589497696037e-01
5.084823776431046660e-01
5.253676256927413135e-01
5.616660025342599116e-01
5.883436878216156130e-01
6.149310852562854812e-01
6.496351646576411509e-01
6.947114587014108222e-01
7.312205916065193101e-01
7.270379367079927713e-01
7.250530449575661729e-01
7.241210701366735947e-01
7.242519183827118567e-01
7.246318733135451717e-01
7.239824463323261128e-01
7.230466677619913352e-01
7.201667064557170095e-01
7.161211916093019880e-01
7.011442696466472224e-01
6.908330064805532356e-01
6.811060122781203985e-01
6.587918928818139452e-01
6.484178634878536851e-01
6.372445605101026977e-01
6.255520862952914651e-01
6.139909594401641302e-01
6.020817269588832898e-01
5.798816916309245117e-01
5.687732525237473302e-01
5.582310430815530244e-01
5.373462615864806891e-01
5.183602953025548965e-01
5.087130756682011201e-01
4.999862063734991091e-01
4.912437713144037765e-01
4.745767205634079944e-01
4.608070310202778685e-01
4.487091745879084326e-01
4.372466573428420156e-01
4.266845798002741330e-01
4.181424720204979240e-01
4.096276280055501373e-01
4.030864253337098080e-01
3.970643215235408197e-01
3.887481080349162177e-01
3.855883000893831070e-01
3.824751242927418859e-01
3.902564144275360025e-01
3.961932779758555734e-01
4.139055349733699041e-01
4.370872919535383483e-01
4.517648580118960311e-01
4.829490231451339377e-01
5.187073525091152604e-01
5.555074456211014367e-01
5.966492255898303565e-01
6.281921019126716077e-01
6.643870025045345296e-01
7.081307404201787614e-01
7.355691137065235585e-01
7.324031434706472776e-01
7.301306428679105176e-01
7.287967481304153949e-01
7.282648269953424514e-01
7.272592906462612694e-01
7.272660684077590920e-01
7.261663853032215288e-01
7.250889963949438410e-01
7.209651249484245739e-01
7.107258133705186554e-01
7.001874338489186833e-01
6.750742975886473429e-01
6.610655525863675663e-01
6.467740651347138048e-01
6.320415357536960377e-01
6.177406848576066922e-01
6.032685214880162405e-01
5.888082079204750574e-01
5.747901011073445199e-01
5.610103307390188476e-01
5.477916309230062009e-01
5.348479504338083945e-01
5.225354179037162705e-01
5.106254051182865794e-01
4.993581721275686114e-01
4.885816575788651805e-01
4.784355262076386839e-01
4.688690457119587540e-01
4.598682229786076880e-01
4.513186464190512281e-01
4.433953812956712981e-01
4.288211415420908890e-01
4.162230355498911516e-01
4.069613074021190546e-01
3.998924522005591342e-01
3.972976822373717742e-01
3.944036326973323625e-01
3.936042721031927649e-01
3.940912164541745533e-01
3.957445818444970120e-01
4.000061415130413134e-01
4.146308949948302458e-01
4.341593677336196833e-01
4.597013884464468680e-01
4.898318890061928443e-01
5.231996655343537084e-01
5.588608491432209835e-01
5.861802452780533468e-01
6.125386658157555564e-01
6.469242023301786659e-01
6.909660093115629342e-01
7.318180233449745886e-01
7.293699138381557479e-01
7.255526926525327491e-01
7.244950201938867851e-01
7.244839560055493788e-01
7.248937984940919677e-01
7.251156827531346494e-01
7.239508177809332867e-01
7.230541216618571188e-01
7.210891097639035019e-01
7.179491149765510061e-01
7.121124801668287096e-01
6.913979496254569757e-01
6.639359260067416724e-01
6.486936050646259222e-01
6.344826914228135495e-01
6.031580480078160278e-01
5.732084610019052562e-01
5.592906854896211311e-01
5.451184864822872234e-01
5.195216090388860009e-01
4.956820417948554769e-01
4.728933551365967491e-01
4.621173817995999356e-01
4.520905192902781589e-01
4.427023370580847605e-01
4.340436252861601951e-01
4.261117101017022901e-01
4.187886221673929876e-01
4.123202601241603982e-01
4.064138992110871151e-01
3.970733127150264941e-01
3.904537367456970554e-01
3.878697579339795976e-01
3.855494522825141379e-01
3.836621005541935303e-01
3.835591454114979371e-01
3.873090988430296089e-01
3.925907086915587096e-01
4.083578177226609429e-01
4.300679738054150048e-01
4.506355386005611585e-01
4.815514541018300343e-01
5.168226122678257761e-01
5.534389549034604006e-01
5.940742503276555952e-01
6.258047623950580007e-01
6.613762082387099062e-01
7.043094819690201014e-01
7.359105502386082964e-01
7.302391754891432996e-01
7.287494718207665478e-01
7.282635946651125902e-01
7.271433641774565082e-01
7.270069782998292984e-01
7.260343605400307876e-01
7.256726875547090394e-01
7.252740927076395394e-01
7.214950862809367260e-01
7.120752136206781602e-01
7.030652383390605387e-01
6.912907818712106245e-01
6.781485895689366439e-01
6.646837215659827658e-01
6.502317979274996329e-01
6.356754488159055416e-01
6.212573414471440625e-01
6.068709290440298387e-01
5.923481080139411104e-01
5.781374763295561436e-01
5.643417958946640445e-01
5.509236114236123472e-01
5.379512574684307546e-01
5.254255078674214818e-01
5.134191319914064300e-01
5.019127949152983881e-01
4.909951989435190067e-01
4.712755621109653292e-01
4.617337800861516239e-01
4.532033536149446262e-01
4.449662484648294059e-01
4.372454550017743080e-01
4.299134506095849684e-01
4.231881697958867483e-01
4.172100999533958077e-01
4.071418833796788816e-01
4.034074349403238280e-01
3.998519467775577541e-01
3.974096882657032759e-01
3.940365942971230107e-01
3.942218262232312087e-01
3.971029469888176511e-01
4.020536815428783495e-01
4.136711214697113004e-01
4.327374965154165420e-01
4.583263583056339519e-01
4.882305875484004298e-01
5.216305151074333013e-01
5.568265063617885424e-01
5.861210063570302387e-01
6.102704243213973312e-01
6.450944690561474237e-01
6.873426253993983881e-01
7.324581554377138648e-01
7.282240151439355325e-01
7.259771098083998009e-01
7.247734117181608982e-01
7.246098557989926192e-01
7.251660763470907378e-01
7.249557874884691167e-01
7.238065512023004189e-01
7.235633524688763751e-01
7.195820375611173825e-01
7.064114707776446567e-01
6.891325925520462858e-01
6.784756140136495306e-01
6.678365631302830563e-01
6.566202446182898278e-01
6.455480227465931753e-01
6.347772491516552318e-01
6.225999965020307947e-01
6.113147749945668785e-01
5.994148201943848564e-01
5.884527428395690540e-01
5.771814404158670531e-01
5.561597962469231327e-01
5.454225452951189101e-01
5.356635157624605181e-01
5.166898986479383504e-01
5.070908336899542235e-01
4.985584160975234935e-01
4.815761804498942533e-01
4.676969050644137482e-01
4.550614572732094021e-01
4.432255726399388363e-01
4.325898663498443653e-01
4.228978489951973896e-01
4.144345880016984673e-01
4.069082409544681478e-01
4.006970194983535127e-01
3.954005105053926550e-01
3.913009850936028378e-01
3.866544277894932158e-01
3.835056675759048739e-01
3.895861927837055982e-01
4.024989504257395212e-01
4.226073000703893801e-01
4.482330078550287311e-01
4.798523139078799682e-01
5.143178808122704782e-01
5.515958952344250932e-01
5.912442365748831197e-01
6.260156462233057439e-01
6.581002960903289400e-01
7.026357484772345341e-01
7.368987433380298491e-01
7.310340991310724235e-01
7.294422512739532349e-01
7.288377403836558965e-01
7.278208042537067657e-01
7.275473326206312041e-01
7.267691759538768004e-01
7.263506164430655332e-01
7.261523474207512985e-01
7.247005234296665099e-01
7.200317977256023294e-01
7.143965354785767330e-01
7.069756540404922296e-01
6.952786020445472781e-01
6.825960721689431354e-01
6.694564468973758231e-01
6.549775593800606366e-01
6.263562733267266092e-01
6.117873273307018467e-01
5.973765897525418200e-01
5.829605658805975255e-01
5.691118172962749133e-01
5.555881810298364254e-01
5.425144757165061282e-01
5.299144345475930162e-01
5.177462019034366758e-01
5.061955153007532404e-01
4.950799672456787648e-01
4.846432464015132391e-01
4.747330525627133646e-01
4.654587765509299313e-01
4.566261472182512882e-01
4.483884036193530043e-01
4.406257844984012295e-01
4.331070301287782143e-01
4.262030296885984115e-01
4.199961315191752531e-01
4.144764554871209761e-01
4.096090642579747199e-01
4.054371049039182107e-01
4.019193457904129962e-01
3.990548698185922283e-01
3.954685868567035523e-01
3.942261242278199962e-01
3.948855484899961299e-01
3.972761575654731869e-01
4.020192684335731625e-01
4.130613545556692245e-01
4.318650051524084987e-01
4.567427145896038043e-01
4.863884873456169045e-01
5.196210318673839534e-01
5.548200769502902308e-01
5.843790045809252875e-01
6.091737612232700494e-01
6.424119234792032840e-01
6.850034386175629653e-01
7.328557156279568163e-01
7.301654645727551074e-01
7.284170788801849206e-01
7.248881795563275610e-01
7.245793469039043533e-01
7.252169050329843047e-01
7.251992088464868091e-01
7.244368486689592990e-01
7.239008339585084606e-01
7.222495613034453088e-01
7.203747735082315362e-01
7.157249009234716297e-01
6.990871258000727062e-01
6.855824607915481650e-01
6.718393637756645553e-01
6.569110824702047990e-01
6.423516990703632690e-01
6.270983796106813779e-01
6.114518588524254783e-01
5.961336373085845963e-01
5.812170387574612240e-01
5.667051502956479414e-01
5.526023750814177404e-01
5.390374044643297946e-01
5.133086977865427558e-01
5.016233183323677292e-01
4.899613225776295322e-01
4.676211954429695394e-01
4.574952148388879980e-01
4.476187755131905699e-01
4.307066664040707926e-01
4.228315269131790455e-01
4.160382741456145617e-01
4.097701282001675605e-01
3.995729171901428178e-01
3.953647053561237801e-01
3.919874050501584994e-01
3.892244590207347699e-01
3.871506542956668073e-01
3.849034099483152338e-01
3.833757647414355874e-01
3.847083815019692876e-01
3.881796838587157628e-01
4.017924426524802639e-01
4.208445121823008450e-01
4.466294449551005963e-01
4.771700171450918848e-01
5.120455654273925461e-01
5.488466832858619471e-01
5.886734131160141770e-01
6.227275595853671852e-01
6.568977823787199855e-01
6.990596016098568066e-01
7.370989284100641914e-01
7.310496362579824714e-01
7.293346442638433125e-01
7.285886090569172469e-01
7.276397359707039714e-01
7.272346347414423429e-01
7.265972718014177545e-01
7.258606258284751034e-01
7.232268039847552510e-01
7.203177163067484567e-01
7.154496356797740431e-01
6.977204907717100557e-01
6.721415702642399292e-01
6.580388370999622483e-01
6.435540678161180139e-01
6.289984607266765337e-01
6.147200883489932766e-01
6.001729270899303081e-01
5.857905592115478788e-01
5.718188143757750863e-01
5.582032230696321040e-01
5.450081749519086749e-01
5.322810113603103632e-01
5.200034245769076247e-01
4.976079047274165057e-01
4.862856695105493565e-01
4.766221100323289050e-01
4.583020598033993309e-01
4.496353845218148959e-01
4.346137978253936107e-01
4.271458090084713777e-01
4.154118210844230941e-01
4.101084747018010623e-01
4.058258272702615632e-01
4.020414522399348156e-01
3.969196607990707615e-01
3.940135539290997579e-01
3.938917975969254415e-01
3.984786834018534951e-01
4.038495835446241911e-01
4.115588834386906258e-01
