0.000000000000000000e+00
-4.151440279376344069e-10
-1.719625480738785934e-09
-3.986689961411441275e-09
-8.204866014902221203e-09
-1.579172970862240986e-08
-2.730807577997772245e-08
-4.380258035614677875e-08
-6.698551077633053579e-08
-9.745662263287623313e-08
-1.351790051660980132e-07
-1.811403095232723664e-07
-2.370047460911730933e-07
-3.042260354863245310e-07
-3.836112499430119542e-07
-4.759206555473986252e-07
-5.836694115057273926e-07
-7.102785502184780792e-07
-8.576253533383379025e-07
-1.028147801438126543e-06
-1.226663406358544885e-06
-1.456607977703641690e-06
-1.720240309440166454e-06
-2.022585222480104932e-06
-2.368254839864100686e-06
-2.759403436996770131e-06
-3.200690502169339009e-06
-3.697803435419518324e-06
-4.253523437710966648e-06
-4.871954280225363559e-06
-5.558710907764869585e-06
-6.316549983447602858e-06
-7.148725747615810913e-06
-8.060862718308130944e-06
-9.056427529606600563e-06
-1.013764877022199445e-05
-1.130869127510820977e-05
-1.257338633541929640e-05
-1.393436184378281739e-05
-1.539528052192381963e-05
-1.695993676497757426e-05
-1.863102775193978939e-05
-2.041195629509944161e-05
-2.230630342816829564e-05
-2.431611610938884646e-05
-2.644372062193725204e-05
-2.869184448815100216e-05
-3.106154818015421644e-05
-3.355381575928678310e-05
-3.617045614489039479e-05
-3.891163093067569304e-05
-4.177640330817078987e-05
-4.476476838660439853e-05
-4.787600949124539579e-05
-5.110794555778461494e-05
-5.445886646534928448e-05
-5.792665985683634062e-05
-6.150757866152682315e-05
-6.519830244203888290e-05
-6.899589484540687926e-05
-7.289584988920274169e-05
-7.689352441737840255e-05
-8.098523035817581047e-05
-8.516631391542595205e-05
-8.943133261684290043e-05
-9.377555705047107431e-05
-9.819376534531839792e-05
-1.026797869300679266e-04
-1.072279269683680129e-04
-1.118324042380855737e-04
-1.164866853941407438e-04
-1.211844784703540733e-04
-1.259193844275712361e-04
-1.306843701116318780e-04
-1.354728420107774336e-04
-1.402784089271735097e-04
-1.450939514624726128e-04
-1.499125556787082446e-04
-1.547278304531342764e-04
-1.595330763173634858e-04
-1.643218775614677628e-04
-1.690885572262156543e-04
-1.738274397138735085e-04
-1.785332587068227353e-04
-1.832017953020362733e-04
-1.878290172345072583e-04
-1.924109555992132398e-04
-1.969446171422920802e-04
-2.014275353916866675e-04
-2.058572480647894310e-04
-2.102321409808122590e-04
-2.145514123937919393e-04
-2.188142999219375823e-04
-2.230206435096362733e-04
-2.271712128524618361e-04
-2.312669322273957194e-04
-2.353090607839953836e-04
-2.392995764510341510e-04
-2.432404624492419680e-04
-2.471336977829793674e-04
-2.509817993801716500e-04
-2.547872474204823483e-04
-2.585522006015766373e-04
-2.622790859512271204e-04
-2.659702255392788523e-04
-2.696272418025770783e-04
-2.732514453043953170e-04
-2.768435706988890579e-04
-2.804029638049815873e-04
-2.839278693272179123e-04
-2.874155198643548099e-04
-2.908613206126312847e-04
-2.942589322588166261e-04
-2.976006475903310473e-04
-3.008767888029708010e-04
-3.040756653426821584e-04
-3.071841554399087795e-04
-3.101873147415090768e-04
-3.130681268139815215e-04
-3.158082545109780980e-04
-3.183881543173071576e-04
-3.207868116588358872e-04
-3.229824719872548136e-04
-3.249532441578478065e-04
-3.266770302797843118e-04
-3.281320509984311405e-04
-3.292974588480121999e-04
-3.301531560387094277e-04
-3.306798554083176483e-04
-3.308593871987470483e-04
-3.306741965577807249e-04
-3.301067639251856287e-04
-3.291394479196129070e-04
-3.277536863341280033e-04
-3.259288043376715139e-04
-3.236413453293646592e-04
-3.208642352662098031e-04
-3.175655898167555080e-04
-3.137080943616105382e-04
-3.092486765449832618e-04
-3.041381451802659965e-04
-2.983215950968748191e-04
-2.917393671906036673e-04
-2.843278801290167221e-04
-2.760209563333340058e-04
-2.667517181417685670e-04
-2.564540999330629993e-04
-2.450641598805988015e-04
-2.325216386053875566e-04
-2.187711518447240332e-04
-2.037630022499646262e-04
-1.874541141430695736e-04
-1.698086668754103599e-04
-1.507983262502373041e-04
-1.304026647087304976e-04
-1.086094474088050081e-04
-8.541440034982266240e-05
-6.082104986342527092e-05
-3.484069643614252535e-05
-7.492101219549965888e-06
2.119872648374687430e-05
5.119839503851637087e-05
8.246597247585897247e-05
1.149525865470077748e-04
1.486006510567164124e-04
1.833432230502104186e-04
2.191034708807778166e-04
2.557940375556381758e-04
2.933167900426712120e-04
3.315631160556205682e-04
3.704143655015452162e-04
4.097425548912086600e-04
4.494114765736056494e-04
4.892778452300614901e-04
5.291925168953085087e-04
5.690019997861455511e-04
6.085499553854675737e-04
6.476787052733267748e-04
6.862311429351428170e-04
7.240528309807417765e-04
7.609940021595915961e-04
7.969117042770201397e-04
8.316719617183761324e-04
8.651515486912227581e-04
8.972394632886888585e-04
9.278381272149505447e-04
9.568640744737738060e-04
9.842483402421496261e-04
1.009936820622321738e-03
1.033890481060098857e-03
1.056085537733980400e-03
1.076513875444163422e-03
1.095183507360278146e-03
1.112118910478347928e-03
1.127361334163829972e-03
1.140968912460205067e-03
1.153016383427115776e-03
1.163594544242443646e-03
1.172809466670777893e-03
1.180781416815929316e-03
1.187643682880202634e-03
1.193540250371378239e-03
1.198624437570370476e-03
1.203059969090893282e-03
1.207018807791558710e-03
1.210677609171423655e-03
1.214217544466659115e-03
1.217822266928456900e-03
1.221673208397028526e-03
1.225947278216336488e-03
1.230813791016219195e-03
1.236428758421091907e-03
1.242933140334548337e-03
1.250454846887942388e-03
1.259107911344315746e-03
1.268987875982280052e-03
1.280167509466351291e-03
1.292695330723380278e-03
1.306595205290648869e-03
1.321865386039776944e-03
1.338478818518762468e-03
1.356383524503909557e-03
1.375501314918192979e-03
1.395730157537038944e-03
1.416947774206392570e-03
1.439007342606371401e-03
1.461734343529917310e-03
1.484931811640945740e-03
1.508380074032803679e-03
1.531833764779026589e-03
1.555027899797232441e-03
1.577680189788724808e-03
1.599490809265085352e-03
1.620154792420756568e-03
1.639371773372080062e-03
1.656847167811238133e-03
1.672302636693711935e-03
1.685484961616532393e-03
1.696163642308322296e-03
1.704137275805213186e-03
1.709244281663157379e-03
1.711360705006191541e-03
1.710401829549173126e-03
1.706333690701781775e-03
1.699173426327445138e-03
1.688985556437435243e-03
1.675887719195827711e-03
1.660048179404205590e-03
1.641675231225285872e-03
1.621017012040338549e-03
1.598358856008088007e-03
1.574009037853738718e-03
1.548292749369813539e-03
1.521553099349069261e-03
1.494143518033656196e-03
1.466422914973997170e-03
1.438760129567425231e-03
1.411530457418845889e-03
1.385107007050362035e-03
1.359860644579925738e-03
1.336156842449462423e-03
1.314344683755304605e-03
1.294752775845226531e-03
1.277687582750784267e-03
1.263424870047987619e-03
1.252206031016259722e-03
1.244239786774944956e-03
1.239696219263790268e-03
1.238700928678594226e-03
1.241336493226257148e-03
1.247638563395413354e-03
1.257588138067203959e-03
1.271110452254709802e-03
1.288072140305610794e-03
1.308275468248544125e-03
1.331461617473794247e-03
1.357317124510985752e-03
1.385476296532923935e-03
1.415529180492676800e-03
1.447033071625724362e-03
1.479518206300119111e-03
1.512494856720921496e-03
1.545463885067247748e-03
1.577921299466664281e-03
1.609361889532361306e-03
1.639288968179485832e-03
1.667221918056305437e-03
1.692700598264327075e-03
1.715294484595552942e-03
1.734612034966983695e-03
1.750306061971840070e-03
1.762080969201888087e-03
1.769699357483873678e-03
1.772982235307513912e-03
1.771808763240909643e-03
1.766118069804130690e-03
1.755907754776395808e-03
1.741232314629086999e-03
1.722205550045544792e-03
1.699001810520591295e-03
1.671855854467672268e-03
1.641065096543711755e-03
1.606990032602387567e-03
1.570050449365665689e-03
1.530721410593168484e-03
1.489527914247058306e-03
1.447036095282785637e-03
1.403844619840867230e-03
1.360576396091602719e-03
1.317868125046301906e-03
1.276361130601358883e-03
1.236694719625887513e-03
1.199497761275536640e-03
1.165379125325797073e-03
1.134919107195615307e-03
1.108658872504813620e-03
1.087088290195339056e-03
1.070635626444017005e-03
1.059657712331544968e-03
1.054430361127653469e-03
1.055142685898340527e-03
1.061894375479317202e-03
1.074693636266975351e-03
1.093457968661666439e-03
1.118017231056137343e-03
1.148115803615658509e-03
1.183415425127775809e-03
1.223499752621810214e-03
1.267877765766285171e-03
1.315987229522210282e-03
1.367200589685588176e-03
1.420831918412654958e-03
1.448388615215633101e-03
1.476274487288468116e-03
1.532490587029727630e-03
1.588798638388667873e-03
1.644395525632565136e-03
1.698462932170950431e-03
1.750190575559223104e-03
1.798792482842778793e-03
1.843498410662223466e-03
1.883586786215639061e-03
1.918380494057863326e-03
1.947268436032448041e-03
1.969719673089029375e-03
1.985275410099819875e-03
1.993531569235387768e-03
1.994192129168651136e-03
1.987102827527254759e-03
1.972207847144644491e-03
1.949558609092533245e-03
1.919342476938210593e-03
1.881862109225950755e-03
1.837512731701415949e-03
1.786810405528434622e-03
1.730384611624628940e-03
1.668950942467160728e-03
1.603317941150867896e-03
1.534378745505876737e-03
1.463091189793681987e-03
1.390467647701363512e-03
1.317560308170662338e-03
1.245438484108324795e-03
1.175189425428658759e-03
1.107900566731519340e-03
1.044629845470936794e-03
9.863901687369753136e-04
9.341211661000943956e-04
8.886898175188510246e-04
8.508912899356821206e-04
8.214271717395773198e-04
8.008868333143095942e-04
7.897441853956605135e-04
7.883504572333311115e-04
7.969214813919162609e-04
8.155268598273102739e-04
8.440904199562748646e-04
8.823968557663773842e-04
9.300794271012342591e-04
9.866228444157583866e-04
1.051379388646002172e-03
1.123569776584533268e-03
1.202276284520325872e-03
1.286467253245024249e-03
1.375026662898898430e-03
1.466749589696041177e-03
1.560355684730079092e-03
1.654513286054979651e-03
1.747840673725587976e-03
1.838932108136260733e-03
1.926395852007425783e-03
2.008864112742747392e-03
2.085005598869727264e-03
2.153564145599950238e-03
2.213376365129008164e-03
2.263380592438266146e-03
2.302639873841787980e-03
2.330361326183948319e-03
2.345905966204321538e-03
2.348803365667547893e-03
2.338764393603882680e-03
2.315682419501587010e-03
2.279638214423633860e-03
2.230903980146453375e-03
2.169941177735890993e-03
2.097403436113478084e-03
2.014138327079039153e-03
1.921167356204789940e-03
1.819667254636873292e-03
1.710962973668086161e-03
1.596510704295431423e-03
1.477874539038725879e-03
1.356708642248405155e-03
1.234738662725051467e-03
1.113735563693420529e-03
9.954905218861416407e-04
8.817956010001184834e-04
7.744111693849298249e-04
6.750370378397073552e-04
5.852957866789426904e-04
5.067056137652218954e-04
4.406485598638832540e-04
3.883516749041861899e-04
3.508653683622202932e-04
3.290364171639056316e-04
3.234959743009358066e-04
3.346532440194125552e-04
3.626832641973726213e-04
4.075163107216535591e-04
4.688343498181766003e-04
5.460686292274885036e-04
6.384028446353624559e-04
7.447815419773202517e-04
8.639172423742965930e-04
9.943056087947231992e-04
1.134247379762441015e-03
1.281867521359384603e-03
1.435138192759908594e-03
1.591908289772015796e-03
1.749932566886020380e-03
1.906902225632749930e-03
2.060482535425369605e-03
2.208346403978214949e-03
2.348204190126912481e-03
2.477838343690182653e-03
2.595137231069713241e-03
2.698126107327248127e-03
2.785002161789493225e-03
2.854168414572951298e-03
2.904257557508220511e-03
2.934154280462683909e-03
2.943019963832989826e-03
2.930310012983884573e-03
2.895783912730220261e-03
2.839515372577807503e-03
2.761898299275172396e-03
2.663646733059275590e-03
2.545791462319635639e-03
2.409670776075273965e-03
2.256915827657534918e-03
2.089433920405280119e-03
1.909388585495089838e-03
1.719173983584586663e-03
1.521384996916776318e-03
1.318783276581352894e-03
1.114257102363950657e-03
9.107800491732107821e-04
7.113702554410856159e-04
5.190469671780234377e-04
3.367856858271765525e-04
1.674740830771230917e-04
1.386731064118777041e-05
-1.214559950299002531e-04
-2.361342454025458179e-04
-3.280627382126789782e-04
-3.954318489778915302e-04
-4.367587526567250663e-04
-4.509138155676276440e-04
-4.371454785281096646e-04
-3.951006886865329943e-04
-3.248371443601142153e-04
-2.268298651585114612e-04
-1.019724026608546431e-04
4.843005135947221252e-05
2.226730672808641218e-04
4.186687367998567734e-04
6.339676642785092983e-04
8.657874936382845693e-04
1.111046055220896731e-03
1.366400471769083904e-03
1.628291606726774967e-03
1.892991560325999910e-03
2.156655246668789071e-03
2.415375881792618078e-03
2.665241369057793058e-03
2.902391466586939049e-03
3.123076715300974939e-03
3.323716672457737061e-03
3.500956504629853475e-03
3.651721478359864440e-03
3.773266706364443879e-03
3.863222418980307403e-03
3.919636586134883464e-03
3.941012224430200800e-03
3.926337717004869769e-03
3.875111911081000234e-03
3.787361970504620184e-03
3.663651918501975406e-03
3.505084141007580069e-03
3.313294567735430331e-03
3.090439095669754617e-03
2.839171830979081261e-03
2.562617092887930093e-03
2.264333913670677628e-03
1.948272804080694847e-03
1.618726309099492548e-03
1.280273410628314946e-03
9.377179148480452135e-04
5.960227504546980384e-04
2.602408588415416825e-04
-6.455820754964375927e-05
-3.733644454195674933e-04
-6.613039115899043861e-04
-9.237145045894078676e-04
-1.156219872254971590e-03
-1.354799635975776880e-03
-1.515855269763902386e-03
-1.636271198842312313e-03
-1.713469566948096125e-03
-1.745457918322482682e-03
-1.730869259598131083e-03
-1.668993485627078823e-03
-1.559799948862679352e-03
-1.403951129456294496e-03
-1.202806207416407674e-03
-9.584147731376330050e-04
-6.735017620428919655e-04
-3.514424647811701351e-04
3.773059761661053700e-06
3.875850821842005494e-04
7.949186109648713949e-04
1.220246885670001448e-03
1.657662447586960835e-03
2.100955420518274552e-03
2.543699330479517410e-03
2.979342698035594879e-03
3.401304707429749722e-03
3.803074262026505132e-03
4.178310367796566824e-03
4.520941480510889433e-03
4.825262590352800800e-03
5.086028211808512819e-03
5.298539115238779136e-03
5.458721762237337197e-03
5.563199211120950158e-03
5.609352093228005785e-03
5.595368879940072065e-03
5.520284750951299710e-03
5.384008654426326521e-03
5.187339022024478608e-03
4.931968254921050530e-03
4.620475289228173285e-03
4.256306145308855725e-03
3.843742678873537065e-03
3.387859299673948426e-03
2.894467767373636816e-03
2.370050554395940028e-03
1.821682863897333259e-03
1.256943509349298799e-03
6.838155840522925841e-04
1.105778327547189915e-04
-4.543123512162714622e-04
-1.002342558539218598e-03
-1.525073377927485584e-03
-2.014268691387644233e-03
-2.462025882597522908e-03
-2.860903140621505903e-03
-3.204041499143877193e-03
-3.485279560712829447e-03
-3.699258406011113592e-03
-3.841514430352644879e-03
-3.908558873698203540e-03
-3.897943199500633095e-03
-3.808309752810221886e-03
-3.639427703125900585e-03
-3.392214336123610882e-03
-3.068741689090835438e-03
-2.672228703532767650e-03
-2.207018980039499468e-03
-1.678543927290151137e-03
-1.093271121866189926e-03
-4.586376478951104661e-04
2.170319651783983483e-04
9.246233447722587706e-04
1.654345366572739602e-03
2.395858467601671635e-03
3.138417160747148781e-03
3.871024949666935187e-03
4.582599279537305330e-03
5.262143411042876327e-03
5.898921597697638457e-03
6.482633950932791510e-03
7.003587030602913786e-03
7.452855900379091146e-03
7.822433879266650972e-03
8.105366990036789662e-03
8.295870620168585216e-03
8.389426802411486389e-03
8.382861552562447319e-03
8.274402388164670691e-03
8.063716705510596411e-03
7.751932137880805304e-03
7.341640046445543563e-03
6.836882991002795305e-03
6.243126745964678800e-03
5.567217025855797710e-03
4.817320460018297695e-03
4.002848798560106752e-03
3.134364963482884348e-03
2.223469358951080284e-03
1.282665130781405777e-03
3.252018237266549798e-04
-6.351021126951195313e-04
-1.584056474825939771e-03
-2.507313331249089085e-03
-3.390593808413130180e-03
-4.219922373317325920e-03
-4.981862463919455898e-03
-5.663746868045224994e-03
-6.253896347410532741e-03
-6.741820454995091881e-03
-7.118395480746413616e-03
-7.376016015752759336e-03
-7.508718335063360033e-03
-7.512275341948542948e-03
-7.384264331869463960e-03
-7.124109938591346135e-03
-6.733105048001293558e-03
-6.214412558852815474e-03
-5.573050475730513542e-03
-4.815861721676855702e-03
-3.951468686244434189e-03
-2.990211117576186198e-03
-1.944064541201185334e-03
-8.265354172442503132e-04
3.474710078508683056e-04
1.561813912515856067e-03
2.799313919080946653e-03
4.041984787300155826e-03
5.271298286802598813e-03
6.468478237510779869e-03
7.614816925761353807e-03
8.692004780587491916e-03
9.682462349836150686e-03
1.056966260336930641e-02
1.133843174369385948e-02
1.197521799072165730e-02
1.246832012514304845e-02
1.280807069283690369e-02
1.298697237374407502e-02
1.299978945394675289e-02
1.284359933132838208e-02
1.251781122498937804e-02
1.202416029753655864e-02
1.136668509624192899e-02
1.055169473599107920e-02
9.587729698531950728e-03
8.485516843061296360e-03
7.257915755039796510e-03
5.919850334982043778e-03
4.488216978392313948e-03
2.981759357318320390e-03
1.420899926216718330e-03
-1.724801113403310541e-04
-1.775317628899479800e-03
-3.363702179530361595e-03
-4.913264250096347797e-03
-6.399607642649975635e-03
-7.798771326501267344e-03
-9.087701921321172244e-03
-1.024471544973198922e-02
-1.124992665311107080e-02
-1.208562613160246539e-02
-1.273658992589939663e-02
-1.319031237216670982e-02
-1.343716038196053099e-02
-1.347045471223763669e-02
-1.328649022408008237e-02
-1.288451160827796052e-02
-1.226666302620315480e-02
-1.143792930386323091e-02
-1.040608280144453279e-02
-9.181644323746481970e-03
-7.777859221117383766e-03
-6.210682094859094893e-03
-4.498756350010695362e-03
-2.663369229036841208e-03
-7.283598159697293219e-04
1.280042642975295301e-03
3.333469612818167234e-03
5.401766619081857512e-03
7.453453638391172899e-03
9.456286659639866546e-03
1.137790348389228039e-02
1.318652630212192346e-02
1.485168488753162673e-02
1.634491867610211521e-02
1.764041489852856068e-02
1.871554405214348460e-02
1.955126338069857958e-02
2.013237274535956134e-02
2.044762338239746596e-02
2.048969611245451267e-02
2.025507909971465542e-02
1.974388421784313910e-02
1.895964425137895704e-02
1.790913043459116741e-02
1.660222161903734256e-02
1.505184394053490395e-02
1.327398464541546322e-02
1.128776753275436383e-02
9.115562288236567223e-03
6.783087808468971601e-03
4.319462480829096632e-03
1.757153154497314912e-03
-8.682200069530494153e-04
-3.518254800501924469e-03
-6.152331023026019058e-03
-8.728365692786727373e-03
-1.120373782887056947e-02
-1.353634051553121234e-02
-1.568569830349519564e-02
-1.761407251532701168e-02
-1.928746939938548802e-02
-2.067646998344024878e-02
-2.175681756210243525e-02
-2.250972743113307736e-02
-2.292191897717872281e-02
-2.298540636878836779e-02
-2.269711381676640591e-02
-2.205840000829851696e-02
-2.107458171898560911e-02
-1.975453905270689245e-02
-1.811046674315482108e-02
-1.615780994230326534e-02
-1.391539164769820501e-02
-1.140570537290462941e-02
-8.655314509798421249e-03
-5.695273850482768241e-03
-2.561473668817605773e-03
7.051939894586839409e-04
4.058933475703134681e-03
7.449470035122641477e-03
1.082283171191379505e-02
1.412248734230522190e-02
1.729080625359046691e-02
2.027076973282266464e-02
2.300782507418880005e-02
2.545173444158620873e-02
2.755824456796358846e-02
2.929040365915277361e-02
3.061938681399640691e-02
3.152475719970969370e-02
3.199417348542154399e-02
3.202263611532260579e-02
3.161142785498274876e-02
3.076693583949446573e-02
2.949954161679304437e-02
2.782273977405380280e-02
2.575260443559121426e-02
2.330767275004507963e-02
2.050925768391251638e-02
1.738214013538271971e-02
1.395552722348435311e-02
1.026411020459000976e-02
6.349026209145333666e-03
2.258533761496396824e-03
-1.951747702742831795e-03
-6.219125990467561094e-03
-1.047469297737878974e-02
-1.464476335591414699e-02
-1.865289501788608417e-02
-2.242245689614641435e-02
-2.587962193060033486e-02
-2.895652479051486275e-02
-3.159420460685032767e-02
-3.374493843699704482e-02
-3.537366141652115159e-02
-3.645829331387921007e-02
-3.698894251130925570e-02
-3.696616617515000036e-02
-3.639865312459270724e-02
-3.530076354787725634e-02
-3.369031376935219257e-02
-3.158689827600171668e-02
-2.901094207258586924e-02
-2.598358870995627623e-02
-2.252744225989142951e-02
-1.866807543936887040e-02
-1.443608645871691416e-02
-9.869360955109748867e-03
-5.015123694942569439e-03
6.860696178850932223e-05
5.312416263629637578e-03
1.063581363145972743e-02
1.594841117379182036e-02
2.115189021714785483e-02
2.614283476405071874e-02
2.854165610312332096e-02
3.084821350127600267e-02
3.509689469383775462e-02
3.705299353729493705e-02
4.051641906356396455e-02
4.202810621385218853e-02
4.337693455169133044e-02
4.455649659457679851e-02
4.636315193793819761e-02
4.701980307357757349e-02
4.778511869280568231e-02
4.786061373816447723e-02
4.727482830167153288e-02
4.674571029533002020e-02
4.521513048579951094e-02
4.309457997683042996e-02
4.041819688544753819e-02
3.721262219506252245e-02
3.350331631609632793e-02
2.930948856183359513e-02
2.465560010622661058e-02
1.957133785859145950e-02
1.409470864260897217e-02
8.276604226576641035e-03
2.181971291634166032e-03
-4.111545406664108074e-03
-1.051034558152743811e-02
-1.690296879289979529e-02
-2.008005325993874809e-02
-2.624807077987215478e-02
-2.924536864547116685e-02
-3.488515087818491039e-02
-3.753970781686175734e-02
-4.004545788336288242e-02
-4.238080420852501778e-02
-4.453376507807928208e-02
-4.649051154527442803e-02
-4.824270397992120457e-02
-5.105789871305670830e-02
-5.216243297602736473e-02
-5.367248579196855912e-02
-5.411409658503528453e-02
-5.433434691804260586e-02
-5.374175792241919769e-02
-5.240183603843025228e-02
-5.035567260384294502e-02
-4.766453972990573884e-02
-4.436338542382148309e-02
-4.049121493183187315e-02
-3.606278748000385503e-02
-3.110224153801641536e-02
-2.562114496220999418e-02
-1.964266498708374178e-02
-1.320160079372464761e-02
-6.359819223121078099e-03
8.012250021284945652e-04
8.187261011002786720e-03
1.194130348987651642e-02
1.946175888326449541e-02
2.322382834237472424e-02
2.695598196956910247e-02
3.063161700485919625e-02
3.767034113424702624e-02
4.104583969078493683e-02
4.268907333596291820e-02
4.428953634526087285e-02
4.584664621825339931e-02
4.880175767335932085e-02
5.020974858593994783e-02
5.156479232012600722e-02
5.408296134692840151e-02
5.525864083507320279e-02
5.740524471284826763e-02
5.928536273614621460e-02
6.089549505967110227e-02
6.222708331133275372e-02
6.328290092962261804e-02
6.406095243556671204e-02
6.457044495631258929e-02
6.481649147702024660e-02
6.481085274815559516e-02
6.406778975824854727e-02
6.337571684971936292e-02
6.137914159865336117e-02
5.865028850129420240e-02
5.527244565635803381e-02
5.128661336417277006e-02
4.673002553928611025e-02
4.161201826285059607e-02
3.594788357064222784e-02
2.974195229258133968e-02
2.301353596548850328e-02
1.579173459208596531e-02
8.146907979807412395e-03
1.686593296178979032e-04
-3.927067824348208849e-03
-8.074385210421041598e-03
-1.225668773704796308e-02
-1.645414710776424774e-02
-2.065034160963497706e-02
-2.482603702812150037e-02
-2.896452045657130908e-02
-3.304602697890507423e-02
-3.703483865616892523e-02
-3.899576681493534952e-02
-4.092783116031713936e-02
-4.282239245180122222e-02
-4.648216826508150268e-02
-4.824818487730221650e-02
-5.161437201323629265e-02
-5.321746711766377896e-02
-5.621091893995472377e-02
-5.893694515388468030e-02
-6.020148818136508706e-02
-6.249354227153900571e-02
-6.351968977869333621e-02
-6.446129369598958825e-02
-6.608823606905409043e-02
-6.678310935411897742e-02
-6.740071190398082279e-02
-6.836682113790423787e-02
-6.932329200956900694e-02
-6.937667402724831400e-02
-6.865960892551110917e-02
-6.694413671365569141e-02
-6.577256210828440197e-02
-6.285637476409705604e-02
-5.924999472451826510e-02
-5.722054913860667030e-02
-5.270031146027409630e-02
-4.762306513836035704e-02
-4.198466537378266888e-02
-3.578700863439832069e-02
-2.900791252391663605e-02
-2.167150838682388794e-02
-1.379649985868405641e-02
-5.450526965493480980e-03
-1.119498288167595492e-03
7.742837952772404185e-03
1.226376219770928047e-02
1.681185330153793511e-02
2.136243077097944518e-02
2.590076122565530131e-02
3.040601593553746151e-02
3.265209201974084152e-02
3.488158524547439049e-02
3.709545671954756624e-02
4.143721145812983425e-02
4.566593498674525325e-02
4.774098240370389795e-02
5.174855851145766794e-02
5.554773286673658772e-02
5.737350859671381392e-02
5.913874415651218519e-02
6.243392439558443502e-02
6.398173608122968703e-02
6.545291390221445738e-02
6.683849543981627839e-02
6.933032361020480261e-02
7.044866181073355937e-02
7.147724833670689171e-02
7.240889632137249843e-02
7.324267053055649734e-02
7.398522946690198887e-02
7.463055096966129953e-02
7.563489542972147428e-02
7.615215085324247846e-02
7.647443417925170461e-02
7.660251858111423451e-02
7.654946719803915056e-02
7.591662821232228464e-02
7.515613351824784738e-02
7.290041822567969176e-02
6.981017897636045133e-02
6.601543202230877871e-02
6.160582078968437209e-02
5.664608705602838107e-02
5.116368718138345623e-02
4.516611304555902956e-02
3.861897759748034870e-02
3.151072224593283455e-02
2.382737105266967068e-02
1.559047300293282118e-02
6.857029517438151082e-03
-2.226978228958645129e-03
-6.880039469445801796e-03
-1.157070023687014997e-02
-1.627298325003058779e-02
-2.096984178299995949e-02
-2.331678072990856290e-02
-2.797572901820029670e-02
-3.029642878309707008e-02
-3.487813089620384749e-02
-3.940959153935601200e-02
-4.163526126061333626e-02
-4.598929402152933388e-02
-4.811926376120118087e-02
-4.916905342324191797e-02
-5.020580935368935266e-02
-5.225088567572769988e-02
-5.423978800059044147e-02
-5.617902402673821682e-02
-5.712796650697966189e-02
-5.896935861218349784e-02
-6.075101269830615602e-02
-6.244941943388524624e-02
-6.560888247479181035e-02
-6.840955240255106040e-02
-7.084351986993508987e-02
-7.218412284579414639e-02
-7.337090700434088786e-02
-7.439739741411602325e-02
-7.596676128989174326e-02
-7.643286898930948259e-02
-7.706198688224405458e-02
-7.724679486894095448e-02
-7.733266622242195021e-02
-7.652320404236109819e-02
-7.555273648466524772e-02
-7.303778536001753752e-02
-7.145541461086686585e-02
-6.774155353553602821e-02
-6.339048193304923362e-02
-6.100746394659386368e-02
-5.585036147135782891e-02
-5.021000633282209080e-02
-4.406116850460519568e-02
-3.736507227355316541e-02
-3.007997498338442835e-02
-2.219481188675487965e-02
-1.370654484835331054e-02
-4.695502235877375627e-03
-1.674084164698902655e-05
4.744782353598701007e-03
9.570617231263480601e-03
1.442972874161542116e-02
2.410538448148330168e-02
2.893666968756922545e-02
3.372962619197544115e-02
3.611121376679804484e-02
3.847494104227938000e-02
4.081526332195919982e-02
4.540966833743995124e-02
4.986686147001428288e-02
5.205475828684204276e-02
5.420483800542784392e-02
5.629823556037431842e-02
5.833902036946510272e-02
6.031822141671983745e-02
6.128559968954727655e-02
6.316925433898068487e-02
6.497892010553313336e-02
6.753760225719383781e-02
6.991173765163197218e-02
7.207523643782520750e-02
7.308435365624058044e-02
7.403560981444542999e-02
7.493138323455844629e-02
7.576737117066141558e-02
7.654766046049173156e-02
7.792989573820166549e-02
7.853476024889663454e-02
7.908025964837564481e-02
7.998800242560664964e-02
8.067032745481837741e-02
8.112196015191756870e-02
8.137432612157671774e-02
8.134493899736150446e-02
8.105452718366341902e-02
8.051076603811706256e-02
7.874653602575366895e-02
7.738954754261273550e-02
7.403022398245596991e-02
7.282147096234214967e-02
7.021443384791782594e-02
6.556078311345608922e-02
6.041339555456141236e-02
5.480844303551710844e-02
5.258761597382274888e-02
4.793492687740469327e-02
4.128212146160067236e-02
3.408299021166938392e-02
2.628630408224616119e-02
2.424394537154878765e-02
2.003879968181944762e-02
1.122246580296716416e-02
1.932946648321699551e-03
-7.640716684837334065e-03
-1.251168246845574261e-02
-1.738858721106663688e-02
-2.225107881118813802e-02
-2.467899322072614199e-02
-2.709745936429936580e-02
-3.187607189456868884e-02
-3.425169353355767693e-02
-3.660901927674921341e-02
-3.894497314209181826e-02
-4.125495211448047816e-02
-4.353566067918991644e-02
-4.578405815387947414e-02
-4.799842168961044458e-02
-5.017358249913728141e-02
-5.230680658548740591e-02
-5.439446955842418968e-02
-5.837794017504532862e-02
-6.213835739642252498e-02
-6.392477177748831507e-02
-6.563051435875197348e-02
-6.725444446634096241e-02
-6.878956124245556858e-02
-7.023134788637491743e-02
-7.158084044334968310e-02
-7.282837973726122294e-02
-7.397872521146399427e-02
-7.502476484605669071e-02
-7.596628496233026606e-02
-7.680687081079620726e-02
-7.753777769592640201e-02
-7.816880169120708766e-02
-7.909962680767868015e-02
-7.942479650111614053e-02
-7.965235411731035053e-02
-7.978103271201344993e-02
-7.976339541934542032e-02
-7.937980929235607941e-02
-7.906773881481531097e-02
-7.821017666977979343e-02
-7.767207733429359884e-02
-7.639967797331764787e-02
-7.315432292950489745e-02
-6.915523394231944121e-02
-6.454191084497325204e-02
-6.203932658446173476e-02
-5.668379548879065588e-02
-5.087302890433540586e-02
-4.459804071353512533e-02
-3.780949675372526075e-02
-3.045845698121733489e-02
-2.248159988507623247e-02
-1.388033361242047188e-02
-4.706532006722928888e-03
6.117088399119370709e-05
4.924934925968775350e-03
9.848524022834018524e-03
1.481008452043824919e-02
1.977917569863404598e-02
2.473280137215095112e-02
2.964623583669782902e-02
3.450278364261859937e-02
3.691425525080176823e-02
3.930519736002785480e-02
4.167213362429739165e-02
4.401185020307417373e-02
4.632111753816436223e-02
4.859676609745680609e-02
5.301283042190956668e-02
5.517105193491896736e-02
5.728477190637441124e-02
5.934102764402728047e-02
6.133871901212573086e-02
6.326874719563174709e-02
6.512860540114873142e-02
6.691361617321674171e-02
6.861591760330670864e-02
7.023420667345764423e-02
7.176358026374039800e-02
7.320033309737809801e-02
7.454210646772783944e-02
7.578412031647101255e-02
7.692428925518413063e-02
7.795950616934907429e-02
7.888980705250235592e-02
7.971425177909249871e-02
8.103061391598406771e-02
8.153945584326777185e-02
8.194635437696241864e-02
8.224925177281044997e-02
8.254774145891442816e-02
8.247482869814055928e-02
8.231009000114945795e-02
8.172271271835915285e-02
8.081972093343436914e-02
7.963573038420918015e-02
7.819291892925549214e-02
7.463954023435308283e-02
7.363045557547308329e-02
7.148911678653917245e-02
6.676770384515372248e-02
6.155925364242946507e-02
5.591788805694774406e-02
5.293987290946023522e-02
4.664077711235502244e-02
3.985111509389634155e-02
3.251577255622543905e-02
2.458234662673352069e-02
1.604252299689079564e-02
1.155015859494391318e-02
6.923701985196448715e-03
2.180720610328860509e-03
-2.647936796642716677e-03
-7.533272048154155721e-03
-1.244638745409857097e-02
-1.736610515445882394e-02
-2.227163878904784081e-02
-2.472100435397672769e-02
-2.715941629608844762e-02
-2.958354932020198017e-02
-3.199173981512159343e-02
-3.672981310577051739e-02
-4.137880661102672636e-02
-4.590514904496174192e-02
-4.813326056390031249e-02
-5.032532441409149487e-02
-5.246622278634244935e-02
-5.455855290576105271e-02
-5.659823657215650589e-02
-5.857725925501705566e-02
-6.049930344340609389e-02
-6.234927306197565744e-02
-6.413013080848822822e-02
-6.743918369117257727e-02
-7.039569769749039196e-02
-7.175568683368625800e-02
-7.301935564627039243e-02
-7.418158380677293551e-02
-7.472348349140607582e-02
-7.573034686027545204e-02
-7.619279272013684823e-02
-7.704278907979535129e-02
-7.778768804153277094e-02
-7.842491742946822164e-02
-7.896670272535266655e-02
-7.939805671847080526e-02
-7.973584557527679806e-02
-8.009603887250647813e-02
-8.008812137155332800e-02
-7.972714079465546833e-02
-7.903623751055872948e-02
-7.804255124347740658e-02
-7.524535584980653058e-02
-7.156941308746678221e-02
-6.719701286095119963e-02
-6.227215010115269567e-02
-5.687861216370836137e-02
-5.105461289949499853e-02
-4.478772861825991436e-02
-3.802694428634868090e-02
-3.069972893247933238e-02
-2.276387686978939562e-02
-1.421296875901411835e-02
-5.086234943283913894e-03
-3.220125051995145391e-04
4.546188041493712598e-03
9.486255218484005922e-03
1.446317422687875415e-02
1.944903632922558023e-02
2.441643518670136986e-02
2.689400674800727573e-02
2.935855359745029314e-02
3.180860500233149285e-02
3.424061518309329949e-02
3.665580676264792309e-02
4.140159694551565073e-02
4.603751401288744272e-02
5.054498716946539960e-02
5.275601897663642625e-02
5.491998534409021915e-02
5.703307490341908564e-02
5.909065483523374268e-02
6.108654287968940527e-02
6.301747219127595834e-02
6.487829705799026681e-02
6.666629582610265892e-02
6.837640769485384129e-02
7.000387221648053659e-02
7.154410225155148628e-02
7.299154502677651646e-02
7.434430355061928675e-02
7.559959008015239290e-02
7.675573971687056629e-02
7.781055063393985116e-02
7.876141210067065523e-02
7.960800740688270261e-02
8.034804678620295626e-02
8.098337091424934187e-02
8.151309528790864900e-02
8.194035412050838796e-02
8.226562604633520792e-02
8.249181105645297940e-02
8.262002161292064661e-02
8.258598042146972351e-02
8.219398979871803124e-02
8.147320450813830273e-02
8.045169743352192926e-02
7.915859235494487889e-02
7.584911851598299948e-02
7.388769138928234781e-02
6.944871853029954689e-02
6.445286620556907320e-02
5.900373638053713760e-02
5.314272567684641402e-02
4.686323267845157042e-02
4.010972756593455396e-02
3.281314176290642953e-02
2.493636920193001427e-02
1.647547572786555586e-02
1.202400963241843229e-02
7.431704572746122145e-03
2.717090824335782057e-03
-2.091037290934650086e-03
-6.964395549915533210e-03
-1.187652950203710658e-02
-1.680239270078966174e-02
-1.926939243288674358e-02
-2.416802885921880140e-02
-2.902169882418898644e-02
-3.143648743508101195e-02
-3.383356428569515156e-02
-3.853939074629004341e-02
-4.315099460890971239e-02
-4.653707068719938750e-02
-4.820540950998954133e-02
-4.985122804699816668e-02
-5.304974546604503127e-02
-5.461460993934882935e-02
-5.764085382892287363e-02
-6.052468737745086286e-02
-6.192078786330152546e-02
-6.456685785936056021e-02
-6.583033872529286956e-02
-6.705353982566271409e-02
-6.822078440343917749e-02
-7.040610396983291996e-02
-7.237687367011884365e-02
-7.328125957867631657e-02
-7.492214332711159830e-02
-7.588990167704195988e-02
-7.676179353418634277e-02
-7.752733185553224715e-02
-7.874032818274968870e-02
-7.920401404599883288e-02
-7.981865401482982070e-02
-8.004695676739333188e-02
-7.990091783344074883e-02
-7.859585734404132829e-02
-7.808722873758737471e-02
-7.687279947985291295e-02
-7.369521369608521277e-02
-6.970418577822280748e-02
-6.506953050091938973e-02
-6.255265061659959214e-02
-5.716888830901039470e-02
-5.135192186008883525e-02
-4.509996200794273019e-02
-3.835788397018796703e-02
-3.106526053388889222e-02
-2.317471063360963812e-02
-1.467923289767150696e-02
-5.605600903314415101e-03
-8.730938110117727373e-04
8.846081536335512890e-03
1.380060046797224743e-02
1.877967100123482252e-02
2.375530307905040356e-02
2.870053581717619748e-02
3.359240200860724029e-02
3.602025143702756310e-02
3.842565997911079334e-02
4.313510923178959927e-02
4.546071882366217731e-02
4.775599847679262017e-02
5.001218011702007749e-02
5.223023295053128012e-02
5.440097373057432156e-02
5.652327776826699540e-02
5.859386725309009836e-02
6.060249678221133612e-02
6.254956507863720927e-02
6.442556578323689609e-02
6.622911510705484228e-02
6.795305469607439142e-02
6.959425855018387674e-02
7.114913100057622397e-02
7.261255592771011236e-02
7.398365044235079291e-02
7.525846349470785568e-02
7.748642256765182756e-02
7.845997025690959470e-02
7.933286514489067132e-02
8.009816172281215840e-02
8.075977384798757597e-02
8.131815910991357921e-02
8.177167630662307563e-02
8.237643350064587089e-02
8.253134686867114045e-02
8.259422847637822029e-02
8.244255867864966336e-02
8.193291789542056502e-02
8.155959503093526686e-02
8.058455260836264178e-02
7.933300212605773338e-02
7.608980804328827063e-02
7.415619493802011464e-02
6.976890054805308383e-02
6.480934518787834220e-02
5.936992100859728866e-02
5.350226286079948212e-02
4.721522321364301361e-02
4.046465887712463044e-02
3.318810992380646224e-02
2.535177030490478461e-02
1.693860657589468105e-02
7.983278602233983071e-03
3.312031664758626620e-03
-1.458467208989965925e-03
-6.308001544332794697e-03
-1.120403589452407221e-02
-1.612551352969689503e-02
-2.104007756541265151e-02
-2.349640094735166301e-02
-2.835937334684482738e-02
-3.077962741266672755e-02
-3.318490317315851007e-02
-3.793494603678639054e-02
-4.256000832915533133e-02
-4.426930528744239812e-02
-4.763060399632797204e-02
-4.928509229512476053e-02
-5.091382577109764690e-02
-5.251808607736153933e-02
-5.409054663609709490e-02
-5.563653686792178338e-02
-5.714965130049800418e-02
-6.005370735589393022e-02
-6.282336486976186629e-02
-6.414599163322176612e-02
-6.542583773525038893e-02
-6.665767818144252566e-02
-6.896512887622252563e-02
-7.004857416073026477e-02
-7.108386461592280936e-02
-7.206248817833579845e-02
-7.298436412810613283e-02
-7.465235957016351509e-02
-7.563837119299467171e-02
-7.653327808733059734e-02
-7.798107919605866412e-02
-7.904173557251789606e-02
-7.969439121805639570e-02
-7.988181485830113393e-02
-7.997796420093096492e-02
-7.997642989914159617e-02
-7.970712838572234504e-02
-7.909895114454128240e-02
-7.868266614351884791e-02
-7.819437198279985402e-02
-7.700461488134380250e-02
-7.389049956690213472e-02
-7.201843524782988726e-02
-6.774250564054655477e-02
-6.287016449984172972e-02
-5.750807193379915694e-02
-5.169768504962414524e-02
-4.543736832158538907e-02
-3.870110572957205508e-02
-3.142532674002121440e-02
-2.355998377323007334e-02
-1.509074205519427177e-02
-6.058071215615756962e-03
-1.340400644019792411e-03
3.480935649960147007e-03
8.381881763047081130e-03
1.332543795562160342e-02
1.829482534404925503e-02
2.326234388927631361e-02
2.820794096798505401e-02
3.067069332398660725e-02
3.311985741874731715e-02
3.555023482424567866e-02
3.796103324578477961e-02
4.268597846209480628e-02
4.729890084840415732e-02
4.956884882205758736e-02
5.179772067532790319e-02
5.398409874051456753e-02
5.612167468343522841e-02
5.820462194887191659e-02
6.023050592589196395e-02
6.219154539873524706e-02
6.408581747326951017e-02
6.590787617401260012e-02
6.765150044063331092e-02
6.931344054754198791e-02
7.088655045089366225e-02
7.237112463080114244e-02
7.376036800235175050e-02
7.505337619478762157e-02
7.624614791412523407e-02
7.733753173308482998e-02
7.832534525812567816e-02
7.920894819972008893e-02
7.998836939174636118e-02
8.066336641063451274e-02
8.123433760774674550e-02
8.170187589243510518e-02
8.206800428618489518e-02
8.233543864186287919e-02
8.250692100377042537e-02
8.255866342020502791e-02
8.225275895162796613e-02
8.161511205756277754e-02
8.067346225158075756e-02
7.945415144324903534e-02
7.798319305938444801e-02
7.436984913740320169e-02
7.002899314612444359e-02
6.511130704792533752e-02
5.970667289365287622e-02
5.386081677640075505e-02
4.758575990445517573e-02
4.084525582827901874e-02
3.357548921595990971e-02
2.573664198364068387e-02
1.732407239239389107e-02
8.364984265985185921e-03
-1.041429323539279752e-03
-1.072815712062459917e-02
-1.564376623593507001e-02
-2.055338339264465089e-02
-2.300911611672786655e-02
-2.545722449390438319e-02
-3.030483429654179037e-02
-3.508082853395995404e-02
-3.976380670912322418e-02
-4.208154045861548648e-02
-4.437081162043682303e-02
-4.881163392275292973e-02
-5.309236290512524270e-02
-5.517330077682286449e-02
-5.719918185090715201e-02
-6.104488440224382917e-02
-6.459235730417177412e-02
-6.626880372618644544e-02
-6.786525484197114544e-02
-6.936826904097860569e-02
-7.077897253663048560e-02
-7.209517293381312308e-02
-7.271563570032649193e-02
-7.388676502263477608e-02
-7.544627727857072808e-02
-7.676812509222995240e-02
-7.869797795171912247e-02
-7.949487586039245823e-02
-7.975729144905918666e-02
-7.992183112276726731e-02
-7.996305006258060122e-02
-7.984948120688364903e-02
-7.965574880984396811e-02
-7.937116556706322323e-02
-7.857183629906350220e-02
-7.832357589786319296e-02
-7.777814266874506777e-02
-7.649247753841642572e-02
-7.495531364979622635e-02
-7.125782928961299501e-02
-6.684641330550603056e-02
-6.316989133005086743e-02
-5.781877611985870857e-02
-5.202220298370210244e-02
-4.578032425461161375e-02
-3.907520654136377447e-02
-3.181846497735572876e-02
-2.397936520222225878e-02
-1.553544931386729305e-02
-6.527116828484847907e-03
-1.822177298095363409e-03
7.831550286621904652e-03
1.276569826681719574e-02
1.772750610105994565e-02
2.269344400904465403e-02
2.517739271857584796e-02
3.010447079739652851e-02
3.256033703916929450e-02
3.500117902286969257e-02
3.979639277305918599e-02
4.217026311649507003e-02
4.451572507738069118e-02
4.682870223797195447e-02
4.910946605921043956e-02
5.134982853774949785e-02
5.354836963693345581e-02
5.569960521688875621e-02
5.779841790887350894e-02
5.984053651152230341e-02
6.182266100824608535e-02
6.373683494471425737e-02
6.557838404923697906e-02
6.733963412374903423e-02
6.901951707823986149e-02
7.061291883701102667e-02
7.211758148216951270e-02
7.352893942349976453e-02
7.484273142428796155e-02
7.605538523094750036e-02
7.716688997773664405e-02
7.905873700413516836e-02
7.985965067667975814e-02
8.055812638216809651e-02
8.115045660148058337e-02
8.202241429607337597e-02
8.249318477625865176e-02
8.259143051893627629e-02
8.259781983659179871e-02
8.232557198548663691e-02
8.172357591165334278e-02
8.080867038147003523e-02
7.961487009455626984e-02
7.647570319453118881e-02
7.458873975203055007e-02
7.029231012216055619e-02
6.540956207338849415e-02
6.004056201097630885e-02
5.422482352688241108e-02
4.797694925156769513e-02
4.125315207160290543e-02
3.401321299516672086e-02
2.620942436331940434e-02
1.783188005015126296e-02
1.342315840296631237e-02
4.248780491541727204e-03
-5.059205300453829997e-04
-5.339099632403542656e-03
-1.022367727189793692e-02
-1.513460067346512200e-02
-2.004330210518445385e-02
-2.493103558965868369e-02
-2.736828987410847361e-02
-2.979487016445808711e-02
-3.457131137759332506e-02
-3.694233001913282272e-02
-4.158648687436108937e-02
-4.330832682510165482e-02
-4.670708451249370313e-02
-4.836846837867264659e-02
-5.000406146755504572e-02
-5.161962013744086919e-02
-5.320387403959360439e-02
-5.476126723825015807e-02
-5.776835571820744530e-02
-6.063740134702014922e-02
-6.202937483016696812e-02
-6.337654265047001911e-02
-6.467973467227933204e-02
-6.594140786134326804e-02
-6.715096217075577911e-02
-6.831472652965688008e-02
-6.942785945890414534e-02
-7.148176986015253309e-02
-7.243759774947286512e-02
-7.333897216779843020e-02
-7.418255756334754536e-02
-7.521508408636265464e-02
-7.614639762667674283e-02
-7.697220256291247009e-02
-7.830529769198159296e-02
-7.882753049989377203e-02
-7.956216539927360443e-02
-7.990427960350347802e-02
-7.988308373511901483e-02
-7.951649328039091247e-02
-7.837027470049119648e-02
-7.584509837804805088e-02
-7.240706548940832599e-02
-6.822741801885320867e-02
-6.343310608602438505e-02
-5.813462667525613747e-02
-5.238548804254986035e-02
-4.618912621251715367e-02
-3.950087637232863741e-02
-3.228425905830197701e-02
-2.448668720819307046e-02
-1.608997678453495325e-02
-7.106394401395078886e-03
-2.415603121622813924e-03
7.225413894673602538e-03
1.705283381968130882e-02
2.201393002777311467e-02
2.696577926090413038e-02
3.187414191871785346e-02
3.431514102920304315e-02
3.673714429630283579e-02
4.148953541502632680e-02
4.384138944768427304e-02
4.616531296066800349e-02
4.845439182246344401e-02
5.070420496316583453e-02
5.290970913763536759e-02
5.506834123114563023e-02
5.717619144870930703e-02
5.922819051534259499e-02
6.121966228509763408e-02
6.314781362558519184e-02
6.500385715967077482e-02
6.678622797436936653e-02
6.848665869921405358e-02
7.010212071855817517e-02
7.303530993713575059e-02
7.437588476375048274e-02
7.562228443160828872e-02
7.676350079912780400e-02
7.780232315594860781e-02
7.873543844576010031e-02
7.956321027714043093e-02
8.089619058158399600e-02
8.141395247454370765e-02
8.183223135636492895e-02
8.235376130615525148e-02
8.249169095939069829e-02
8.227600191037402755e-02
8.172154276483366286e-02
8.085428414011433529e-02
7.828390351766524591e-02
7.478223034931659463e-02
7.053064917157050862e-02
6.569114765559039282e-02
6.036189107331874776e-02
5.458737526620854874e-02
4.836758864719167827e-02
4.169419125540402976e-02
3.450623823550914154e-02
2.676208199868028090e-02
1.844301255117737626e-02
9.577328583523272640e-03
4.946474256547114465e-03
2.102442868332796231e-04
-4.604390105238814063e-03
-9.471627226931312107e-03
-1.436894857120824334e-02
-1.927034998230898674e-02
-2.415063150366421330e-02
-2.658641738360746978e-02
-2.901016634932255048e-02
-3.141951001176731401e-02
-3.381267979886833086e-02
-3.618659719471914449e-02
-3.853804166395161795e-02
-4.316248203351520651e-02
-4.763626290559683230e-02
-4.982777671068706893e-02
-5.198207232552540941e-02
-5.612499025704734829e-02
-5.712984519058264543e-02
-5.909087890867029819e-02
-6.004549626269783946e-02
-6.190857250624969693e-02
-6.538770544874129842e-02
-6.701730718636046691e-02
-6.856406765829897720e-02
-7.001699719193643645e-02
-7.138258244622303073e-02
-7.264359518799042015e-02
-7.381197107428123794e-02
-7.487502517630385823e-02
-7.583864257741587678e-02
-7.744845437845543357e-02
-7.863472197318656376e-02
-7.942284643435938707e-02
-7.982531738587027303e-02
-7.949495842632323117e-02
-7.842595425906390139e-02
-7.600497582856879930e-02
-7.264937695346757041e-02
-6.853341699822540489e-02
-6.379032056892809666e-02
-5.854794160457533342e-02
-5.285010918665356688e-02
-4.670652185044133625e-02
-4.007814869272846581e-02
-3.292834435197793119e-02
-2.519010719174183052e-02
-1.685086203403392963e-02
-7.920505247065017310e-03
-3.252848472226949842e-03
6.366202964415776898e-03
1.129016934289890986e-02
1.625082484147484518e-02
2.121524635325748587e-02
2.615625404360963704e-02
3.105581190296655483e-02
3.589772470956655026e-02
3.830219471493725991e-02
4.302170218060803047e-02
4.534905088417603980e-02
4.987983478548413396e-02
5.209822769367783435e-02
5.427529440595899035e-02
5.844169145447496855e-02
6.045624648793889583e-02
6.240895336975835900e-02
6.428680085092665364e-02
6.609396807901125881e-02
6.781709654763454220e-02
6.945952401263758014e-02
7.101553314081353319e-02
7.247833646532296503e-02
7.509600461351119416e-02
7.627123410315407581e-02
7.734871395911899206e-02
7.832031842812366140e-02
7.918639189087339769e-02
7.994735133250242820e-02
8.060188616756781832e-02
8.159127852431803662e-02
8.194105535733042789e-02
8.219676607717468775e-02
8.235280664056268685e-02
8.241520526460260898e-02
8.225851631156715082e-02
8.205187302897234969e-02
8.139447429496965425e-02
8.043033586105238775e-02
7.769713667838695770e-02
7.505047966061867415e-02
7.087050791420027029e-02
6.607268407332576865e-02
6.077780221788547932e-02
5.504169894004548591e-02
4.888211072433297499e-02
4.225549558672767742e-02
3.511035321025651051e-02
2.740666622287056542e-02
1.911950215011315110e-02
1.027686698421120641e-02
5.661891679774015348e-03
9.415026940593238880e-04
-3.865981746299668436e-03
-8.731010218067757414e-03
-1.847258495402710060e-02
-2.335813692470439448e-02
-2.580003240771926859e-02
-3.062686278954279695e-02
-3.302751141065606022e-02
-3.541155977129811783e-02
-3.777225351186948993e-02
-4.240657502893646624e-02
-4.468582595597782314e-02
-4.693070839855103399e-02
-5.127763065681908983e-02
-5.544053599761965961e-02
-5.746742830992541962e-02
-5.943127504482203366e-02
-6.132439224055789839e-02
-6.314451440702910368e-02
-6.652855708873321727e-02
-6.956098416908423898e-02
-7.095518921692739456e-02
-7.226020470357499836e-02
-7.454173516125854604e-02
-7.554203350646086779e-02
-7.644414131114382616e-02
-7.723820416320700821e-02
-7.793426095889130489e-02
-7.852026956017123249e-02
-7.937564604480117081e-02
-7.966012173839638610e-02
-7.992794972258883412e-02
-7.983534678746151414e-02
-7.939785825996938107e-02
-7.864452858377261879e-02
-7.759351952187554247e-02
-7.471734750568591321e-02
-7.294869552461917539e-02
-6.885754895318764446e-02
-6.414258392100163908e-02
-5.892826924239976533e-02
-5.326054699448732471e-02
-4.713968373682654589e-02
-4.053261901508000559e-02
-3.341103325345485403e-02
-2.570786162256957080e-02
-1.738780864797445647e-02
-8.475758229242926628e-03
-3.819754044981371350e-03
9.489179710725099146e-04
5.807158848260717508e-03
1.072921476938240061e-02
2.059691614688633279e-02
2.554478402743657478e-02
2.801646228759316348e-02
3.047657061527676847e-02
3.533608316422221646e-02
4.012016129515068308e-02
4.249112979622198666e-02
4.483257628178824450e-02
4.713849860672937597e-02
4.940721530506988340e-02
5.163681722744786762e-02
5.382170392826933492e-02
5.596102621115241899e-02
5.804504466618402858e-02
6.007327344831175225e-02
6.203822774871672885e-02
6.393734367094731919e-02
6.576605434582538656e-02
6.915882878681962886e-02
7.074592248964070573e-02
7.224296128345353285e-02
7.364272305425735576e-02
7.494468857686403807e-02
7.614716744989429020e-02
7.724689731182693420e-02
7.824702005747961875e-02
7.913874545772808800e-02
7.992724365646428075e-02
8.061030318416312346e-02
8.164532010589585498e-02
8.228466982455695522e-02
8.246354070949600545e-02
8.253184960682619087e-02
8.224253565144548639e-02
8.162001003150200218e-02
8.068617049745657743e-02
7.799127722570078913e-02
7.537505336814824541e-02
7.122772326925379260e-02
6.646252945809046075e-02
6.120363259042393977e-02
5.550083433654101617e-02
4.935591064456528593e-02
4.274350281447829303e-02
3.562705912062365254e-02
2.795672089578927350e-02
1.970660887975974468e-02
1.088606448152485556e-02
6.271480622168370926e-03
1.544720010054582244e-03
-3.266651267511482774e-03
-8.134858417283459542e-03
-1.303401633022878599e-02
-1.793767237082928220e-02
-2.282713490265750669e-02
-2.769102837926419591e-02
-3.249302724844263524e-02
-3.723074439914168116e-02
-4.186822922783790812e-02
-4.640197603863668863e-02
-5.078556686848265805e-02
-5.290925631028381426e-02
-5.498593240232080293e-02
-5.700958187250383669e-02
-6.087595695316664474e-02
-6.444016376048330996e-02
-6.611812727973691295e-02
-6.921050963197319938e-02
-7.193049382428894079e-02
-7.429671506106394485e-02
-7.532819258357188741e-02
-7.625063569490846127e-02
-7.668083125906212383e-02
-7.744503532391754097e-02
-7.810989560903555673e-02
-7.867312500670869957e-02
-7.890921790619892517e-02
-7.932030543357650176e-02
-7.962684558176258420e-02
-7.983276885473404583e-02
-7.994974178048853963e-02
-7.996642325640028470e-02
-7.989954144747997422e-02
-7.949401550820150986e-02
-7.877140315421801708e-02
-7.775658523348516482e-02
-7.647581093367719629e-02
-7.320242441019617075e-02
-7.126134677335807521e-02
-6.687398217557348479e-02
-6.446305909622011832e-02
-5.927977373678969958e-02
-5.364285574241986487e-02
-4.756099142273982616e-02
-4.099762879130085941e-02
-3.389750174773909636e-02
-2.621742393791541906e-02
-1.793680735592089598e-02
-9.054081633325944053e-03
3.453768087548166380e-04
1.009552981541631672e-02
1.506539965852008583e-02
2.004755623032728959e-02
2.253913582330383664e-02
2.502195104070151221e-02
2.749408480577055641e-02
2.995340768817456034e-02
3.239881536532313033e-02
3.482834637207214701e-02
3.724028433388863052e-02
4.197749847016303548e-02
4.431844633311025905e-02
4.663221866028273432e-02
4.890895588911978870e-02
5.114988559341882707e-02
5.334898301396592823e-02
5.550085666066372631e-02
5.962023472815926317e-02
6.111534248551421522e-02
6.257896947146500410e-02
6.400069182942150214e-02
6.538043020652248294e-02
6.800170383240866645e-02
6.924519750778047877e-02
7.157967296132587698e-02
7.267599722120747507e-02
7.470078355578417539e-02
7.650453844361279621e-02
7.732648203272313170e-02
7.878538159260599361e-02
7.942749329683579385e-02
8.053381726251081230e-02
8.139771375724298708e-02
8.195022057346691702e-02
8.233969649637243315e-02
8.257418253102304095e-02
8.265774632416653112e-02
8.259194166748543009e-02
8.204609867860984673e-02
8.124767885751556229e-02
8.016241822027965480e-02
7.880504425851468653e-02
7.563091235714154703e-02
7.149886280897178870e-02
6.674666224803631198e-02
6.147932155049806724e-02
5.578162701674527213e-02
4.967301374312122625e-02
4.311443120540831703e-02
3.604599446278212299e-02
2.841799177330718920e-02
2.020677326439900348e-02
1.142419137216610717e-02
6.829145051380415554e-03
2.115864499334697574e-03
-2.689805371438919526e-03
-7.563683267634409291e-03
-1.247707085101276876e-02
-1.740121148480142099e-02
-2.230728220731246700e-02
-2.717341948460075957e-02
-3.198404751692498355e-02
-3.437526060470827427e-02
-3.674723930908312119e-02
-4.141187149330519124e-02
-4.593681063490175076e-02
-5.032093489871187347e-02
-5.246980382973419343e-02
-5.456760558836868530e-02
-5.559547856724484510e-02
-5.760926396211839967e-02
-5.955482183355974291e-02
-6.143703946830438717e-02
-6.324531843154823640e-02
-6.497580328291165108e-02
-6.662991186785073572e-02
-6.964196766994970589e-02
-7.086668650706932915e-02
-7.308498331168755691e-02
-7.408472825750636592e-02
-7.500580090512329323e-02
-7.584898117405398932e-02
-7.728382970235243843e-02
-7.841112106872202836e-02
-7.886538483453714443e-02
-7.953284688030455574e-02
-7.989947494914825810e-02
-7.997485983376798058e-02
-7.977905073726498930e-02
-7.942229312215433323e-02
-7.890476836470039501e-02
-7.822766124423104206e-02
-7.644823275580228672e-02
-7.491138020278793885e-02
-7.120379443748678372e-02
-6.907324410139677184e-02
-6.475347599636460671e-02
-5.957007143294879709e-02
-5.394202352863854827e-02
-4.787142568999434855e-02
-4.133181789355565988e-02
-3.426879317255561441e-02
-2.662655634330816229e-02
-1.836686439266805443e-02
-9.521844485528193833e-03
-1.722761433982824132e-04
4.673727363696656908e-03
9.596034999076767311e-03
1.455955046764118195e-02
2.444669727055222980e-02
2.937830351824470901e-02
3.426693130380304569e-02
3.669846716457601798e-02
3.910568150318478875e-02
4.381596916487885685e-02
4.613760132801675989e-02
4.842589295179659109e-02
5.067493791605421488e-02
5.288373026697603535e-02
5.504487371189396849e-02
5.715801514496321456e-02
5.921591061011952789e-02
6.121568978413917395e-02
6.314707029159061236e-02
6.500962035492922897e-02
6.679539875711645869e-02
6.850283356054411021e-02
7.012767302875144715e-02
7.166322652110609925e-02
7.310595805737500619e-02
7.566793486906697730e-02
7.681471586844701438e-02
7.786267628734633295e-02
7.962627096170689367e-02
8.036367239580850808e-02
8.099836691564685220e-02
8.152627790957585330e-02
8.195439591757072706e-02
8.227513754096686671e-02
8.249855996988622597e-02
8.262524965704833024e-02
8.258539315176671725e-02
8.243846012170515103e-02
8.188088769646138798e-02
8.100750964167960366e-02
7.984346114374069048e-02
7.675827226410401882e-02
7.585421197460454068e-02
7.390221265852438270e-02
6.947205297333280960e-02
6.446820754620975757e-02
5.900758592220461257e-02
5.611964974224787489e-02
5.000469788920845760e-02
4.343341517630252419e-02
3.636936018949273736e-02
2.875798818299471482e-02
2.056494549311944919e-02
1.181125272443814614e-02
2.567639888764124394e-03
-2.219380110089701642e-03
-7.079016546937343980e-03
-1.198058640649167852e-02
-1.689910424072593384e-02
-2.180806580687171675e-02
-2.668364194470429496e-02
-3.150652617572517744e-02
-3.390600718038947609e-02
-3.861717162993116154e-02
-4.036942347180873941e-02
-4.211071355056136140e-02
-4.553731914738161357e-02
-4.721761439113156267e-02
-4.887370184881382335e-02
-5.050485120155000923e-02
-5.211530711174178904e-02
-5.369443566262323275e-02
-5.676043296619607409e-02
-5.824880901654086451e-02
-5.970309895985467102e-02
-6.249674034144422907e-02
-6.511558153202195998e-02
-6.636603402851969091e-02
-6.756694786940797837e-02
-6.871948514495668237e-02
-7.085353801156772657e-02
-7.247474931596534220e-02
-7.394759067971456989e-02
-7.526295081076384008e-02
-7.642390448401056857e-02
-7.741739850050440019e-02
-7.824735226975791658e-02
-7.891780268825791811e-02
-7.942896342026344036e-02
-7.998507697519827153e-02
-8.000894728626033181e-02
-7.904312784791001079e-02
-7.683949724967073514e-02
-7.536397207434644696e-02
-7.178570775150232286e-02
-6.746994040337482568e-02
-6.508974654032516349e-02
-5.992678310883984422e-02
-5.432150154991024354e-02
-4.826755719396574190e-02
-4.174913730735570205e-02
-3.470346915195193782e-02
-2.710127849362558780e-02
-1.890046691428702227e-02
-1.010912466854201573e-02
-5.497275313613222449e-03
-7.613047121590675852e-04
4.069237304913638463e-03
8.975364775568686962e-03
1.392172410544273604e-02
1.889356505683846901e-02
2.385114474976431087e-02
2.878073357062525817e-02
3.365522440559105821e-02
3.846554163725875858e-02
4.085019844167772640e-02
4.551853242203897365e-02
4.781517031387662320e-02
5.007532827625856692e-02
5.229266198876077187e-02
5.446403616635051709e-02
5.658494930744027707e-02
5.865165392389587451e-02
6.066184338872048637e-02
6.260940558130433098e-02
6.448870614750507047e-02
6.629455578013257466e-02
6.801978668337846368e-02
6.965913821244380799e-02
7.120930717241329144e-02
7.266670853461158763e-02
7.402903108483181727e-02
7.529436859494623158e-02
7.646054708465627181e-02
7.752672039118466141e-02
7.848980565208062143e-02
8.008612966034027447e-02
8.127424701208957325e-02
8.205590948155623565e-02
8.244149545546226865e-02
8.249914008776734753e-02
8.233206302015944056e-02
8.211961687012998834e-02
8.144800547954463010e-02
8.047558908310580017e-02
7.923436835292646530e-02
7.600864727899891982e-02
7.198097681825163519e-02
6.731076573238910232e-02
6.212672819325099072e-02
5.649416106692709688e-02
5.043431268672898121e-02
4.391511418616894646e-02
3.688926129309869767e-02
2.931486518460952456e-02
2.116460490658498075e-02
1.243775587372066525e-02
7.864886925528998679e-03
-1.560355088477472126e-03
-6.405811946626148966e-03
-1.129792416282275787e-02
-1.375964942160770761e-02
-1.867414517155097792e-02
-2.357032449121822248e-02
-2.842774005409419436e-02
-3.084621887276505978e-02
-3.324879114548704578e-02
-3.563064224895934329e-02
-4.031321778119201227e-02
-4.487555461314670507e-02
-4.711607287641075142e-02
-4.932129498285816455e-02
-5.357043114847254150e-02
-5.762910808443078015e-02
-5.957770763624795768e-02
-6.145718948390509195e-02
-6.497276401264409640e-02
-6.816021396500245022e-02
-7.101947223446526680e-02
-7.232069787517045323e-02
-7.352251987024487068e-02
-7.462226779623647166e-02
-7.561405833989820469e-02
-7.650636770433315303e-02
-7.729130870641034989e-02
-7.797506159076038335e-02
-7.855718148201221163e-02
-7.940180303668792350e-02
-7.985429797575040178e-02
-7.994374037807402966e-02
-7.984207725185130111e-02
-7.953830673035962306e-02
-7.905414160363029297e-02
-7.757027776738482927e-02
-7.625230416115084953e-02
-7.291616766493060064e-02
-6.881625207105158959e-02
-6.533050612203586405e-02
-6.022044525910997398e-02
-5.464413908222279237e-02
-4.862766686650898257e-02
-4.214641731039010797e-02
-3.515111839533885396e-02
-2.759477999472786935e-02
-1.943076029572554306e-02
-1.066688454756163119e-02
-1.376059370763312853e-03
3.444582486874644186e-03
8.351669565293899297e-03
1.330582018640762490e-02
1.827353079992292961e-02
2.323024716526005465e-02
2.570488713088018781e-02
2.817140914269475327e-02
3.304991818596220154e-02
3.786656332404179925e-02
4.025549053998248028e-02
4.261958360138572155e-02
4.495312548904960293e-02
4.725286416319700311e-02
4.951821814666886035e-02
5.174487287773427840e-02
5.392989965085970283e-02
5.606716150051789527e-02
5.815218454181356883e-02
6.017926365473809380e-02
6.214256474874876174e-02
6.403964585254627584e-02
6.586478128891987138e-02
6.761346423778510917e-02
6.927990952383686341e-02
7.085857964728495273e-02
7.234551667089289539e-02
7.500836774034207177e-02
7.620768460216309492e-02
7.730803222378750117e-02
7.830122482913452753e-02
7.918923082669715452e-02
7.997108293143338764e-02
8.064723212520000240e-02
8.122245318849359574e-02
8.205064398703047768e-02
8.231920469759071435e-02
8.248877926803875604e-02
8.256321306219671641e-02
8.243074044213002938e-02
8.114027630379873346e-02
8.005519578059411279e-02
7.870536792769212975e-02
7.624474477700586561e-02
7.225927490479990001e-02
6.761242833363585725e-02
6.244074780321582502e-02
5.684175885134436917e-02
5.081778856384507048e-02
4.433841600242948572e-02
3.735909675427431798e-02
2.983435161173922379e-02
2.172804931915675586e-02
1.304936770287006172e-02
3.861027952126601468e-03
-9.068937166533609824e-04
-5.755444640065898905e-03
-1.065328040067507406e-02
-1.556791377476823314e-02
-2.047438079809555875e-02
-2.535104397748001726e-02
-2.778285212618383793e-02
-3.258117133704502982e-02
-3.733152136833610413e-02
-4.082313438957246160e-02
-4.254686510831585944e-02
-4.426005020686320235e-02
-4.595306000700899451e-02
-4.762062256372884966e-02
-4.927164665102944097e-02
-5.089041787405551576e-02
-5.248734765048961720e-02
-5.405789610120537159e-02
-5.559416806677830447e-02
-5.710517060151025504e-02
-6.000309539963333272e-02
-6.140565933180168467e-02
-6.276815451257523881e-02
-6.534469294456859978e-02
-6.657475797554085473e-02
-6.775857687890535219e-02
-6.995900433513539685e-02
-7.164085151075355595e-02
-7.317572353895437920e-02
-7.455376266704408228e-02
-7.578212143423226910e-02
-7.684460024693789970e-02
-7.775299187518024124e-02
-7.849557171746948669e-02
-7.907971795957806360e-02
-7.950888359156714491e-02
-7.978454253472704039e-02
-7.988067128251380433e-02
-7.910912040717919813e-02
-7.708367049914612024e-02
-7.404850695811059091e-02
-7.019479775472924066e-02
-6.565334034693258436e-02
-6.056751832547065811e-02
-5.502192911706602768e-02
-4.904665075516074363e-02
-4.260380990170521687e-02
-3.565528310592096239e-02
-2.814552558043833044e-02
-2.004146114941068521e-02
-1.134333195587146174e-02
-2.112347518370073958e-03
2.684004281451450504e-03
7.567647656234760371e-03
1.250645464631568865e-02
1.747098976869910711e-02
2.243526475741850282e-02
2.491575277652780668e-02
2.738607114931251515e-02
2.984473182798995372e-02
3.469889269414945521e-02
3.710789982489071798e-02
3.949897639742139255e-02
4.186390794052738396e-02
4.420314393691561483e-02
4.651148834682208855e-02
4.878484910137497604e-02
5.319184118910749715e-02
5.534045615336548318e-02
5.744292632787884739e-02
5.948515485696332511e-02
6.146643737692245035e-02
6.338062422849975730e-02
6.522118350149706811e-02
6.698924425676676397e-02
6.867200222520741804e-02
7.027133064318823175e-02
7.177920865019421504e-02
7.319285921458078270e-02
7.451144913065028963e-02
7.573064093595759105e-02
7.685116214995464656e-02
7.786890627029151302e-02
7.878557012093422018e-02
7.959817406850226706e-02
8.030717414374224927e-02
8.091092671659533275e-02
8.141135136364691105e-02
8.180921451392997312e-02
8.210687391041698868e-02
8.230707499481139389e-02
8.241164056722409537e-02
8.233593126819747920e-02
8.191186762936784882e-02
8.116636371571103736e-02
8.012568480366752399e-02
7.882036301449371618e-02
7.641209519790345683e-02
7.248594924249546212e-02
6.789342732390103718e-02
6.276910447132813542e-02
5.719141681578166631e-02
5.119097968552091538e-02
4.474777002940527604e-02
3.781024649101204921e-02
3.032620515484022589e-02
2.226400126785627737e-02
1.362774982990147196e-02
9.102107762257354365e-03
4.454625079814690698e-03
-5.073564272914140097e-03
-9.952002635500386413e-03
-1.486152230887180167e-02
-1.977142529477137270e-02
-2.222779860618342290e-02
-2.467613567419052467e-02
-2.951968109392200806e-02
-3.192698039858635900e-02
-3.431730005359343721e-02
-3.901520081491870878e-02
-4.133862512409601508e-02
-4.363445634407750462e-02
-4.589639253011593839e-02
-4.812161004362024153e-02
-5.030404630538183597e-02
-5.244235521589867693e-02
-5.453333323873280764e-02
-5.656854670429560528e-02
-5.854571331439477333e-02
-6.045850353857851189e-02
-6.230123926057271055e-02
-6.574588153741645069e-02
-6.735557124854477107e-02
-6.887949934802116425e-02
-7.164163486118944879e-02
-7.288687946012217811e-02
-7.403248321413286037e-02
-7.600337465147521954e-02
-7.684424023315387930e-02
-7.758461057864839139e-02
-7.822037612060871170e-02
-7.917959447338816792e-02
-7.951457809678171007e-02
-7.975174656537947770e-02
-7.989667716857522251e-02
-7.994283098161154844e-02
-7.975874246258650435e-02
-7.923633661597614952e-02
-7.840456345725142773e-02
-7.728601334668952494e-02
-7.428377076862363593e-02
-7.045442785297030552e-02
-6.596326701821214611e-02
-6.091572860880103274e-02
-5.538799127925315979e-02
-4.942495409263302636e-02
-4.300730255506897415e-02
-3.607876274236742481e-02
-2.858642282455710684e-02
-2.050356656936337674e-02
-1.182378371123337345e-02
-2.607491315050404143e-03
2.181196683007162376e-03
7.055096580357938206e-03
1.198980624940914307e-02
1.695461492254641059e-02
2.192359998742228477e-02
2.686959595828029151e-02
3.177093159390063926e-02
3.420898026296484429e-02
3.662886492881972655e-02
4.137522755287509346e-02
4.601670713290544751e-02
4.830249504450339487e-02
5.055181240228766304e-02
5.275934973975190956e-02
5.492029868470835879e-02
5.703043701063242182e-02
5.908585155938932826e-02
6.108073769919154794e-02
6.301074479392913819e-02
6.487169182248504751e-02
6.665767296860602986e-02
6.836508105389056678e-02
7.149430422617948644e-02
7.294038390848443798e-02
7.429303453196363372e-02
7.666813895169898030e-02
7.771599947038039524e-02
7.948341919942279732e-02
8.021966288746430751e-02
8.137393629936745532e-02
8.179932874476164573e-02
8.212933881152528759e-02
8.235539025760039988e-02
8.250459886515001950e-02
8.229650153257393741e-02
8.174704947146625711e-02
7.972138888357566122e-02
7.831495158094187170e-02
7.668707186605673576e-02
