0.000000000000000000e+00
1.000000000000000021e-02
2.000000000000000042e-02
2.999999999999999889e-02
4.000000000000000083e-02
5.000000000000000278e-02
6.000000000000000472e-02
7.000000000000000666e-02
8.000000000000000167e-02
8.999999999999999667e-02
9.999999999999999167e-02
1.099999999999999867e-01
1.199999999999999817e-01
1.299999999999999767e-01
1.399999999999999856e-01
1.499999999999999944e-01
1.600000000000000033e-01
1.700000000000000122e-01
1.800000000000000211e-01
1.900000000000000300e-01
2.000000000000000389e-01
2.100000000000000477e-01
2.200000000000000566e-01
2.300000000000000655e-01
2.400000000000000744e-01
2.500000000000000555e-01
2.600000000000000644e-01
2.700000000000000733e-01
2.800000000000000822e-01
2.900000000000000910e-01
3.000000000000000999e-01
3.100000000000001088e-01
3.200000000000001177e-01
3.300000000000001266e-01
3.400000000000001354e-01
3.500000000000001443e-01
3.600000000000001532e-01
3.700000000000001621e-01
3.800000000000001710e-01
3.900000000000001799e-01
4.000000000000001887e-01
4.100000000000001976e-01
4.200000000000002065e-01
4.300000000000002154e-01
4.400000000000002243e-01
4.500000000000002331e-01
4.600000000000002420e-01
4.700000000000002509e-01
4.800000000000002598e-01
4.900000000000002687e-01
5.000000000000002220e-01
5.100000000000002309e-01
5.200000000000002398e-01
5.300000000000002487e-01
5.400000000000002576e-01
5.500000000000002665e-01
5.600000000000002753e-01
5.700000000000002842e-01
5.800000000000002931e-01
5.900000000000003020e-01
6.000000000000003109e-01
6.100000000000003197e-01
6.200000000000003286e-01
6.300000000000003375e-01
6.400000000000003464e-01
6.500000000000003553e-01
6.600000000000003642e-01
6.700000000000003730e-01
6.800000000000003819e-01
6.900000000000003908e-01
7.000000000000003997e-01
7.100000000000004086e-01
7.200000000000004174e-01
7.300000000000004263e-01
7.400000000000004352e-01
7.500000000000004441e-01
7.600000000000004530e-01
7.700000000000004619e-01
7.800000000000004707e-01
7.900000000000004796e-01
8.000000000000004885e-01
8.100000000000004974e-01
8.200000000000005063e-01
8.300000000000005151e-01
8.400000000000005240e-01
8.500000000000005329e-01
8.600000000000005418e-01
8.700000000000005507e-01
8.800000000000005596e-01
8.900000000000005684e-01
9.000000000000005773e-01
9.100000000000005862e-01
9.200000000000005951e-01
9.300000000000006040e-01
9.400000000000006128e-01
9.500000000000006217e-01
9.600000000000006306e-01
9.700000000000006395e-01
9.800000000000006484e-01
9.900000000000006573e-01
1.000000000000000666e+00
1.010000000000000675e+00
1.020000000000000684e+00
1.030000000000000693e+00
1.040000000000000702e+00
1.050000000000000711e+00
1.060000000000000719e+00
1.070000000000000728e+00
1.080000000000000737e+00
1.090000000000000746e+00
1.100000000000000755e+00
1.110000000000000764e+00
1.120000000000000773e+00
1.130000000000000782e+00
1.140000000000000790e+00
1.150000000000000799e+00
1.160000000000000808e+00
1.170000000000000817e+00
1.180000000000000826e+00
1.190000000000000835e+00
1.200000000000000844e+00
1.210000000000000853e+00
1.220000000000000862e+00
1.230000000000000870e+00
1.240000000000000879e+00
1.250000000000000888e+00
1.260000000000000897e+00
1.270000000000000906e+00
1.280000000000000915e+00
1.290000000000000924e+00
1.300000000000000933e+00
1.310000000000000941e+00
1.320000000000000950e+00
1.330000000000000959e+00
1.340000000000000968e+00
1.350000000000000977e+00
1.360000000000000986e+00
1.370000000000000995e+00
1.380000000000001004e+00
1.390000000000001013e+00
1.400000000000001021e+00
1.410000000000001030e+00
1.420000000000001039e+00
1.430000000000001048e+00
1.440000000000001057e+00
1.450000000000001066e+00
1.460000000000001075e+00
1.470000000000001084e+00
1.480000000000001092e+00
1.490000000000001101e+00
1.500000000000001110e+00
1.510000000000001119e+00
1.520000000000001128e+00
1.530000000000001137e+00
1.540000000000001146e+00
1.550000000000001155e+00
1.560000000000001164e+00
1.570000000000001172e+00
1.580000000000001181e+00
1.590000000000001190e+00
1.600000000000001199e+00
1.610000000000001208e+00
1.620000000000001217e+00
1.630000000000001226e+00
1.640000000000001235e+00
1.650000000000001243e+00
1.660000000000001252e+00
1.670000000000001261e+00
1.680000000000001270e+00
1.690000000000001279e+00
1.700000000000001288e+00
1.710000000000001297e+00
1.720000000000001306e+00
1.730000000000001315e+00
1.740000000000001323e+00
1.750000000000001332e+00
1.760000000000001341e+00
1.770000000000001350e+00
1.780000000000001359e+00
1.790000000000001368e+00
1.800000000000001377e+00
1.810000000000001386e+00
1.820000000000001394e+00
1.830000000000001403e+00
1.840000000000001412e+00
1.850000000000001421e+00
1.860000000000001430e+00
1.870000000000001439e+00
1.880000000000001448e+00
1.890000000000001457e+00
1.900000000000001465e+00
1.910000000000001474e+00
1.920000000000001483e+00
1.930000000000001492e+00
1.940000000000001501e+00
1.950000000000001510e+00
1.960000000000001519e+00
1.970000000000001528e+00
1.980000000000001537e+00
1.990000000000001545e+00
2.000000000000001332e+00
2.010000000000001119e+00
2.020000000000000906e+00
2.030000000000000693e+00
2.040000000000000480e+00
2.050000000000000266e+00
2.060000000000000053e+00
2.069999999999999840e+00
2.079999999999999627e+00
2.089999999999999414e+00
2.099999999999999201e+00
2.109999999999998987e+00
2.119999999999998774e+00
2.129999999999998561e+00
2.139999999999998348e+00
2.149999999999998135e+00
2.159999999999997922e+00
2.169999999999997708e+00
2.179999999999997495e+00
2.189999999999997282e+00
2.199999999999997069e+00
2.209999999999996856e+00
2.219999999999996643e+00
2.229999999999996430e+00
2.239999999999996216e+00
2.249999999999996003e+00
2.259999999999995790e+00
2.269999999999995577e+00
2.279999999999995364e+00
2.289999999999995151e+00
2.299999999999994937e+00
2.309999999999994724e+00
2.319999999999994511e+00
2.329999999999994298e+00
2.339999999999994085e+00
2.349999999999993872e+00
2.359999999999993658e+00
2.369999999999993445e+00
2.379999999999993232e+00
2.389999999999993019e+00
2.399999999999992806e+00
2.409999999999992593e+00
2.419999999999992379e+00
2.429999999999992166e+00
2.439999999999991953e+00
2.449999999999991740e+00
2.459999999999991527e+00
2.469999999999991314e+00
2.479999999999991100e+00
2.489999999999990887e+00
2.499999999999990674e+00
2.509999999999990461e+00
2.519999999999990248e+00
2.529999999999990035e+00
2.539999999999989821e+00
2.549999999999989608e+00
2.559999999999989395e+00
2.569999999999989182e+00
2.579999999999988969e+00
2.589999999999988756e+00
2.599999999999988542e+00
2.609999999999988329e+00
2.619999999999988116e+00
2.629999999999987903e+00
2.639999999999987690e+00
2.649999999999987477e+00
2.659999999999987264e+00
2.669999999999987050e+00
2.679999999999986837e+00
2.689999999999986624e+00
2.699999999999986411e+00
2.709999999999986198e+00
2.719999999999985985e+00
2.729999999999985771e+00
2.739999999999985558e+00
2.749999999999985345e+00
2.759999999999985132e+00
2.769999999999984919e+00
2.779999999999984706e+00
2.789999999999984492e+00
2.799999999999984279e+00
2.809999999999984066e+00
2.819999999999983853e+00
2.829999999999983640e+00
2.839999999999983427e+00
2.849999999999983213e+00
2.859999999999983000e+00
2.869999999999982787e+00
2.879999999999982574e+00
2.889999999999982361e+00
2.899999999999982148e+00
2.909999999999981934e+00
2.919999999999981721e+00
2.929999999999981508e+00
2.939999999999981295e+00
2.949999999999981082e+00
2.959999999999980869e+00
2.969999999999980655e+00
2.979999999999980442e+00
2.989999999999980229e+00
2.999999999999980016e+00
3.009999999999979803e+00
3.019999999999979590e+00
3.029999999999979376e+00
3.039999999999979163e+00
3.049999999999978950e+00
3.059999999999978737e+00
3.069999999999978524e+00
3.079999999999978311e+00
3.089999999999978098e+00
3.099999999999977884e+00
3.109999999999977671e+00
3.119999999999977458e+00
3.129999999999977245e+00
3.139999999999977032e+00
3.149999999999976819e+00
3.159999999999976605e+00
3.169999999999976392e+00
3.179999999999976179e+00
3.189999999999975966e+00
3.199999999999975753e+00
3.209999999999975540e+00
3.219999999999975326e+00
3.229999999999975113e+00
3.239999999999974900e+00
3.249999999999974687e+00
3.259999999999974474e+00
3.269999999999974261e+00
3.279999999999974047e+00
3.289999999999973834e+00
3.299999999999973621e+00
3.309999999999973408e+00
3.319999999999973195e+00
3.329999999999972982e+00
3.339999999999972768e+00
3.349999999999972555e+00
3.359999999999972342e+00
3.369999999999972129e+00
3.379999999999971916e+00
3.389999999999971703e+00
3.399999999999971489e+00
3.409999999999971276e+00
3.419999999999971063e+00
3.429999999999970850e+00
3.439999999999970637e+00
3.449999999999970424e+00
3.459999999999970210e+00
3.469999999999969997e+00
3.479999999999969784e+00
3.489999999999969571e+00
3.499999999999969358e+00
3.509999999999969145e+00
3.519999999999968932e+00
3.529999999999968718e+00
3.539999999999968505e+00
3.549999999999968292e+00
3.559999999999968079e+00
3.569999999999967866e+00
3.579999999999967653e+00
3.589999999999967439e+00
3.599999999999967226e+00
3.609999999999967013e+00
3.619999999999966800e+00
3.629999999999966587e+00
3.639999999999966374e+00
3.649999999999966160e+00
3.659999999999965947e+00
3.669999999999965734e+00
3.679999999999965521e+00
3.689999999999965308e+00
3.699999999999965095e+00
3.709999999999964881e+00
3.719999999999964668e+00
3.729999999999964455e+00
3.739999999999964242e+00
3.749999999999964029e+00
3.759999999999963816e+00
3.769999999999963602e+00
3.779999999999963389e+00
3.789999999999963176e+00
3.799999999999962963e+00
3.809999999999962750e+00
3.819999999999962537e+00
3.829999999999962323e+00
3.839999999999962110e+00
3.849999999999961897e+00
3.859999999999961684e+00
3.869999999999961471e+00
3.879999999999961258e+00
3.889999999999961044e+00
3.899999999999960831e+00
3.909999999999960618e+00
3.919999999999960405e+00
3.929999999999960192e+00
3.939999999999959979e+00
3.949999999999959766e+00
3.959999999999959552e+00
3.969999999999959339e+00
3.979999999999959126e+00
3.989999999999958913e+00
3.999999999999958700e+00
4.009999999999958931e+00
4.019999999999958717e+00
4.029999999999958504e+00
4.039999999999958291e+00
4.049999999999958078e+00
4.059999999999957865e+00
4.069999999999957652e+00
4.079999999999957438e+00
4.089999999999957225e+00
4.099999999999957012e+00
4.109999999999956799e+00
4.119999999999956586e+00
4.129999999999956373e+00
4.139999999999956160e+00
4.149999999999955946e+00
4.159999999999955733e+00
4.169999999999955520e+00
4.179999999999955307e+00
4.189999999999955094e+00
4.199999999999954881e+00
4.209999999999954667e+00
4.219999999999954454e+00
4.229999999999954241e+00
4.239999999999954028e+00
4.249999999999953815e+00
4.259999999999953602e+00
4.269999999999953388e+00
4.279999999999953175e+00
4.289999999999952962e+00
4.299999999999952749e+00
4.309999999999952536e+00
4.319999999999952323e+00
4.329999999999952109e+00
4.339999999999951896e+00
4.349999999999951683e+00
4.359999999999951470e+00
4.369999999999951257e+00
4.379999999999951044e+00
4.389999999999950830e+00
4.399999999999950617e+00
4.409999999999950404e+00
4.419999999999950191e+00
4.429999999999949978e+00
4.439999999999949765e+00
4.449999999999949551e+00
4.459999999999949338e+00
4.469999999999949125e+00
4.479999999999948912e+00
4.489999999999948699e+00
4.499999999999948486e+00
4.509999999999948272e+00
4.519999999999948059e+00
4.529999999999947846e+00
4.539999999999947633e+00
4.549999999999947420e+00
4.559999999999947207e+00
4.569999999999946994e+00
4.579999999999946780e+00
4.589999999999946567e+00
4.599999999999946354e+00
4.609999999999946141e+00
4.619999999999945928e+00
4.629999999999945715e+00
4.639999999999945501e+00
4.649999999999945288e+00
4.659999999999945075e+00
4.669999999999944862e+00
4.679999999999944649e+00
4.689999999999944436e+00
4.699999999999944222e+00
4.709999999999944009e+00
4.719999999999943796e+00
4.729999999999943583e+00
4.739999999999943370e+00
4.749999999999943157e+00
4.759999999999942943e+00
4.769999999999942730e+00
4.779999999999942517e+00
4.789999999999942304e+00
4.799999999999942091e+00
4.809999999999941878e+00
4.819999999999941664e+00
4.829999999999941451e+00
4.839999999999941238e+00
4.849999999999941025e+00
4.859999999999940812e+00
4.869999999999940599e+00
4.879999999999940385e+00
4.889999999999940172e+00
4.899999999999939959e+00
4.909999999999939746e+00
4.919999999999939533e+00
4.929999999999939320e+00
4.939999999999939106e+00
4.949999999999938893e+00
4.959999999999938680e+00
4.969999999999938467e+00
4.979999999999938254e+00
4.989999999999938041e+00
4.999999999999937828e+00
5.009999999999937614e+00
5.019999999999937401e+00
5.029999999999937188e+00
5.039999999999936975e+00
5.049999999999936762e+00
5.059999999999936549e+00
5.069999999999936335e+00
5.079999999999936122e+00
5.089999999999935909e+00
5.099999999999935696e+00
5.109999999999935483e+00
5.119999999999935270e+00
5.129999999999935056e+00
5.139999999999934843e+00
5.149999999999934630e+00
5.159999999999934417e+00
5.169999999999934204e+00
5.179999999999933991e+00
5.189999999999933777e+00
5.199999999999933564e+00
5.209999999999933351e+00
5.219999999999933138e+00
5.229999999999932925e+00
5.239999999999932712e+00
5.249999999999932498e+00
5.259999999999932285e+00
5.269999999999932072e+00
5.279999999999931859e+00
5.289999999999931646e+00
5.299999999999931433e+00
5.309999999999931219e+00
5.319999999999931006e+00
5.329999999999930793e+00
5.339999999999930580e+00
5.349999999999930367e+00
5.359999999999930154e+00
5.369999999999929940e+00
5.379999999999929727e+00
5.389999999999929514e+00
5.399999999999929301e+00
5.409999999999929088e+00
5.419999999999928875e+00
5.429999999999928662e+00
5.439999999999928448e+00
5.449999999999928235e+00
5.459999999999928022e+00
5.469999999999927809e+00
5.479999999999927596e+00
5.489999999999927383e+00
5.499999999999927169e+00
5.509999999999926956e+00
5.519999999999926743e+00
5.529999999999926530e+00
5.539999999999926317e+00
5.549999999999926104e+00
5.559999999999925890e+00
5.569999999999925677e+00
5.579999999999925464e+00
5.589999999999925251e+00
5.599999999999925038e+00
5.609999999999924825e+00
5.619999999999924611e+00
5.629999999999924398e+00
5.639999999999924185e+00
5.649999999999923972e+00
5.659999999999923759e+00
5.669999999999923546e+00
5.679999999999923332e+00
5.689999999999923119e+00
5.699999999999922906e+00
5.709999999999922693e+00
5.719999999999922480e+00
5.729999999999922267e+00
5.739999999999922053e+00
5.749999999999921840e+00
5.759999999999921627e+00
5.769999999999921414e+00
5.779999999999921201e+00
5.789999999999920988e+00
5.799999999999920774e+00
5.809999999999920561e+00
5.819999999999920348e+00
5.829999999999920135e+00
5.839999999999919922e+00
5.849999999999919709e+00
5.859999999999919496e+00
5.869999999999919282e+00
5.879999999999919069e+00
5.889999999999918856e+00
5.899999999999918643e+00
5.909999999999918430e+00
5.919999999999918217e+00
5.929999999999918003e+00
5.939999999999917790e+00
5.949999999999917577e+00
5.959999999999917364e+00
5.969999999999917151e+00
5.979999999999916938e+00
5.989999999999916724e+00
5.999999999999916511e+00
6.009999999999916298e+00
6.019999999999916085e+00
6.029999999999915872e+00
6.039999999999915659e+00
6.049999999999915445e+00
6.059999999999915232e+00
6.069999999999915019e+00
6.079999999999914806e+00
6.089999999999914593e+00
6.099999999999914380e+00
6.109999999999914166e+00
6.119999999999913953e+00
6.129999999999913740e+00
6.139999999999913527e+00
6.149999999999913314e+00
6.159999999999913101e+00
6.169999999999912887e+00
6.179999999999912674e+00
6.189999999999912461e+00
6.199999999999912248e+00
6.209999999999912035e+00
6.219999999999911822e+00
6.229999999999911608e+00
6.239999999999911395e+00
6.249999999999911182e+00
6.259999999999910969e+00
6.269999999999910756e+00
6.279999999999910543e+00
6.289999999999910330e+00
6.299999999999910116e+00
6.309999999999909903e+00
6.319999999999909690e+00
6.329999999999909477e+00
6.339999999999909264e+00
6.349999999999909051e+00
6.359999999999908837e+00
6.369999999999908624e+00
6.379999999999908411e+00
6.389999999999908198e+00
6.399999999999907985e+00
6.409999999999907772e+00
6.419999999999907558e+00
6.429999999999907345e+00
6.439999999999907132e+00
6.449999999999906919e+00
6.459999999999906706e+00
6.469999999999906493e+00
6.479999999999906279e+00
6.489999999999906066e+00
6.499999999999905853e+00
6.509999999999905640e+00
6.519999999999905427e+00
6.529999999999905214e+00
6.539999999999905000e+00
6.549999999999904787e+00
6.559999999999904574e+00
6.569999999999904361e+00
6.579999999999904148e+00
6.589999999999903935e+00
6.599999999999903721e+00
6.609999999999903508e+00
6.619999999999903295e+00
6.629999999999903082e+00
6.639999999999902869e+00
6.649999999999902656e+00
6.659999999999902442e+00
6.669999999999902229e+00
6.679999999999902016e+00
6.689999999999901803e+00
6.699999999999901590e+00
6.709999999999901377e+00
6.719999999999901164e+00
6.729999999999900950e+00
6.739999999999900737e+00
6.749999999999900524e+00
6.759999999999900311e+00
6.769999999999900098e+00
6.779999999999899885e+00
6.789999999999899671e+00
6.799999999999899458e+00
6.809999999999899245e+00
6.819999999999899032e+00
6.829999999999898819e+00
6.839999999999898606e+00
6.849999999999898392e+00
6.859999999999898179e+00
6.869999999999897966e+00
6.879999999999897753e+00
6.889999999999897540e+00
6.899999999999897327e+00
6.909999999999897113e+00
6.919999999999896900e+00
6.929999999999896687e+00
6.939999999999896474e+00
6.949999999999896261e+00
6.959999999999896048e+00
6.969999999999895834e+00
6.979999999999895621e+00
6.989999999999895408e+00
6.999999999999895195e+00
7.009999999999894982e+00
7.019999999999894769e+00
7.029999999999894555e+00
7.039999999999894342e+00
7.049999999999894129e+00
7.059999999999893916e+00
7.069999999999893703e+00
7.079999999999893490e+00
7.089999999999893276e+00
7.099999999999893063e+00
7.109999999999892850e+00
7.119999999999892637e+00
7.129999999999892424e+00
7.139999999999892211e+00
7.149999999999891998e+00
7.159999999999891784e+00
7.169999999999891571e+00
7.179999999999891358e+00
7.189999999999891145e+00
7.199999999999890932e+00
7.209999999999890719e+00
7.219999999999890505e+00
7.229999999999890292e+00
7.239999999999890079e+00
7.249999999999889866e+00
7.259999999999889653e+00
7.269999999999889440e+00
7.279999999999889226e+00
7.289999999999889013e+00
7.299999999999888800e+00
7.309999999999888587e+00
7.319999999999888374e+00
7.329999999999888161e+00
7.339999999999887947e+00
7.349999999999887734e+00
7.359999999999887521e+00
7.369999999999887308e+00
7.379999999999887095e+00
7.389999999999886882e+00
7.399999999999886668e+00
7.409999999999886455e+00
7.419999999999886242e+00
7.429999999999886029e+00
7.439999999999885816e+00
7.449999999999885603e+00
7.459999999999885389e+00
7.469999999999885176e+00
7.479999999999884963e+00
7.489999999999884750e+00
7.499999999999884537e+00
7.509999999999884324e+00
7.519999999999884110e+00
7.529999999999883897e+00
7.539999999999883684e+00
7.549999999999883471e+00
7.559999999999883258e+00
7.569999999999883045e+00
7.579999999999882832e+00
7.589999999999882618e+00
7.599999999999882405e+00
7.609999999999882192e+00
7.619999999999881979e+00
7.629999999999881766e+00
7.639999999999881553e+00
7.649999999999881339e+00
7.659999999999881126e+00
7.669999999999880913e+00
7.679999999999880700e+00
7.689999999999880487e+00
7.699999999999880274e+00
7.709999999999880060e+00
7.719999999999879847e+00
7.729999999999879634e+00
7.739999999999879421e+00
7.749999999999879208e+00
7.759999999999878995e+00
7.769999999999878781e+00
7.779999999999878568e+00
7.789999999999878355e+00
7.799999999999878142e+00
7.809999999999877929e+00
7.819999999999877716e+00
7.829999999999877502e+00
7.839999999999877289e+00
7.849999999999877076e+00
7.859999999999876863e+00
7.869999999999876650e+00
7.879999999999876437e+00
7.889999999999876223e+00
7.899999999999876010e+00
7.909999999999875797e+00
7.919999999999875584e+00
7.929999999999875371e+00
7.939999999999875158e+00
7.949999999999874944e+00
7.959999999999874731e+00
7.969999999999874518e+00
7.979999999999874305e+00
7.989999999999874092e+00
7.999999999999873879e+00
8.009999999999873666e+00
8.019999999999873452e+00
8.029999999999873239e+00
8.039999999999873026e+00
8.049999999999872813e+00
8.059999999999872600e+00
8.064999999999873381e+00
8.069999999999874163e+00
8.074999999999874944e+00
8.079999999999875726e+00
8.084999999999876508e+00
8.089999999999877289e+00
8.094999999999878071e+00
8.099999999999878852e+00
8.104999999999879634e+00
8.109999999999880416e+00
8.114999999999881197e+00
8.119999999999881979e+00
8.129999999999881766e+00
8.134999999999882547e+00
8.144999999999882334e+00
8.154999999999882121e+00
8.164999999999881908e+00
8.174999999999881695e+00
8.184999999999881481e+00
8.194999999999881268e+00
8.204999999999881055e+00
8.214999999999880842e+00
8.224999999999880629e+00
8.234999999999880416e+00
8.244999999999880202e+00
8.254999999999879989e+00
8.264999999999879776e+00
8.274999999999879563e+00
8.284999999999879350e+00
8.294999999999879137e+00
8.299999999999879918e+00
8.304999999999880700e+00
8.309999999999881481e+00
8.314999999999882263e+00
8.319999999999883045e+00
8.324999999999883826e+00
8.329999999999884608e+00
8.334999999999885389e+00
8.339999999999886171e+00
8.344999999999886953e+00
8.349999999999887734e+00
8.354999999999888516e+00
8.359999999999889297e+00
8.364999999999890079e+00
8.369999999999890861e+00
8.374999999999891642e+00
8.379999999999892424e+00
8.384999999999893205e+00
8.389999999999893987e+00
8.399999999999893774e+00
8.409999999999893561e+00
8.419999999999893348e+00
8.429999999999893134e+00
8.439999999999892921e+00
8.449999999999892708e+00
8.459999999999892495e+00
8.469999999999892282e+00
8.479999999999892069e+00
8.489999999999891855e+00
8.499999999999891642e+00
8.509999999999891429e+00
8.519999999999891216e+00
8.529999999999891003e+00
8.539999999999890790e+00
8.544999999999891571e+00
8.549999999999892353e+00
8.554999999999893134e+00
8.564999999999892921e+00
8.569999999999893703e+00
8.574999999999894484e+00
8.579999999999895266e+00
8.584999999999896048e+00
8.589999999999896829e+00
8.592499999999896332e+00
8.597499999999897113e+00
8.599999999999896616e+00
8.602499999999896119e+00
8.604999999999895621e+00
8.607499999999895124e+00
8.609999999999894627e+00
8.612499999999894129e+00
8.617499999999894911e+00
8.619999999999894413e+00
8.624999999999895195e+00
8.629999999999895977e+00
8.634999999999896758e+00
8.639999999999897540e+00
8.644999999999898321e+00
8.649999999999899103e+00
8.654999999999899885e+00
8.659999999999900666e+00
8.664999999999901448e+00
8.674999999999901235e+00
8.679999999999902016e+00
8.689999999999901803e+00
8.699999999999901590e+00
8.709999999999901377e+00
8.719999999999901164e+00
8.729999999999900950e+00
8.739999999999900737e+00
8.749999999999900524e+00
8.759999999999900311e+00
8.769999999999900098e+00
8.779999999999899885e+00
8.789999999999899671e+00
8.794999999999900453e+00
8.799999999999901235e+00
8.804999999999902016e+00
8.809999999999902798e+00
8.814999999999903579e+00
8.819999999999904361e+00
8.824999999999905143e+00
8.829999999999905924e+00
8.832499999999905427e+00
8.834999999999904929e+00
8.837499999999904432e+00
8.839999999999903935e+00
8.842499999999903437e+00
8.844999999999902940e+00
8.847499999999902442e+00
8.849999999999901945e+00
8.852499999999901448e+00
8.854999999999900950e+00
8.857499999999900453e+00
8.859999999999899956e+00
8.862499999999899458e+00
8.864999999999898961e+00
8.867499999999898463e+00
8.869999999999897966e+00
8.872499999999897469e+00
8.874999999999896971e+00
8.877499999999896474e+00
8.879999999999895977e+00
8.882499999999895479e+00
8.884999999999894982e+00
8.889999999999895763e+00
8.894999999999896545e+00
8.899999999999897327e+00
8.904999999999898108e+00
8.909999999999898890e+00
8.914999999999899671e+00
8.919999999999900453e+00
8.929999999999900240e+00
8.939999999999900027e+00
8.949999999999899813e+00
8.959999999999899600e+00
8.969999999999899387e+00
8.979999999999899174e+00
8.989999999999898961e+00
8.999999999999898748e+00
9.009999999999898534e+00
9.019999999999898321e+00
9.029999999999898108e+00
9.039999999999897895e+00
9.049999999999897682e+00
9.054999999999898463e+00
9.059999999999899245e+00
9.064999999999900027e+00
9.069999999999900808e+00
9.074999999999901590e+00
9.079999999999902371e+00
9.082499999999901874e+00
9.084999999999901377e+00
9.087499999999900879e+00
9.089999999999900382e+00
9.092499999999899885e+00
9.094999999999899387e+00
9.097499999999898890e+00
9.099999999999898392e+00
9.102499999999897895e+00
9.104999999999897398e+00
9.107499999999896900e+00
9.109999999999896403e+00
9.112499999999895905e+00
9.114999999999895408e+00
9.117499999999894911e+00
9.119999999999894413e+00
9.122499999999893916e+00
9.124999999999893419e+00
9.127499999999892921e+00
9.129999999999892424e+00
9.132499999999891926e+00
9.134999999999891429e+00
9.137499999999890932e+00
9.139999999999890434e+00
9.142499999999889937e+00
9.144999999999889440e+00
9.147499999999888942e+00
9.149999999999888445e+00
9.152499999999887947e+00
9.154999999999887450e+00
9.159999999999888232e+00
9.164999999999889013e+00
9.169999999999889795e+00
9.174999999999890576e+00
9.179999999999891358e+00
9.189999999999891145e+00
9.199999999999890932e+00
9.209999999999890719e+00
9.219999999999890505e+00
9.229999999999890292e+00
9.239999999999890079e+00
9.249999999999889866e+00
9.259999999999889653e+00
9.269999999999889440e+00
9.279999999999889226e+00
9.289999999999889013e+00
9.299999999999888800e+00
9.304999999999889582e+00
9.309999999999890363e+00
9.314999999999891145e+00
9.319999999999891926e+00
9.324999999999892708e+00
9.329999999999893490e+00
9.334999999999894271e+00
9.337499999999893774e+00
9.339999999999893276e+00
9.342499999999892779e+00
9.344999999999892282e+00
9.347499999999891784e+00
9.349999999999891287e+00
9.352499999999890790e+00
9.354999999999890292e+00
9.357499999999889795e+00
9.359999999999889297e+00
9.362499999999888800e+00
9.364999999999888303e+00
9.367499999999887805e+00
9.369999999999887308e+00
9.372499999999886811e+00
9.374999999999886313e+00
9.377499999999885816e+00
9.379999999999885318e+00
9.382499999999884821e+00
9.384999999999884324e+00
9.387499999999883826e+00
9.389999999999883329e+00
9.392499999999882832e+00
9.394999999999882334e+00
9.397499999999881837e+00
9.399999999999881339e+00
9.402499999999880842e+00
9.404999999999880345e+00
9.407499999999879847e+00
9.409999999999879350e+00
9.412499999999878852e+00
9.414999999999878355e+00
9.419999999999879137e+00
9.424999999999879918e+00
9.429999999999880700e+00
9.434999999999881481e+00
9.439999999999882263e+00
9.449999999999882050e+00
9.459999999999881837e+00
9.469999999999881624e+00
9.479999999999881410e+00
9.489999999999881197e+00
9.499999999999880984e+00
9.509999999999880771e+00
9.519999999999880558e+00
9.529999999999880345e+00
9.539999999999880131e+00
9.549999999999879918e+00
9.559999999999879705e+00
9.564999999999880487e+00
9.569999999999881268e+00
9.574999999999882050e+00
9.579999999999882832e+00
9.584999999999883613e+00
9.589999999999884395e+00
9.594999999999885176e+00
9.597499999999884679e+00
9.599999999999884182e+00
9.602499999999883684e+00
9.604999999999883187e+00
9.607499999999882689e+00
9.609999999999882192e+00
9.612499999999881695e+00
9.614999999999881197e+00
9.617499999999880700e+00
9.619999999999880202e+00
9.622499999999879705e+00
9.624999999999879208e+00
9.627499999999878710e+00
9.629999999999878213e+00
9.632499999999877716e+00
9.634999999999877218e+00
9.637499999999876721e+00
9.639999999999876223e+00
9.642499999999875726e+00
9.644999999999875229e+00
9.647499999999874731e+00
9.649999999999874234e+00
9.652499999999873737e+00
9.654999999999873239e+00
9.657499999999872742e+00
9.659999999999872244e+00
9.662499999999871747e+00
9.664999999999871250e+00
9.667499999999870752e+00
9.669999999999870255e+00
9.672499999999869758e+00
9.674999999999869260e+00
9.677499999999868763e+00
9.682499999999869544e+00
9.687499999999870326e+00
9.692499999999871108e+00
9.697499999999871889e+00
9.702499999999872671e+00
9.712499999999872458e+00
9.722499999999872244e+00
9.732499999999872031e+00
9.742499999999871818e+00
9.752499999999871605e+00
9.762499999999871392e+00
9.772499999999871179e+00
9.782499999999870965e+00
9.792499999999870752e+00
9.802499999999870539e+00
9.812499999999870326e+00
9.817499999999871108e+00
9.822499999999871889e+00
9.827499999999872671e+00
9.832499999999873452e+00
9.837499999999874234e+00
9.842499999999875016e+00
9.847499999999875797e+00
9.852499999999876579e+00
9.854999999999876081e+00
9.857499999999875584e+00
9.859999999999875087e+00
9.862499999999874589e+00
9.864999999999874092e+00
9.867499999999873594e+00
9.869999999999873097e+00
9.872499999999872600e+00
9.874999999999872102e+00
9.877499999999871605e+00
9.879999999999871108e+00
9.882499999999870610e+00
9.884999999999870113e+00
9.887499999999869615e+00
9.889999999999869118e+00
9.892499999999868621e+00
9.894999999999868123e+00
9.897499999999867626e+00
9.899999999999867129e+00
9.902499999999866631e+00
9.904999999999866134e+00
9.907499999999865636e+00
9.909999999999865139e+00
9.912499999999864642e+00
9.914999999999864144e+00
9.917499999999863647e+00
9.919999999999863149e+00
9.922499999999862652e+00
9.924999999999862155e+00
9.927499999999861657e+00
9.929999999999861160e+00
9.932499999999860663e+00
9.934999999999860165e+00
9.939999999999860947e+00
9.944999999999861728e+00
9.949999999999862510e+00
9.954999999999863292e+00
9.959999999999864073e+00
9.969999999999863860e+00
9.979999999999863647e+00
9.989999999999863434e+00
9.999999999999863221e+00
1.000999999999986301e+01
1.001999999999986279e+01
1.002999999999986258e+01
1.003999999999986237e+01
1.004999999999986215e+01
1.005999999999986194e+01
1.006999999999986173e+01
1.007999999999986152e+01
1.008499999999986230e+01
1.008999999999986308e+01
1.009499999999986386e+01
1.009999999999986464e+01
1.010499999999986542e+01
1.010999999999986620e+01
1.011249999999986571e+01
1.011499999999986521e+01
1.011749999999986471e+01
1.011999999999986422e+01
1.012249999999986372e+01
1.012499999999986322e+01
1.012749999999986272e+01
1.012999999999986223e+01
1.013249999999986173e+01
1.013499999999986123e+01
1.013749999999986073e+01
1.013999999999986024e+01
1.014249999999985974e+01
1.014499999999985924e+01
1.014749999999985874e+01
1.014999999999985825e+01
1.015249999999985775e+01
1.015499999999985725e+01
1.015749999999985675e+01
1.015999999999985626e+01
1.016249999999985576e+01
1.016499999999985526e+01
1.016749999999985477e+01
1.016999999999985427e+01
1.017249999999985377e+01
1.017499999999985327e+01
1.017749999999985278e+01
1.017999999999985228e+01
1.018249999999985178e+01
1.018499999999985128e+01
1.018749999999985079e+01
1.018999999999985029e+01
1.019249999999984979e+01
1.019499999999984929e+01
1.019749999999984880e+01
1.019999999999984830e+01
1.020249999999984780e+01
1.020749999999984858e+01
1.021249999999984936e+01
1.021749999999985015e+01
1.022249999999985093e+01
1.022749999999985171e+01
1.023749999999985150e+01
1.024749999999985128e+01
1.025749999999985107e+01
1.026749999999985086e+01
1.027749999999985064e+01
1.028749999999985043e+01
1.029749999999985022e+01
1.030749999999985000e+01
1.031749999999984979e+01
1.032749999999984958e+01
1.033749999999984936e+01
1.034249999999985015e+01
1.034749999999985093e+01
1.035249999999985171e+01
1.035749999999985249e+01
1.036249999999985327e+01
1.036749999999985405e+01
1.036999999999985356e+01
1.037249999999985306e+01
1.037499999999985256e+01
1.037749999999985207e+01
1.037999999999985157e+01
1.038249999999985107e+01
1.038499999999985057e+01
1.038749999999985008e+01
1.038999999999984958e+01
1.039249999999984908e+01
1.039499999999984858e+01
1.039749999999984809e+01
1.039999999999984759e+01
1.040249999999984709e+01
1.040499999999984659e+01
1.040749999999984610e+01
1.040999999999984560e+01
1.041249999999984510e+01
1.041499999999984460e+01
1.041749999999984411e+01
1.041999999999984361e+01
1.042249999999984311e+01
1.042499999999984261e+01
1.042749999999984212e+01
1.042999999999984162e+01
1.043249999999984112e+01
1.043499999999984063e+01
1.043749999999984013e+01
1.043999999999983963e+01
1.044249999999983913e+01
1.044499999999983864e+01
1.044749999999983814e+01
1.044999999999983764e+01
1.045249999999983714e+01
1.045499999999983665e+01
1.045749999999983615e+01
1.046249999999983693e+01
1.046749999999983771e+01
1.047249999999983849e+01
1.047749999999983928e+01
1.048249999999984006e+01
1.049249999999983984e+01
1.050249999999983963e+01
1.051249999999983942e+01
1.052249999999983920e+01
1.053249999999983899e+01
1.054249999999983878e+01
1.055249999999983856e+01
1.056249999999983835e+01
1.057249999999983814e+01
1.058249999999983793e+01
1.059249999999983771e+01
1.060249999999983750e+01
1.060749999999983828e+01
1.061249999999983906e+01
1.061749999999983984e+01
1.062249999999984063e+01
1.062749999999984141e+01
1.062999999999984091e+01
1.063249999999984041e+01
1.063499999999983991e+01
1.063749999999983942e+01
1.063999999999983892e+01
1.064249999999983842e+01
1.064499999999983793e+01
1.064749999999983743e+01
1.064999999999983693e+01
1.065249999999983643e+01
1.065499999999983594e+01
1.065749999999983544e+01
1.065999999999983494e+01
1.066249999999983444e+01
1.066499999999983395e+01
1.066749999999983345e+01
1.066999999999983295e+01
1.067249999999983245e+01
1.067499999999983196e+01
1.067749999999983146e+01
1.067999999999983096e+01
1.068249999999983046e+01
1.068499999999982997e+01
1.068749999999982947e+01
1.068999999999982897e+01
1.069249999999982847e+01
1.069499999999982798e+01
1.069749999999982748e+01
1.069999999999982698e+01
1.070249999999982649e+01
1.070499999999982599e+01
1.070749999999982549e+01
1.070999999999982499e+01
1.071249999999982450e+01
1.071499999999982400e+01
1.071749999999982350e+01
1.071999999999982300e+01
1.072499999999982379e+01
1.072999999999982457e+01
1.073499999999982535e+01
1.073999999999982613e+01
1.074499999999982691e+01
1.075499999999982670e+01
1.076499999999982649e+01
1.077499999999982627e+01
1.078499999999982606e+01
1.079499999999982585e+01
1.080499999999982563e+01
1.081499999999982542e+01
1.082499999999982521e+01
1.083499999999982499e+01
1.084499999999982478e+01
1.085499999999982457e+01
1.085999999999982535e+01
1.086499999999982613e+01
1.086999999999982691e+01
1.087499999999982769e+01
1.087999999999982847e+01
1.088499999999982926e+01
1.088999999999983004e+01
1.089249999999982954e+01
1.089499999999982904e+01
1.089749999999982855e+01
1.089999999999982805e+01
1.090249999999982755e+01
1.090499999999982705e+01
1.090749999999982656e+01
1.090999999999982606e+01
1.091249999999982556e+01
1.091499999999982506e+01
1.091749999999982457e+01
1.091999999999982407e+01
1.092249999999982357e+01
1.092499999999982307e+01
1.092749999999982258e+01
1.092999999999982208e+01
1.093249999999982158e+01
1.093499999999982109e+01
1.093749999999982059e+01
1.093999999999982009e+01
1.094249999999981959e+01
1.094499999999981910e+01
1.094749999999981860e+01
1.094999999999981810e+01
1.095249999999981760e+01
1.095499999999981711e+01
1.095749999999981661e+01
1.095999999999981611e+01
1.096249999999981561e+01
1.096499999999981512e+01
1.096749999999981462e+01
1.096999999999981412e+01
1.097249999999981362e+01
1.097499999999981313e+01
1.097749999999981263e+01
1.097999999999981213e+01
1.098499999999981291e+01
1.098999999999981370e+01
1.099499999999981448e+01
1.099999999999981526e+01
1.100499999999981604e+01
1.101499999999981583e+01
1.102499999999981561e+01
1.103499999999981540e+01
1.104499999999981519e+01
1.105499999999981497e+01
1.106499999999981476e+01
1.107499999999981455e+01
1.108499999999981434e+01
1.109499999999981412e+01
1.110499999999981391e+01
1.111499999999981370e+01
1.111999999999981448e+01
1.112499999999981526e+01
1.113499999999981505e+01
1.113999999999981583e+01
1.114499999999981661e+01
1.114999999999981739e+01
1.115249999999981689e+01
1.115499999999981640e+01
1.115749999999981590e+01
1.115999999999981540e+01
1.116249999999981490e+01
1.116499999999981441e+01
1.116749999999981391e+01
1.116999999999981341e+01
1.117249999999981291e+01
1.117499999999981242e+01
1.117749999999981192e+01
1.117999999999981142e+01
1.118249999999981092e+01
1.118499999999981043e+01
1.118749999999980993e+01
1.118999999999980943e+01
1.119249999999980894e+01
1.119499999999980844e+01
1.119749999999980794e+01
1.119999999999980744e+01
1.120249999999980695e+01
1.120499999999980645e+01
1.120749999999980595e+01
1.120999999999980545e+01
1.121249999999980496e+01
1.121499999999980446e+01
1.121749999999980396e+01
1.121999999999980346e+01
1.122249999999980297e+01
1.122499999999980247e+01
1.122749999999980197e+01
1.122999999999980147e+01
1.123249999999980098e+01
1.123499999999980048e+01
1.123749999999979998e+01
1.123999999999979948e+01
1.124249999999979899e+01
1.124749999999979977e+01
1.125249999999980055e+01
1.125749999999980133e+01
1.126249999999980211e+01
1.126749999999980290e+01
1.127749999999980268e+01
1.128749999999980247e+01
1.129749999999980226e+01
1.130749999999980204e+01
1.131749999999980183e+01
1.132749999999980162e+01
1.133749999999980140e+01
1.134749999999980119e+01
1.135749999999980098e+01
1.136749999999980076e+01
1.137749999999980055e+01
1.138249999999980133e+01
1.138749999999980211e+01
1.139249999999980290e+01
1.139749999999980368e+01
1.140249999999980446e+01
1.140749999999980524e+01
1.140999999999980474e+01
1.141249999999980425e+01
1.141499999999980375e+01
1.141749999999980325e+01
1.141999999999980275e+01
1.142249999999980226e+01
1.142499999999980176e+01
1.142749999999980126e+01
1.142999999999980076e+01
1.143249999999980027e+01
1.143499999999979977e+01
1.143749999999979927e+01
1.143999999999979877e+01
1.144249999999979828e+01
1.144499999999979778e+01
1.144749999999979728e+01
1.144999999999979678e+01
1.145249999999979629e+01
1.145499999999979579e+01
1.145749999999979529e+01
1.145999999999979480e+01
1.146249999999979430e+01
1.146499999999979380e+01
1.146749999999979330e+01
1.146999999999979281e+01
1.147249999999979231e+01
1.147499999999979181e+01
1.147749999999979131e+01
1.147999999999979082e+01
1.148249999999979032e+01
1.148499999999978982e+01
1.148749999999978932e+01
1.148999999999978883e+01
1.149249999999978833e+01
1.149499999999978783e+01
1.149749999999978733e+01
1.149999999999978684e+01
1.150499999999978762e+01
1.150999999999978840e+01
1.151499999999978918e+01
1.151999999999978996e+01
1.152499999999979075e+01
1.153499999999979053e+01
1.154499999999979032e+01
1.155499999999979011e+01
1.156499999999978989e+01
1.157499999999978968e+01
1.158499999999978947e+01
1.159499999999978925e+01
1.160499999999978904e+01
1.161499999999978883e+01
1.162499999999978861e+01
1.163499999999978840e+01
1.163999999999978918e+01
1.164499999999978996e+01
1.165499999999978975e+01
1.165999999999979053e+01
1.166499999999979131e+01
1.166999999999979210e+01
1.167249999999979160e+01
1.167499999999979110e+01
1.167749999999979060e+01
1.167999999999979011e+01
1.168249999999978961e+01
1.168499999999978911e+01
1.168749999999978861e+01
1.168999999999978812e+01
1.169249999999978762e+01
1.169499999999978712e+01
1.169749999999978662e+01
1.169999999999978613e+01
1.170249999999978563e+01
1.170499999999978513e+01
1.170749999999978463e+01
1.170999999999978414e+01
1.171249999999978364e+01
1.171499999999978314e+01
1.171749999999978264e+01
1.171999999999978215e+01
1.172249999999978165e+01
1.172499999999978115e+01
1.172749999999978066e+01
1.172999999999978016e+01
1.173249999999977966e+01
1.173499999999977916e+01
1.173749999999977867e+01
1.173999999999977817e+01
1.174249999999977767e+01
1.174499999999977717e+01
1.174749999999977668e+01
1.174999999999977618e+01
1.175249999999977568e+01
1.175499999999977518e+01
1.175749999999977469e+01
1.175999999999977419e+01
1.176249999999977369e+01
1.176749999999977447e+01
1.177249999999977526e+01
1.177749999999977604e+01
1.178249999999977682e+01
1.178749999999977760e+01
1.179749999999977739e+01
1.180749999999977717e+01
1.181749999999977696e+01
1.182749999999977675e+01
1.183749999999977653e+01
1.184749999999977632e+01
1.185749999999977611e+01
1.186749999999977589e+01
1.187749999999977568e+01
1.188749999999977547e+01
1.189749999999977526e+01
1.190249999999977604e+01
1.190749999999977682e+01
1.191249999999977760e+01
1.191749999999977838e+01
1.192249999999977916e+01
1.192749999999977994e+01
1.193249999999978073e+01
1.193499999999978023e+01
1.193749999999977973e+01
1.193999999999977923e+01
1.194249999999977874e+01
1.194499999999977824e+01
1.194749999999977774e+01
1.194999999999977724e+01
1.195249999999977675e+01
1.195499999999977625e+01
1.195749999999977575e+01
1.195999999999977526e+01
1.196249999999977476e+01
1.196499999999977426e+01
1.196749999999977376e+01
1.196999999999977327e+01
1.197249999999977277e+01
1.197499999999977227e+01
1.197749999999977177e+01
1.197999999999977128e+01
1.198249999999977078e+01
1.198499999999977028e+01
1.198749999999976978e+01
1.198999999999976929e+01
1.199249999999976879e+01
1.199499999999976829e+01
1.199749999999976779e+01
1.199999999999976730e+01
1.200249999999976680e+01
1.200499999999976630e+01
1.200749999999976581e+01
1.200999999999976531e+01
1.201249999999976481e+01
1.201499999999976431e+01
1.201749999999976382e+01
1.201999999999976332e+01
1.202499999999976410e+01
1.202999999999976488e+01
1.203499999999976566e+01
1.203999999999976644e+01
1.204499999999976723e+01
1.205499999999976701e+01
1.206499999999976680e+01
1.207499999999976659e+01
1.208499999999976637e+01
1.209499999999976616e+01
1.210499999999976595e+01
1.211499999999976573e+01
1.212499999999976552e+01
1.213499999999976531e+01
1.214499999999976509e+01
1.215499999999976488e+01
1.216499999999976467e+01
1.216999999999976545e+01
1.217499999999976623e+01
1.217999999999976701e+01
1.218499999999976779e+01
1.218999999999976858e+01
1.219249999999976808e+01
1.219499999999976758e+01
1.219749999999976708e+01
1.219999999999976659e+01
1.220249999999976609e+01
1.220499999999976559e+01
1.220749999999976509e+01
1.220999999999976460e+01
1.221249999999976410e+01
1.221499999999976360e+01
1.221749999999976311e+01
1.221999999999976261e+01
1.222249999999976211e+01
1.222499999999976161e+01
1.222749999999976112e+01
1.222999999999976062e+01
1.223249999999976012e+01
1.223499999999975962e+01
1.223749999999975913e+01
1.223999999999975863e+01
1.224249999999975813e+01
1.224499999999975763e+01
1.224749999999975714e+01
1.224999999999975664e+01
1.225249999999975614e+01
1.225499999999975564e+01
1.225749999999975515e+01
1.225999999999975465e+01
1.226249999999975415e+01
1.226499999999975365e+01
1.226749999999975316e+01
1.226999999999975266e+01
1.227249999999975216e+01
1.227499999999975167e+01
1.227749999999975117e+01
1.227999999999975067e+01
1.228249999999975017e+01
1.228749999999975095e+01
1.229249999999975174e+01
1.229749999999975252e+01
1.230249999999975330e+01
1.230749999999975408e+01
1.231749999999975387e+01
1.232749999999975365e+01
1.233749999999975344e+01
1.234749999999975323e+01
1.235749999999975302e+01
1.236749999999975280e+01
1.237749999999975259e+01
1.238749999999975238e+01
1.239749999999975216e+01
1.240749999999975195e+01
1.241749999999975174e+01
1.242249999999975252e+01
1.242749999999975330e+01
1.243249999999975408e+01
1.243749999999975486e+01
1.244249999999975564e+01
1.244749999999975643e+01
1.245249999999975721e+01
1.245499999999975671e+01
1.245749999999975621e+01
1.245999999999975572e+01
1.246249999999975522e+01
1.246499999999975472e+01
1.246749999999975422e+01
1.246999999999975373e+01
1.247249999999975323e+01
1.247499999999975273e+01
1.247749999999975223e+01
1.247999999999975174e+01
1.248249999999975124e+01
1.248499999999975074e+01
1.248749999999975024e+01
1.248999999999974975e+01
1.249249999999974925e+01
1.249499999999974875e+01
1.249749999999974825e+01
1.249999999999974776e+01
1.250249999999974726e+01
1.250499999999974676e+01
1.250749999999974627e+01
1.250999999999974577e+01
1.251249999999974527e+01
1.251499999999974477e+01
1.251749999999974428e+01
1.251999999999974378e+01
1.252249999999974328e+01
1.252499999999974278e+01
1.252749999999974229e+01
1.252999999999974179e+01
1.253249999999974129e+01
1.253499999999974079e+01
1.253749999999974030e+01
1.254249999999974108e+01
1.254749999999974186e+01
1.255249999999974264e+01
1.255749999999974342e+01
1.256249999999974420e+01
1.257249999999974399e+01
1.258249999999974378e+01
1.259249999999974357e+01
1.260249999999974335e+01
1.261249999999974314e+01
1.262249999999974293e+01
1.263249999999974271e+01
1.264249999999974250e+01
1.265249999999974229e+01
1.266249999999974207e+01
1.267249999999974186e+01
1.268249999999974165e+01
1.268749999999974243e+01
1.269249999999974321e+01
1.269749999999974399e+01
1.270249999999974477e+01
1.270749999999974555e+01
1.271249999999974634e+01
1.271499999999974584e+01
1.271749999999974534e+01
1.271999999999974484e+01
1.272249999999974435e+01
1.272499999999974385e+01
1.272749999999974335e+01
1.272999999999974285e+01
1.273249999999974236e+01
1.273499999999974186e+01
1.273749999999974136e+01
1.273999999999974087e+01
1.274249999999974037e+01
1.274499999999973987e+01
1.274749999999973937e+01
1.274999999999973888e+01
1.275249999999973838e+01
1.275499999999973788e+01
1.275749999999973738e+01
1.275999999999973689e+01
1.276249999999973639e+01
1.276499999999973589e+01
1.276749999999973539e+01
1.276999999999973490e+01
1.277249999999973440e+01
1.277499999999973390e+01
1.277749999999973340e+01
1.277999999999973291e+01
1.278249999999973241e+01
1.278499999999973191e+01
1.278749999999973141e+01
1.278999999999973092e+01
1.279249999999973042e+01
1.279499999999972992e+01
1.279749999999972943e+01
1.279999999999972893e+01
1.280249999999972843e+01
1.280499999999972793e+01
1.280999999999972871e+01
1.281499999999972950e+01
1.281999999999973028e+01
1.282499999999973106e+01
1.282999999999973184e+01
1.283999999999973163e+01
1.284999999999973141e+01
1.285999999999973120e+01
1.286999999999973099e+01
1.287999999999973078e+01
1.288999999999973056e+01
1.289999999999973035e+01
1.290999999999973014e+01
1.291999999999972992e+01
1.292999999999972971e+01
1.293999999999972950e+01
1.294499999999973028e+01
1.294999999999973106e+01
1.295499999999973184e+01
1.295999999999973262e+01
1.296499999999973340e+01
1.296999999999973419e+01
1.297249999999973369e+01
1.297499999999973319e+01
1.297749999999973269e+01
1.297999999999973220e+01
1.298249999999973170e+01
1.298499999999973120e+01
1.298749999999973070e+01
1.298999999999973021e+01
1.299249999999972971e+01
1.299499999999972921e+01
1.299749999999972871e+01
1.299999999999972822e+01
1.300249999999972772e+01
1.300499999999972722e+01
1.300749999999972673e+01
1.300999999999972623e+01
1.301249999999972573e+01
1.301499999999972523e+01
1.301749999999972474e+01
1.301999999999972424e+01
1.302249999999972374e+01
1.302499999999972324e+01
1.302749999999972275e+01
1.302999999999972225e+01
1.303249999999972175e+01
1.303499999999972125e+01
1.303749999999972076e+01
1.303999999999972026e+01
1.304249999999971976e+01
1.304499999999971926e+01
1.304749999999971877e+01
1.304999999999971827e+01
1.305249999999971777e+01
1.305499999999971728e+01
1.305749999999971678e+01
1.305999999999971628e+01
1.306499999999971706e+01
1.306999999999971784e+01
1.307499999999971863e+01
1.307999999999971941e+01
1.308499999999972019e+01
1.309499999999971998e+01
1.310499999999971976e+01
1.311499999999971955e+01
1.312499999999971934e+01
1.313499999999971912e+01
1.314499999999971891e+01
1.315499999999971870e+01
1.316499999999971848e+01
1.317499999999971827e+01
1.318499999999971806e+01
1.319499999999971784e+01
1.320499999999971763e+01
1.320999999999971841e+01
1.321499999999971919e+01
1.321999999999971998e+01
1.322499999999972076e+01
1.322999999999972154e+01
1.323249999999972104e+01
1.323499999999972054e+01
1.323749999999972005e+01
1.323999999999971955e+01
1.324249999999971905e+01
1.324499999999971855e+01
1.324749999999971806e+01
1.324999999999971756e+01
1.325249999999971706e+01
1.325499999999971656e+01
1.325749999999971607e+01
1.325999999999971557e+01
1.326249999999971507e+01
1.326499999999971457e+01
1.326749999999971408e+01
1.326999999999971358e+01
1.327249999999971308e+01
1.327499999999971259e+01
1.327749999999971209e+01
1.327999999999971159e+01
1.328249999999971109e+01
1.328499999999971060e+01
1.328749999999971010e+01
1.328999999999970960e+01
1.329249999999970910e+01
1.329499999999970861e+01
1.329749999999970811e+01
1.329999999999970761e+01
1.330249999999970711e+01
1.330499999999970662e+01
1.330749999999970612e+01
1.330999999999970562e+01
1.331249999999970512e+01
1.331499999999970463e+01
1.331749999999970413e+01
1.331999999999970363e+01
1.332249999999970314e+01
1.332749999999970392e+01
1.333249999999970470e+01
1.333749999999970548e+01
1.334249999999970626e+01
1.334749999999970704e+01
1.335749999999970683e+01
1.336749999999970662e+01
1.337749999999970640e+01
1.338749999999970619e+01
1.339749999999970598e+01
1.340749999999970576e+01
1.341749999999970555e+01
1.342749999999970534e+01
1.343749999999970512e+01
1.344749999999970491e+01
1.345749999999970470e+01
1.346249999999970548e+01
1.346749999999970626e+01
1.347249999999970704e+01
1.347749999999970782e+01
1.348249999999970861e+01
1.348749999999970939e+01
1.349249999999971017e+01
1.349499999999970967e+01
1.349749999999970917e+01
1.349999999999970868e+01
1.350249999999970818e+01
1.350499999999970768e+01
1.350749999999970719e+01
1.350999999999970669e+01
1.351249999999970619e+01
1.351499999999970569e+01
1.351749999999970520e+01
1.351999999999970470e+01
1.352249999999970420e+01
1.352499999999970370e+01
1.352749999999970321e+01
1.352999999999970271e+01
1.353249999999970221e+01
1.353499999999970171e+01
1.353749999999970122e+01
1.353999999999970072e+01
1.354249999999970022e+01
1.354499999999969972e+01
1.354749999999969923e+01
1.354999999999969873e+01
1.355249999999969823e+01
1.355499999999969774e+01
1.355749999999969724e+01
1.355999999999969674e+01
1.356249999999969624e+01
1.356499999999969575e+01
1.356749999999969525e+01
1.356999999999969475e+01
1.357249999999969425e+01
1.357499999999969376e+01
1.357749999999969326e+01
1.357999999999969276e+01
1.358249999999969226e+01
1.358749999999969305e+01
1.359249999999969383e+01
1.359749999999969461e+01
1.360249999999969539e+01
1.360749999999969617e+01
1.361749999999969596e+01
1.362749999999969575e+01
1.363749999999969553e+01
1.364749999999969532e+01
1.365749999999969511e+01
1.366749999999969489e+01
1.367749999999969468e+01
1.368749999999969447e+01
1.369749999999969425e+01
1.370749999999969404e+01
1.371749999999969383e+01
1.372249999999969461e+01
1.373249999999969440e+01
1.373749999999969518e+01
1.374249999999969596e+01
1.374749999999969674e+01
1.375249999999969752e+01
1.375499999999969702e+01
1.375749999999969653e+01
1.375999999999969603e+01
1.376249999999969553e+01
1.376499999999969504e+01
1.376749999999969454e+01
1.376999999999969404e+01
1.377249999999969354e+01
1.377499999999969305e+01
1.377749999999969255e+01
1.377999999999969205e+01
1.378249999999969155e+01
1.378499999999969106e+01
1.378749999999969056e+01
1.378999999999969006e+01
1.379249999999968956e+01
1.379499999999968907e+01
1.379749999999968857e+01
1.379999999999968807e+01
1.380249999999968757e+01
1.380499999999968708e+01
1.380749999999968658e+01
1.380999999999968608e+01
1.381249999999968558e+01
1.381499999999968509e+01
1.381749999999968459e+01
1.381999999999968409e+01
1.382249999999968360e+01
1.382499999999968310e+01
1.382749999999968260e+01
1.382999999999968210e+01
1.383249999999968161e+01
1.383499999999968111e+01
1.383749999999968061e+01
1.383999999999968011e+01
1.384249999999967962e+01
1.384749999999968040e+01
1.385249999999968118e+01
1.385749999999968196e+01
1.386249999999968274e+01
1.386749999999968352e+01
1.387749999999968331e+01
1.388749999999968310e+01
1.389749999999968288e+01
1.390749999999968267e+01
1.391749999999968246e+01
1.392749999999968225e+01
1.393749999999968203e+01
1.394749999999968182e+01
1.395749999999968161e+01
1.396749999999968139e+01
1.397749999999968118e+01
1.398249999999968196e+01
1.398749999999968274e+01
1.399249999999968352e+01
1.399749999999968431e+01
1.400249999999968509e+01
1.400749999999968587e+01
1.401249999999968665e+01
1.401499999999968615e+01
1.401749999999968566e+01
1.401999999999968516e+01
1.402249999999968466e+01
1.402499999999968416e+01
1.402749999999968367e+01
1.402999999999968317e+01
1.403249999999968267e+01
1.403499999999968217e+01
1.403749999999968168e+01
1.403999999999968118e+01
1.404249999999968068e+01
1.404499999999968018e+01
1.404749999999967969e+01
1.404999999999967919e+01
1.405249999999967869e+01
1.405499999999967820e+01
1.405749999999967770e+01
1.405999999999967720e+01
1.406249999999967670e+01
1.406499999999967621e+01
1.406749999999967571e+01
1.406999999999967521e+01
1.407249999999967471e+01
1.407499999999967422e+01
1.407749999999967372e+01
1.407999999999967322e+01
1.408249999999967272e+01
1.408499999999967223e+01
1.408749999999967173e+01
1.408999999999967123e+01
1.409249999999967073e+01
1.409499999999967024e+01
1.409749999999966974e+01
1.409999999999966924e+01
1.410249999999966874e+01
1.410749999999966953e+01
1.411249999999967031e+01
1.411749999999967109e+01
1.412249999999967187e+01
1.412749999999967265e+01
1.413749999999967244e+01
1.414749999999967223e+01
1.415749999999967201e+01
1.416749999999967180e+01
1.417749999999967159e+01
1.418749999999967137e+01
1.419749999999967116e+01
1.420749999999967095e+01
1.421749999999967073e+01
1.422749999999967052e+01
1.423749999999967031e+01
1.424249999999967109e+01
1.424749999999967187e+01
1.425249999999967265e+01
1.425749999999967343e+01
1.426249999999967422e+01
1.426749999999967500e+01
1.427249999999967578e+01
1.427499999999967528e+01
1.427749999999967478e+01
1.427999999999967429e+01
1.428249999999967379e+01
1.428499999999967329e+01
1.428749999999967280e+01
1.428999999999967230e+01
1.429249999999967180e+01
1.429499999999967130e+01
1.429749999999967081e+01
1.429999999999967031e+01
1.430249999999966981e+01
1.430499999999966931e+01
1.430749999999966882e+01
1.430999999999966832e+01
1.431249999999966782e+01
1.431499999999966732e+01
1.431749999999966683e+01
1.431999999999966633e+01
1.432249999999966583e+01
1.432499999999966533e+01
1.432749999999966484e+01
1.432999999999966434e+01
1.433249999999966384e+01
1.433499999999966334e+01
1.433749999999966285e+01
1.433999999999966235e+01
1.434249999999966185e+01
1.434499999999966136e+01
1.434749999999966086e+01
1.434999999999966036e+01
1.435249999999965986e+01
1.435499999999965937e+01
1.435749999999965887e+01
1.435999999999965837e+01
1.436249999999965787e+01
1.436499999999965738e+01
1.436999999999965816e+01
1.437499999999965894e+01
1.437999999999965972e+01
1.438499999999966050e+01
1.438999999999966128e+01
1.439999999999966107e+01
1.440999999999966086e+01
1.441999999999966064e+01
1.442999999999966043e+01
1.443999999999966022e+01
1.444999999999966001e+01
1.445999999999965979e+01
1.446999999999965958e+01
1.447999999999965937e+01
1.448999999999965915e+01
1.449999999999965894e+01
1.450499999999965972e+01
1.450999999999966050e+01
1.451499999999966128e+01
1.451999999999966207e+01
1.452499999999966285e+01
1.452999999999966363e+01
1.453499999999966441e+01
1.453749999999966391e+01
1.453999999999966342e+01
1.454249999999966292e+01
1.454499999999966242e+01
1.454749999999966192e+01
1.454999999999966143e+01
1.455249999999966093e+01
1.455499999999966043e+01
1.455749999999965993e+01
1.455999999999965944e+01
1.456249999999965894e+01
1.456499999999965844e+01
1.456749999999965794e+01
1.456999999999965745e+01
1.457249999999965695e+01
1.457499999999965645e+01
1.457749999999965596e+01
1.457999999999965546e+01
1.458249999999965496e+01
1.458499999999965446e+01
1.458749999999965397e+01
1.458999999999965347e+01
1.459249999999965297e+01
1.459499999999965247e+01
1.459749999999965198e+01
1.459999999999965148e+01
1.460249999999965098e+01
1.460499999999965048e+01
1.460749999999964999e+01
1.460999999999964949e+01
1.461249999999964899e+01
1.461499999999964849e+01
1.461749999999964800e+01
1.461999999999964750e+01
1.462249999999964700e+01
1.462749999999964778e+01
1.463249999999964857e+01
1.463749999999964935e+01
1.464249999999965013e+01
1.464749999999965091e+01
1.465749999999965070e+01
1.466749999999965048e+01
1.467749999999965027e+01
1.468749999999965006e+01
1.469749999999964984e+01
1.470749999999964963e+01
1.471749999999964942e+01
1.472749999999964921e+01
1.473749999999964899e+01
1.474749999999964878e+01
1.475749999999964857e+01
1.476749999999964835e+01
1.477249999999964913e+01
1.477749999999964992e+01
1.478249999999965070e+01
1.478749999999965148e+01
1.479249999999965226e+01
1.479499999999965176e+01
1.479749999999965127e+01
1.479999999999965077e+01
1.480249999999965027e+01
1.480499999999964977e+01
1.480749999999964928e+01
1.480999999999964878e+01
1.481249999999964828e+01
1.481499999999964778e+01
1.481749999999964729e+01
1.481999999999964679e+01
1.482249999999964629e+01
1.482499999999964579e+01
1.482749999999964530e+01
1.482999999999964480e+01
1.483249999999964430e+01
1.483499999999964380e+01
1.483749999999964331e+01
1.483999999999964281e+01
1.484249999999964231e+01
1.484499999999964182e+01
1.484749999999964132e+01
1.484999999999964082e+01
1.485249999999964032e+01
1.485499999999963983e+01
1.485749999999963933e+01
1.485999999999963883e+01
1.486249999999963833e+01
1.486499999999963784e+01
1.486749999999963734e+01
1.486999999999963684e+01
1.487249999999963634e+01
1.487499999999963585e+01
1.487749999999963535e+01
1.487999999999963485e+01
1.488249999999963435e+01
1.488499999999963386e+01
1.488999999999963464e+01
1.489499999999963542e+01
1.489999999999963620e+01
1.490499999999963698e+01
1.490999999999963777e+01
1.491999999999963755e+01
1.492999999999963734e+01
1.493999999999963713e+01
1.494999999999963691e+01
1.495999999999963670e+01
1.496999999999963649e+01
1.497999999999963627e+01
1.498999999999963606e+01
1.499999999999963585e+01
