9.999999999999840128e-01
9.999911239831280607e-01
9.999716328717194180e-01
9.999588912802842566e-01
9.999509685392110603e-01
9.999330618261348391e-01
9.999168907573158238e-01
9.999088561752641491e-01
9.998938013537417291e-01
9.998762147789084231e-01
9.998669880423407541e-01
9.998549095995654667e-01
9.998371903929296201e-01
9.998258679662194170e-01
9.998152655878975725e-01
9.997980454095855007e-01
9.997843032197094582e-01
9.997740953940984499e-01
9.997583380176435774e-01
9.997431102663008051e-01
9.997328708504983341e-01
9.997192387242580525e-01
9.997037819523535429e-01
9.996928229693812229e-01
9.996806846269432612e-01
9.996654050699843586e-01
9.996531511583541807e-01
9.996415232370917670e-01
9.996267163735446104e-01
9.996134868915365068e-01
9.996021237192544984e-01
9.995885258687344788e-01
9.995751524987662728e-01
9.995639769967497035e-01
9.995516157180251993e-01
9.995385236871344725e-01
9.995270502074000696e-01
9.995152027340286072e-01
9.995023326100460626e-01
9.994904589765014613e-01
9.994788495744314494e-01
9.994664846181705586e-01
9.994547694474905652e-01
9.994436306803916592e-01
9.994321472086566960e-01
9.993766879228284106e-01
9.993089369785496112e-01
9.992363741035823477e-01
9.991598747332295360e-01
9.990787013522448579e-01
9.989923640971345442e-01
9.989018438549762680e-01
9.988068915931104241e-01
9.987066524617255192e-01
9.986019348008596808e-01
9.984931478970092700e-01
9.983795685094543071e-01
9.982615895962301256e-01
9.981398705404107563e-01
9.980139622384679443e-01
9.978840227541940777e-01
9.977507415149828862e-01
9.976137978475327905e-01
9.974731214573495652e-01
9.973294610491473255e-01
9.971828782259964941e-01
9.970330908811949611e-01
9.968807041571864369e-01
9.967261531045290557e-01
9.965692530380201308e-01
9.964103491434996851e-01
9.962499048504919186e-01
9.960878689669050434e-01
9.959245333454104232e-01
9.957603909093165617e-01
9.955954032944143162e-01
9.954297718408802176e-01
9.952640747052942105e-01
9.950984808533055448e-01
9.949176123023658613e-01
9.947261070559778595e-01
9.945360312104545297e-01
9.943501413833008007e-01
9.941682712300555780e-01
9.939901162661013423e-01
9.938154799115376248e-01
9.936428029302684095e-01
9.934704686028382747e-01
9.932975463676434469e-01
9.931229265067765821e-01
9.929467111547781721e-01
9.927711829568254265e-01
9.925981508739838421e-01
9.924278413946341360e-01
9.922612685672907995e-01
9.920998777112512990e-01
9.919428036965335371e-01
9.917877710954159376e-01
9.916334323114048832e-01
9.914787816520590491e-01
9.913226066392933911e-01
9.911647729392800699e-01
9.910059770641405086e-01
9.908467704749144289e-01
9.906885961143969688e-01
9.905332805328582735e-01
9.903805807079070211e-01
9.902293560387205318e-01
9.900796186825077116e-01
9.899305656276596865e-01
9.897799890157306102e-01
9.896270090428507249e-01
9.894720840559610986e-01
9.893155078358265575e-01
9.891583986034678810e-01
9.890027039735731496e-01
9.888495241913494160e-01
9.886998234553570075e-01
9.885550875244288882e-01
9.884153385228556798e-01
9.882793645714594843e-01
9.881471631311585790e-01
9.880192028370680113e-01
9.878951103538442524e-01
9.877753872109115152e-01
9.876618518333317720e-01
9.875559675412353133e-01
9.874591313487243172e-01
9.873730539192853151e-01
9.872983003789602696e-01
9.872346465175106944e-01
9.871823756449557008e-01
9.871411807734310484e-01
9.871099069969743178e-01
9.870885461703308161e-01
9.870782293374229521e-01
9.870799358204008778e-01
9.870952171710445366e-01
9.871266400313121192e-01
9.871616896848300904e-01
9.871733590687397086e-01
9.872044879165948750e-01
9.872577919569922589e-01
9.873362127521850828e-01
9.874429387002421343e-01
9.875811870758508526e-01
9.877541093619658374e-01
9.879648521113835180e-01
9.882164233747328108e-01
9.885115679946893108e-01
9.888528333303483464e-01
9.892425258761533557e-01
9.896826158133574802e-01
9.901748001189697446e-01
9.907205037800342895e-01
9.913207940618888880e-01
9.919764409626573576e-01
9.926879823642513756e-01
9.934556598244212999e-01
9.942794389362576979e-01
9.949252667150779716e-01
9.950485439431155932e-01
9.951874811257495068e-01
9.950650369827613861e-01
9.948279331179842311e-01
9.945904951457418264e-01
9.943525069384014925e-01
9.941138667709354948e-01
9.928451807071779767e-01
9.912251452456314338e-01
9.895660581452289106e-01
9.878741815832529083e-01
9.861562870980149498e-01
9.844194085950886963e-01
9.826709399254580646e-01
9.809183922960088564e-01
9.791690814689976152e-01
9.774302152103646613e-01
9.757090479805441419e-01
9.740128740896969450e-01
9.723490670454285612e-01
9.707250645934615285e-01
9.691481434233509829e-01
9.676255048375743684e-01
9.661636447911181591e-01
9.647682036784545057e-01
9.634440739046717939e-01
9.621950702473359707e-01
9.610243319676569085e-01
9.599340716658456563e-01
9.589256609755509864e-01
9.579999136439694141e-01
9.571573043315216855e-01
9.563976257557899041e-01
9.557201268616301038e-01
9.551233292775307415e-01
9.546047435497877487e-01
9.541609543494012913e-01
9.537876084845858804e-01
9.534792828347941063e-01
9.532295674979573974e-01
9.530411433998603465e-01
9.529178435681271431e-01
9.528374940689674499e-01
9.527809177697661447e-01
9.527544996273968891e-01
9.527462459070858980e-01
9.527295224171147270e-01
9.526982321494072981e-01
9.526431472708071224e-01
9.525454069662321333e-01
9.524097062972624039e-01
9.522411166271743665e-01
9.520185275480407272e-01
9.517363972097551139e-01
9.514103246514147294e-01
9.510285291893179060e-01
9.505669935797361747e-01
9.500298579513521968e-01
9.494209550213005278e-01
9.487264914573558805e-01
9.479489341153701787e-01
9.471006318144639113e-01
9.461796342483366207e-01
9.451949381034975284e-01
9.441693209861619085e-01
9.431027477134077408e-01
9.419923280034291357e-01
9.408615742575893170e-01
9.397234014877983155e-01
9.385706804259212888e-01
9.374188073694057488e-01
9.362933943857526531e-01
9.352026485407728407e-01
9.341633771234192363e-01
9.332032664669677180e-01
9.323339075372329976e-01
9.315677951268519497e-01
9.309296237431080590e-01
9.304270303663555453e-01
9.300560658721720442e-01
9.298295623562140566e-01
9.297586649937031877e-01
9.298354284309544582e-01
9.300594014286148736e-01
9.304395048655837996e-01
9.309705511336839878e-01
9.316450046510044158e-01
9.324623904137425701e-01
9.334098258011974680e-01
9.344685904180797253e-01
9.356298815949238845e-01
9.368774807940782878e-01
9.381842509070229541e-01
9.395344359351307517e-01
9.409175147749830881e-01
9.423118549670079780e-01
9.436980475527525503e-01
9.450649260154202480e-01
9.463952883469869404e-01
9.476690463155557076e-01
9.488707365444229991e-01
9.499808720396375472e-01
9.509768575192278917e-01
9.518440071780841505e-01
9.525690381787375038e-01
9.531337942274974440e-01
9.535266187195908794e-01
9.537445192808535754e-01
9.537816706330074501e-01
9.536324083806763108e-01
9.532979537193881914e-01
9.527802948093551105e-01
9.520811631414959342e-01
9.512076081146719764e-01
9.501689189635402766e-01
9.489750172351977264e-01
9.476425200256993753e-01
9.461929240136554009e-01
9.446471192194139110e-01
9.430281216749649698e-01
9.413634349690613856e-01
9.396804954682170807e-01
9.380038619155405266e-01
9.363587480667627805e-01
9.347705339084220189e-01
9.332623719249796279e-01
9.318568213812579160e-01
9.305762542198139364e-01
9.294408868556178760e-01
9.284701316842902674e-01
9.276833322584916441e-01
9.270963496425611572e-01
9.267203931501790670e-01
9.265651803743725212e-01
9.266380172692314510e-01
9.269409087911301137e-01
9.274720606709646598e-01
9.282281039420743340e-01
9.292028199751783957e-01
9.303867456320902285e-01
9.317683544056003520e-01
9.333334859303406006e-01
9.350644094537108320e-01
9.369413060496126766e-01
9.389418192905137905e-01
9.410388800229638750e-01
9.432025908203542919e-01
9.454026497066425616e-01
9.476069075458388724e-01
9.497806378443544029e-01
9.518899291921659733e-01
9.539023412675537994e-01
9.557857691131300681e-01
9.575096990771524430e-01
9.590455080360779094e-01
9.603660207417228367e-01
9.614468734442153108e-01
9.622674249645636335e-01
9.628094850795293480e-01
9.630577883363961034e-01
9.630030053681879476e-01
9.626406758947593234e-01
9.619700392434918923e-01
9.609957901876234887e-01
9.597281872184034723e-01
9.581812926484988280e-01
9.563732238170131739e-01
9.543265183182768618e-01
9.520665556994053480e-01
9.496215226350933625e-01
9.470233196084302252e-01
9.443065366229748125e-01
9.415076303360697674e-01
9.386648930185940154e-01
9.358192498709165807e-01
9.330116646498990418e-01
9.302834856101827032e-01
9.276766352750819289e-01
9.252316710915652331e-01
9.229870758288568622e-01
9.209793330456514937e-01
9.192419306987933414e-01
9.178049109372342640e-01
9.166954565577544178e-01
9.159368666150458083e-01
9.155474625178328107e-01
9.155410862101416303e-01
9.159268794017555448e-01
9.167078312892348313e-01
9.178807410888568663e-01
9.194365992232009788e-01
9.213601688731445361e-01
9.236299697193768310e-01
9.262191330760556340e-01
9.290953079687771510e-01
9.322207590385517273e-01
9.355538405656080858e-01
9.390494729981014865e-01
9.426594137679920049e-01
9.463325600357358480e-01
9.500170801772326312e-01
9.536577418983935850e-01
9.571995777877888578e-01
9.605878641255457540e-01
9.637689419921979805e-01
9.666918889850705243e-01
9.693088416976705091e-01
9.715760543429110552e-01
9.734533562854102984e-01
9.749063082542722691e-01
9.759061736672084431e-01
9.764299626202734839e-01
9.764608205465408197e-01
9.759886628628100524e-01
9.750103433362828920e-01
9.735296935215809189e-01
9.715578340002781754e-01
9.691133378301892698e-01
9.662224952882957352e-01
9.629187428071901422e-01
9.592422355372207665e-01
9.552393992343995999e-01
9.509633615003015850e-01
9.464725124322382888e-01
9.418294830920646010e-01
9.370996299908611604e-01
9.323499226768466874e-01
9.276495085082988590e-01
9.230699895395810817e-01
9.186818073921403371e-01
9.145538117825194879e-01
9.107523513272852700e-01
9.073401381568239055e-01
9.043752144719414687e-01
9.019100099588371888e-01
8.999903667189536050e-01
8.986548405231457037e-01
8.979341388801923562e-01
8.978504579401900276e-01
8.984171310128828969e-01
8.996384303243795122e-01
9.015093527261315298e-01
9.040153731066191689e-01
9.071325238245114830e-01
9.108275077291185795e-01
9.150579846315581856e-01
9.197728371790641066e-01
9.249127062269965061e-01
9.304108035110678632e-01
9.361924472550313681e-01
9.421783364923496107e-01
9.482860338470069372e-01
9.544297118366799060e-01
9.605178566828745934e-01
9.664582908058899635e-01
9.721604619157795391e-01
9.775351016526668824e-01
9.824964386925891802e-01
9.869637814408257492e-01
9.908620248244559559e-01
9.915039911634616621e-01
9.912001767783340522e-01
9.908474615709050859e-01
9.904502007900176652e-01
9.900133365275211039e-01
9.895423143293213819e-01
9.890431494491774833e-01
9.885223558109044184e-01
9.879866777177033210e-01
9.874429252777519039e-01
9.834179880870885793e-01
9.779989960842312424e-01
9.719427807300261568e-01
9.653259097939410616e-01
9.582368638797958971e-01
9.507714489201140040e-01
9.430366158886095418e-01
9.351438543141982196e-01
9.272032585923987158e-01
9.193332880329287971e-01
9.116530599572524318e-01
9.042797775419437745e-01
8.973279676758557644e-01
8.909075345742551999e-01
8.851223883062800946e-01
8.800684469933429677e-01
8.758324730910396205e-01
8.724907435961986035e-01
8.701079406923475368e-01
8.687362207529655267e-01
8.684144461708008800e-01
8.691675034358056218e-01
8.710057771849982755e-01
8.739247520020272386e-01
8.779046689567817641e-01
8.829103238558166922e-01
8.888910614967918677e-01
8.957809026935238395e-01
9.034987563779465214e-01
9.119494316981251458e-01
9.210245033151125416e-01
9.306031816346500563e-01
9.405516589601913280e-01
9.507317595689210865e-01
9.610005457737289536e-01
9.712005474053889698e-01
9.811758541912626308e-01
9.907715915196202427e-01
9.948731872896352524e-01
9.904667816912110512e-01
9.835362567394801969e-01
9.773854689357485137e-01
9.721221113195523955e-01
9.678438880511316400e-01
9.646349721411109357e-01
9.625640635388290622e-01
9.616848619627137440e-01
9.620345236756252527e-01
9.636326151499424730e-01
9.664805784766383745e-01
9.705614795801938977e-01
9.758399393298143876e-01
9.822599987600473259e-01
9.853391178595342081e-01
9.844808652096384005e-01
9.827408639023793580e-01
9.710327091879213945e-01
9.586624217217062371e-01
9.458072655263634054e-01
9.326594432182373495e-01
9.194046139070186641e-01
9.062439297668831717e-01
8.933771346487916487e-01
8.810026004183492132e-01
8.693133420619100216e-01
8.584940613351781380e-01
8.487188743396819612e-01
8.401492193902027061e-01
8.329320604348219304e-01
8.271957253245666442e-01
8.230428571797421267e-01
8.205467118156321016e-01
8.197561501184830179e-01
8.207046428728903553e-01
8.234160650941722004e-01
8.279028426455180556e-01
8.341568511334771507e-01
8.421383078563684510e-01
8.517721366615981227e-01
8.629534682627832964e-01
8.755527456379128548e-01
8.894170387404458644e-01
9.043699469382873168e-01
9.202126844307569886e-01
9.367258205896608070e-01
9.536702858814166683e-01
9.708051654151333976e-01
9.878560250391719144e-01
9.960797583350678996e-01
9.817094210820576095e-01
9.679835062731400042e-01
9.551289607313082630e-01
9.433612804381452666e-01
9.328739328302867451e-01
9.238453240297823665e-01
9.164351301424639162e-01
9.107835400997583708e-01
9.070068741495530551e-01
9.051969974104512318e-01
9.054200406531749401e-01
9.077150746378285229e-01
9.120929643585157232e-01
9.185352422477072176e-01
9.269923802160673354e-01
9.373838812454307057e-01
9.495982643932757705e-01
9.634927036455034344e-01
9.788909341539803188e-01
9.795641857378459827e-01
9.731892068311611688e-01
9.518284149382391091e-01
9.299202443711631627e-01
9.077978689771367682e-01
8.858087489526359493e-01
8.643020190958160542e-01
8.436249527773086454e-01
8.241457132632546978e-01
8.063898440556507285e-01
7.910802779913006511e-01
7.786861561542175458e-01
7.691071323611282651e-01
8.220315769478903078e-01
8.248202201040052417e-01
8.244810207067654328e-01
8.248675533846792085e-01
8.258393050168713057e-01
8.266860949574993400e-01
8.285604634703016558e-01
8.322600558542396776e-01
7.796490852750743716e-01
7.924081257537972656e-01
8.085969303362330329e-01
8.282539242744320074e-01
8.506840527274313057e-01
8.751696106303934464e-01
9.012758143219530282e-01
9.286222121651281913e-01
9.567925393738100359e-01
9.839504465355499718e-01
9.890498750722471755e-01
9.665208370070609289e-01
9.423941512216116312e-01
9.193328755497732763e-01
8.977034949535008801e-01
8.778643988836966061e-01
8.601389815223091651e-01
8.448221538035152189e-01
8.321761861638040658e-01
8.224318162563118983e-01
8.157648808053648004e-01
8.122862000549214700e-01
8.120680409050153870e-01
8.151790893853796405e-01
8.216879231000708828e-01
8.316288332866913491e-01
8.449634766091381755e-01
8.615806354510250342e-01
8.813163672028718754e-01
9.039556818449538955e-01
9.292246118101116226e-01
9.567838494322763454e-01
9.722927969112725721e-01
9.642655172528021845e-01
9.277833111217106410e-01
8.908949612054349876e-01
8.542507590389252226e-01
8.185625107859416660e-01
7.856913504196353371e-01
8.150788438545862880e-01
8.032126853498711139e-01
7.902011898521265065e-01
7.796661144658082465e-01
7.718445775720685909e-01
7.663294213413167633e-01
7.627613125538765804e-01
7.609515075109938298e-01
7.606139300409906490e-01
7.609094024773791487e-01
7.614015271403248297e-01
7.618805892958364634e-01
7.627270718897521951e-01
7.653750873978480973e-01
7.700720184851536088e-01
7.771278518225036569e-01
7.871623898786171969e-01
8.009634448610036817e-01
7.899152797134815218e-01
8.252038067759234208e-01
8.674481397279854011e-01
9.125236706806606479e-01
9.550970573201332803e-01
9.841094890703803166e-01
9.557017720614188194e-01
9.182631721450624784e-01
8.796871747771388694e-01
8.413799692181278544e-01
8.059533083597772984e-01
7.759262304085154938e-01
8.138441056756130498e-01
8.076310923224688798e-01
7.994778237774027296e-01
7.933222415377616521e-01
7.897229328541023330e-01
7.886322065172206575e-01
7.900106544206952908e-01
7.930484226931568958e-01
7.965982138856380068e-01
8.027404984676870248e-01
8.117873620734580298e-01
8.241919568441719024e-01
7.712888671944093666e-01
8.038127221482527229e-01
8.441549769635418032e-01
8.891853852671356417e-01
9.378025952307394997e-01
9.596514371111980468e-01
9.281475880081171415e-01
8.667214693279288173e-01
8.060783395655710670e-01
8.048819655372403403e-01
7.756744387845331268e-01
7.507131568696602253e-01
7.346277384679299471e-01
7.236515044660064566e-01
7.147827070976191521e-01
7.074176697224588972e-01
7.015948062927745976e-01
6.973194716658387415e-01
6.940678547148199096e-01
6.926898036686206517e-01
6.930453065631306808e-01
6.949579360249927840e-01
6.952550559914756345e-01
6.971148331551975108e-01
7.006127747001081874e-01
7.058876789747005054e-01
7.131610856481065408e-01
7.227106318285382303e-01
7.350589722953467797e-01
7.521760805448137743e-01
8.117979443846887744e-01
8.769612273183957640e-01
9.447773516210574707e-01
9.664041981960204142e-01
9.042953338519135187e-01
8.422441971700511676e-01
7.839462746183750719e-01
7.878300135722493547e-01
7.627873577776257408e-01
7.443506718347039364e-01
7.325860551951206556e-01
7.239702406730510464e-01
7.173321269469402628e-01
7.123435910027335893e-01
7.090218243904597983e-01
7.074239511892258525e-01
7.076003684014576800e-01
7.096140000912428691e-01
7.111399014560852994e-01
7.137348268587616618e-01
7.185926879640905929e-01
7.261572226088069959e-01
7.370882955470035025e-01
7.525716575430202449e-01
7.751842591752038381e-01
7.774044393894409266e-01
8.526484537106993056e-01
9.371727807342917771e-01
9.354031951452872473e-01
8.335407860968760962e-01
7.843449605162873262e-01
7.295780168323463544e-01
6.982872379864810686e-01
6.865655079374594072e-01
6.734076188801532137e-01
6.605976224396000740e-01
6.494218912607711003e-01
6.406158754893662710e-01
6.344373976498347556e-01
6.303791805217414668e-01
6.281277042528978782e-01
6.274707166523634250e-01
6.282607020345974957e-01
6.304046451233822346e-01
6.311936433936107260e-01
6.320213795425065895e-01
6.340599074905849397e-01
6.373936001635356341e-01
6.421527749157390774e-01
6.485560033714617978e-01
6.569982138537906469e-01
6.680253836979198612e-01
6.827562592533557018e-01
8.156227645814853044e-01
9.220417484821119558e-01
9.308456497513133421e-01
8.261702754154487405e-01
7.791087776871525872e-01
7.277908677995361675e-01
7.026462059498337354e-01
6.926227537148067492e-01
6.810844500020969416e-01
6.700572418703241162e-01
6.607675966516691757e-01
6.532469362995211304e-01
6.474066659755728370e-01
6.432275257056127016e-01
6.407078374177119784e-01
6.398865647352472985e-01
6.407964297328274661e-01
6.423867405880049342e-01
6.422873603058599778e-01
6.439908648085987952e-01
6.476796502323854954e-01
6.536029356138812751e-01
6.621477698225909370e-01
6.739485823102834283e-01
6.904734367023742658e-01
7.372534627567483012e-01
8.458975270775039856e-01
9.091515553300226760e-01
7.893075260168903595e-01
6.933259253356884866e-01
6.432487576881238400e-01
6.436011516057836834e-01
6.247020117794600536e-01
6.052611450788978331e-01
5.911118683008953489e-01
5.810467430456176530e-01
5.741155233298530502e-01
5.697036145266289875e-01
5.673689537375612435e-01
5.667569718243647969e-01
5.675831356491597424e-01
5.696055078934594285e-01
5.726450650474335102e-01
5.747044047035166914e-01
5.744930972443823558e-01
5.749962961869968803e-01
5.762678831935509338e-01
5.784403224910890096e-01
5.817067454498303647e-01
5.863437972104731388e-01
5.927190977825067542e-01
6.012634983456422999e-01
6.123725828436801244e-01
8.809725422641140336e-01
8.783843758642146948e-01
7.466199758216538473e-01
6.571039090696868534e-01
6.559809360410491230e-01
6.502422310635944669e-01
6.408379675326824065e-01
6.242280957206772785e-01
6.077657257117111689e-01
5.942145643056943038e-01
5.832226847964345762e-01
5.745923572968220094e-01
5.681998795427117832e-01
5.639891531986449547e-01
5.619192714586900284e-01
5.612695499406776811e-01
5.615686401039576836e-01
5.641034844200495391e-01
5.675773791880598385e-01
5.695632415029479034e-01
5.738263676492856291e-01
5.803809346717858642e-01
5.893535146624381271e-01
6.008968911195331497e-01
6.154941231280932623e-01
7.454397771316731980e-01
8.529981312325185527e-01
7.207482760072055905e-01
5.642951839661569657e-01
6.049213800004528130e-01
5.781827295558544799e-01
5.522726264341037972e-01
5.455110748273799270e-01
5.389960160000653033e-01
5.236346009182535344e-01
5.252060531613124139e-01
5.142836603978827581e-01
5.116756398098971648e-01
5.188428495388056616e-01
5.192404346845734819e-01
5.203924019405089529e-01
5.171289175761984991e-01
5.212810485285813700e-01
5.262441346439543643e-01
5.267999686574563745e-01
5.263153309261677792e-01
5.264392554350811881e-01
5.287253615782622207e-01
5.306006567739980362e-01
5.288670758483340339e-01
5.277669586740089125e-01
5.269067869357683120e-01
5.273541898709876996e-01
5.294451123283607785e-01
5.339587540795537324e-01
8.230330915648988999e-01
7.671869838192266755e-01
6.006296471409681148e-01
6.058745678070286411e-01
6.221841025926958535e-01
6.149509150196598162e-01
6.085573832663854210e-01
6.018023477749144812e-01
5.924985109544318451e-01
5.789514821935781708e-01
5.665237140151569983e-01
5.550302791494975407e-01
5.444487112258308281e-01
5.347827515520727770e-01
5.259099861929337205e-01
5.104857954476925697e-01
4.986149214225377713e-01
4.899601933796730591e-01
4.858786133491301840e-01
4.813010861167481558e-01
4.786648453520749857e-01
4.771379724302041714e-01
4.779692306040422833e-01
4.797907970038391423e-01
4.826805438079534438e-01
4.876910024673892785e-01
4.951261861979285306e-01
5.019024329849670618e-01
5.123462050523551747e-01
5.249623679086544703e-01
5.406302973244286880e-01
7.069469870079804208e-01
7.845593124100422866e-01
6.044018544914701030e-01
4.960892154135514986e-01
5.679320198917979789e-01
5.501466760263244993e-01
5.349985184288400530e-01
5.221642111691088273e-01
5.115228194743354218e-01
5.100951433036280402e-01
4.994744660617896903e-01
4.969449838850378831e-01
4.936761352322820984e-01
4.911446861176127499e-01
4.895213426328913764e-01
4.790536322346617415e-01
4.849819271632919704e-01
4.870763290893228015e-01
4.890451006253279109e-01
4.927233608861327219e-01
4.877955744745421374e-01
4.752471016742230159e-01
4.650449340440926393e-01
4.605054500122337524e-01
4.561282871016142937e-01
4.540649546063006414e-01
4.534412940546608817e-01
4.523954570138290499e-01
4.535468809198759388e-01
4.573013405979609036e-01
4.631452773739966888e-01
4.716860739511698486e-01
4.827876826574534763e-01
4.968791014497215830e-01
4.969841151338318941e-01
4.913694154235432876e-01
4.877939711667989009e-01
7.656967460975283579e-01
6.572000796281078916e-01
5.040841209445897642e-01
5.932973509763304065e-01
5.872593038454794190e-01
5.846057399603188376e-01
5.807195106381225491e-01
5.700378898267745020e-01
5.618319776024827128e-01
5.638309136607378980e-01
5.467540363703645712e-01
5.288749898488194212e-01
5.148631917279739012e-01
5.072084951402215935e-01
5.006573893625376748e-01
4.932999447885533240e-01
4.865131998806145885e-01
4.745522490560094009e-01
4.680149154908834208e-01
4.581285911884246387e-01
4.527614252109502524e-01
4.449849617526749901e-01
4.372657134384228539e-01
4.317358143228343104e-01
4.264200384927151477e-01
4.225972811552253794e-01
4.181472321591714336e-01
4.166051803005882959e-01
4.142234296748714129e-01
4.150179045974294878e-01
4.181921076487515876e-01
4.213571026724564073e-01
4.192641203469661404e-01
4.226600916619398518e-01
4.219447628553255059e-01
4.286872768908919218e-01
4.329449883266339727e-01
4.450438077693070205e-01
4.566320537083164988e-01
4.752221683080316006e-01
6.886137807185518378e-01
7.406614390862571451e-01
6.781133074072995814e-01
4.202158893198691958e-01
5.404440354800269519e-01
5.215430918178353137e-01
5.059274071806345585e-01
4.913868101338071392e-01
4.868027468026445703e-01
4.821172044482851526e-01
4.774280938864259305e-01
4.736438699171358624e-01
4.698743204443082133e-01
4.670115896181997739e-01
4.642827858070973090e-01
4.623705444756419647e-01
4.606640203897507946e-01
4.595894065818638130e-01
4.589660560060694894e-01
4.586963949865445755e-01
4.590361639190007614e-01
4.518912066282930740e-01
4.537632367917304732e-01
4.583486218802793610e-01
4.599075836318092803e-01
4.486933132204508623e-01
4.381894795855183489e-01
4.285963453557434799e-01
4.215551493725804844e-01
4.148919173358847079e-01
4.082604061718378419e-01
4.032007012069566132e-01
4.005997563045003429e-01
4.009821771024034143e-01
4.025981285725607206e-01
4.068563364380042291e-01
4.113858451708022890e-01
4.181073102277684805e-01
4.260613856414721679e-01
4.370890205976716292e-01
4.508598494418040725e-01
4.682612630363384709e-01
4.737066575803760005e-01
6.563790385730084997e-01
7.373990637638302426e-01
7.364798382858904757e-01
5.775672173798563902e-01
6.254578986680860986e-01
6.483770436910997192e-01
6.191873378442321885e-01
6.162689710561259915e-01
5.982069983155975379e-01
5.823742459779202019e-01
5.811461198673177897e-01
5.746270781529706495e-01
5.636863584860473120e-01
5.520555813532804779e-01
5.408833581084614428e-01
5.300710044249877795e-01
5.189499572695340790e-01
4.996656300734138578e-01
4.887775723272583250e-01
4.810745235066667402e-01
4.712212321478015387e-01
4.535501315596563998e-01
4.477819223424019945e-01
4.393104612602928283e-01
4.331583776817680698e-01
4.264958490543943603e-01
4.229994918500732948e-01
4.177591698844489998e-01
4.085910604033599625e-01
4.013202994484325603e-01
3.936372864082626211e-01
3.911276356069179894e-01
3.856647781501470473e-01
3.832927652631455961e-01
3.788052167027324280e-01
3.814046396063936473e-01
3.790368728542179433e-01
3.808616661133159553e-01
3.778037829697237227e-01
3.785541808692437504e-01
3.813743950499702273e-01
3.828133541755098235e-01
3.825339307639797348e-01
3.866980132616223420e-01
3.880097958285178006e-01
3.939326893655307193e-01
3.989623830189656939e-01
4.128228910727452794e-01
4.283936322889231874e-01
5.986618136822992042e-01
7.304607695543424706e-01
6.284044900674125023e-01
5.867288227685043545e-01
6.118547055810490409e-01
5.880539567300181458e-01
5.616789576814130713e-01
5.478155268449750315e-01
5.376899764936078352e-01
5.175330889123388456e-01
5.103539990461328779e-01
5.043648734428540781e-01
4.856095928096798020e-01
4.874687646522556372e-01
4.712262390385945632e-01
4.772782107376978833e-01
4.755272324538115658e-01
4.662522290859867358e-01
4.714995309741801810e-01
4.637384713084208299e-01
4.709968633380549052e-01
4.715629118693214217e-01
4.725953151692850462e-01
4.709760273339154146e-01
4.590104580552179514e-01
4.464053455879504750e-01
4.362247974017173791e-01
4.254604146655485142e-01
4.169841680953254026e-01
4.085302842310587490e-01
4.033604987350232762e-01
3.994152098200227652e-01
3.937579145069391440e-01
3.880976875247733604e-01
3.836680830518452989e-01
3.797915745122648068e-01
3.762362508928674409e-01
3.755557560239402570e-01
3.777039540459408151e-01
3.821150971551887099e-01
3.878790801693454138e-01
3.929170228952523214e-01
3.990485546406374873e-01
4.061058878590192989e-01
4.155087110295433983e-01
4.276749801711173249e-01
4.440777142850546588e-01
4.632603574023988480e-01
4.795936117452481162e-01
7.301008047619501617e-01
7.281863318458886569e-01
7.325165719989853441e-01
6.683736783782580071e-01
6.394847942623742565e-01
6.547832201741404790e-01
6.430429374919819363e-01
6.160362474428529023e-01
6.013764804486050330e-01
5.960084230644544512e-01
5.907391049235720670e-01
5.717678689378397072e-01
5.621628006721928195e-01
5.513043235957796329e-01
5.390035349788715457e-01
5.276572256473338607e-01
5.041339009995097209e-01
4.949275708364163640e-01
4.846457032291768274e-01
4.748552718146460405e-01
4.650932910915703822e-01
4.559019047950854109e-01
4.473097900110633018e-01
4.388161026916587160e-01
4.310482013837569903e-01
4.237573990279910885e-01
4.168258579970781086e-01
4.104969896017249265e-01
4.047750981277069560e-01
3.958188123741903652e-01
3.880553082745807347e-01
3.803968050910233045e-01
3.776357417971062946e-01
3.730020847214916002e-01
3.648171856319625261e-01
3.694876374343832315e-01
3.649140529434779512e-01
3.662359930009296827e-01
3.645225972445035878e-01
3.623294631509991204e-01
3.708057288461819589e-01
3.690896601499591978e-01
3.745582132352989757e-01
3.770779787516203574e-01
3.806138524942110912e-01
3.825608200228380884e-01
3.873724458159577000e-01
3.961016422655757596e-01
4.109926394593851340e-01
5.732079448316692583e-01
6.408991786252478118e-01
7.200487767821511786e-01
7.238571003750060573e-01
6.951781732187511942e-01
5.920857804891183074e-01
6.321941958387878868e-01
5.966809989101773404e-01
5.842825154842702373e-01
5.606630504126586256e-01
5.334795742375226801e-01
5.218549453464825794e-01
5.134278558165917827e-01
4.940256787954121487e-01
4.897818276109410229e-01
4.834973136185144460e-01
4.778054905315078926e-01
4.618204406406586915e-01
4.595497842419542511e-01
4.606605382388542225e-01
4.603478132329069661e-01
4.584006806706483750e-01
4.494735222506127115e-01
4.493941607229841040e-01
4.470307281599091298e-01
4.514397918908540919e-01
4.501682514481533115e-01
4.399837771731658909e-01
4.286848884836285123e-01
4.231528720157531342e-01
4.149831280249535737e-01
4.077280114259730914e-01
4.014077542746094518e-01
3.958358456271761638e-01
3.909395038674435829e-01
3.866463287897039525e-01
3.819025798515823800e-01
3.777681750513747216e-01
3.749050826665000224e-01
3.746490431160895418e-01
3.750449384001067199e-01
3.760300816895404408e-01
3.809077739590893685e-01
3.874928286591793891e-01
3.936996744147223115e-01
4.016310804558582137e-01
4.020086108198836494e-01
4.025095587981952772e-01
4.033820510607906140e-01
4.053203567418635078e-01
4.129260337922113222e-01
4.237555827814374343e-01
4.451848214730639297e-01
4.468478933658934782e-01
4.493845420636918830e-01
4.533243316709213433e-01
4.816115318311481874e-01
6.441427024324853923e-01
7.302452516878901179e-01
7.273008651567882676e-01
7.305843568665447707e-01
6.963895561650206290e-01
7.040076201788875165e-01
6.891172942902225040e-01
6.735558392644360737e-01
6.591551563158175586e-01
6.464332641165302373e-01
6.351291078551369873e-01
6.249879161838015618e-01
6.049744426821905829e-01
5.938429987120655840e-01
5.829316157013989530e-01
5.754354745592641374e-01
5.539296548608214632e-01
5.375408640237441249e-01
5.300343756992906830e-01
5.129205674786543323e-01
5.048675903039213653e-01
4.884449021122515555e-01
4.745044757347297582e-01
4.664491153251332234e-01
4.535435927206314388e-01
4.405483552867480723e-01
4.303590793131369940e-01
4.217790036181399693e-01
4.162325467913778332e-01
4.091689662256614013e-01
4.019966252481023128e-01
3.956660947902427283e-01
3.899368537619610775e-01
3.846106564996512600e-01
3.803620898414933338e-01
3.764342339192655595e-01
3.737659559767331774e-01
3.647369687124842330e-01
3.690818333413794505e-01
3.612714881747753903e-01
3.642067779446585551e-01
3.600355705365110293e-01
3.605762526323517680e-01
3.578977611084596111e-01
3.615390693431332347e-01
3.603591114880014823e-01
3.650622603196461147e-01
3.690312472088849161e-01
3.753093661889795318e-01
3.771960376364806300e-01
3.811440558731920003e-01
3.836992162512521398e-01
3.927462553038532089e-01
4.044291643141295078e-01
4.244347197127939508e-01
6.987799390863528304e-01
7.227927967213805260e-01
7.271572447163424657e-01
6.210659182115597643e-01
6.127492377114227562e-01
6.179301797963845377e-01
6.031723953532647231e-01
5.887738734433507481e-01
5.748182105693638855e-01
5.615328951110869493e-01
5.495071695795218369e-01
5.388466537433153070e-01
5.290022686110300576e-01
5.200655324220682107e-01
5.119009956332297717e-01
4.928697532732843611e-01
4.917313182042874486e-01
4.853935828553621046e-01
4.810955675237013618e-01
4.766967388719153265e-01
4.731090995804323462e-01
4.701825236882437586e-01
4.572352545521422562e-01
4.639658910609651410e-01
4.640227117003491442e-01
4.639638046320622711e-01
4.648935550176338527e-01
4.640429546835445063e-01
4.480974645642855081e-01
4.335943640793644693e-01
4.187014223460374107e-01
4.106686461274017819e-01
4.018449256957026816e-01
3.954163808244954836e-01
3.889195302201471360e-01
3.841042839694809308e-01
3.783334350537963520e-01
3.741264930253752619e-01
3.721508814148568045e-01
3.713542176969742425e-01
3.710287590028379934e-01
3.732237577229889358e-01
3.742254173744342660e-01
3.804936761975462045e-01
3.873656600535153594e-01
3.952753436460413883e-01
3.974427690167184335e-01
4.040768980288076406e-01
4.118115363680089347e-01
4.223250461098767561e-01
4.359833431366301748e-01
4.533858281751405039e-01
4.811453867510386284e-01
7.127773567248590902e-01
7.255119915540215736e-01
7.292065471693680578e-01
7.134371147192800633e-01
7.048913999981638590e-01
6.880551778596986079e-01
6.716517375492018216e-01
6.297100726428891404e-01
6.106771032102408236e-01
6.081182370376677637e-01
5.897312278307873523e-01
5.760721022388418655e-01
5.716974753481864902e-01
5.656411731216713923e-01
5.387052297118472000e-01
5.293972210639128484e-01
5.192027432327842584e-01
5.078021657986148130e-01
4.973519047253101566e-01
4.871894944378604708e-01
4.771958592160050472e-01
4.563374996821664142e-01
4.508306859881173190e-01
4.406427734698168397e-01
4.265170476375827469e-01
4.185520473195614710e-01
4.114964907142120154e-01
4.068027121923341038e-01
4.003719327281700102e-01
3.962811576790415402e-01
3.883015011382416892e-01
3.839043710280210520e-01
3.798765373717192251e-01
3.771109752679928651e-01
3.724282964055657397e-01
3.710341821004163321e-01
3.685300290331368633e-01
3.666642113581830564e-01
3.678251086645258905e-01
3.627629363005011043e-01
3.646597921106718432e-01
3.612254826650753703e-01
3.625057672840343859e-01
3.658229339767752331e-01
3.731683611999731531e-01
3.768088010594851656e-01
3.836194476579152801e-01
3.843133979795284039e-01
3.912612095822919911e-01
3.952188227104175833e-01
4.101063141010314328e-01
4.247179798820202579e-01
6.680482989376284042e-01
7.218142721064746414e-01
5.700969826074091529e-01
6.498884757203234885e-01
6.092852740405954037e-01
6.061875097222483300e-01
5.771466071702388012e-01
5.626257405837081782e-01
5.494033434406376815e-01
5.274570485237670692e-01
5.170245786632055029e-01
5.090677177844410428e-01
5.010881749694876541e-01
4.940379993701474737e-01
4.769830669740605655e-01
4.758879814327935387e-01
4.713482630045376376e-01
4.674316377176329085e-01
4.640598401200193290e-01
4.612486302906603775e-01
4.591210963990581262e-01
4.574146317514283244e-01
4.466436240155462478e-01
4.554722277058740887e-01
4.475369110811725504e-01
4.509375735214824488e-01
4.500090275812269058e-01
4.419985028794947701e-01
4.345433029705065286e-01
4.276039796663834713e-01
4.158970139520731801e-01
4.071143758569586435e-01
3.949549985149211628e-01
3.865360712197926096e-01
3.819357834610724867e-01
3.785249045091050868e-01
3.750428606174488477e-01
3.719204594387163221e-01
3.720306202571105891e-01
3.717334378807099493e-01
3.766045940848270490e-01
3.827821716911183336e-01
3.898044510471886381e-01
3.965703674235280252e-01
4.037850162829774159e-01
4.117272339541541148e-01
4.219088287407578020e-01
4.351479559364858640e-01
4.518000169974646374e-01
4.711977388854067250e-01
7.302317241537111814e-01
7.284704793037156678e-01
5.757993492861968043e-01
6.650697718639820843e-01
6.675620178890899759e-01
6.260168539233531559e-01
6.276201824060638756e-01
6.160442172875373323e-01
6.146850475931283642e-01
6.042381253206006164e-01
6.016464832199007740e-01
5.937721352874049119e-01
5.906523229156859234e-01
5.881792036072175378e-01
5.799276340022687659e-01
5.586773241526161726e-01
5.490142563797800745e-01
5.383754380559934161e-01
5.264632533389499436e-01
5.155200905091735786e-01
4.938394318922062487e-01
4.831297019552743266e-01
4.747351210648582676e-01
4.644294665437875280e-01
4.555160507170707973e-01
4.468190114656855894e-01
4.420877939748680818e-01
4.346669658600433861e-01
4.299527882236566234e-01
4.235971221325178782e-01
4.165354882492330324e-01
4.103965022137264218e-01
4.045974026702625626e-01
3.956646323455375591e-01
3.879096759462811739e-01
3.610776800057051705e-01
3.719013968324627051e-01
3.580005645046811513e-01
3.675551953249604487e-01
3.586163458572752538e-01
3.640408487974588492e-01
3.609619165066217938e-01
3.628015372195075305e-01
3.633108048373460131e-01
3.631723152162745771e-01
3.622352524723640443e-01
3.654489265167892853e-01
3.632067746848778311e-01
3.693066028702282622e-01
3.658001718207993247e-01
3.715935083502797665e-01
3.705284862408766422e-01
3.768015271105378816e-01
3.721480945145333452e-01
3.785499584018077734e-01
3.796041480047610550e-01
3.872211976389521859e-01
3.913499875690088503e-01
4.052554394108575653e-01
4.199725349123927809e-01
6.384052298547581161e-01
7.191511701125045120e-01
7.240585600842562863e-01
6.990817017211810036e-01
5.928019485649776987e-01
6.322686612855002997e-01
6.174842623866356739e-01
6.014012552353403818e-01
5.731434251483012998e-01
5.464395143468019356e-01
5.325176669127151818e-01
5.120426336240102572e-01
5.039202070045826209e-01
4.859513700730612173e-01
4.820367484227985888e-01
4.768982024889614202e-01
4.714679880203751505e-01
4.670745310689857765e-01
4.631785017100917834e-01
4.488754691159502208e-01
4.548855485240238528e-01
4.527587872894093812e-01
4.524671429759709596e-01
4.519959254052599573e-01
4.436842192782830541e-01
4.538967748962892124e-01
4.517822094667799382e-01
4.437252404540142914e-01
4.303689243415430576e-01
4.201319017692875524e-01
4.112081250115640629e-01
4.038695308844512666e-01
3.966875058327536951e-01
3.912084717611588602e-01
3.860788326320606645e-01
3.807553612506427987e-01
3.761292359604638258e-01
3.729365913150764489e-01
3.731744173941727860e-01
3.767636826885609747e-01
3.829002302713994110e-01
3.891975595647489961e-01
3.959958782130418853e-01
4.027528577923578101e-01
4.107205033840660713e-01
4.204885213810336531e-01
4.337042220515745505e-01
4.501896188842126056e-01
4.696124983625871163e-01
7.290768774463086688e-01
7.268344365186362177e-01
6.025928320410351979e-01
6.225116774546738396e-01
5.699753316725597596e-01
5.991475705744474523e-01
5.814139383011119877e-01
5.779424270732218538e-01
5.722677472169912516e-01
5.664683622848404321e-01
5.618204888484914505e-01
5.502797306418828471e-01
5.393360378828223611e-01
5.282756623081122926e-01
5.177483277634126191e-01
5.072117785679498558e-01
4.970241361802105184e-01
4.869736194941344798e-01
4.681413089904651326e-01
4.583098012513366348e-01
4.501314737747223460e-01
4.349380804639607634e-01
4.288560062036471110e-01
4.224978260306808675e-01
4.106814794044221228e-01
4.028684466464068081e-01
3.981999030160367492e-01
3.928114587842820860e-01
3.886546154399637687e-01
3.844379219262362701e-01
3.807757247533578027e-01
3.748922154171550059e-01
3.697667066109414646e-01
3.690207438145278185e-01
3.670992005884659570e-01
3.649334114863732048e-01
3.637057459654011171e-01
3.670576868528074299e-01
3.662023560052410920e-01
3.638025349689754107e-01
3.650444905148695907e-01
3.650793136217611590e-01
3.713135033915019867e-01
3.748179101508050670e-01
3.796717056349427355e-01
3.825671224050692376e-01
3.867611756509922172e-01
3.935817391083513694e-01
4.044536561367568228e-01
4.404414187383015045e-01
4.547789815896975951e-01
6.157524044241964312e-01
6.963957225058100553e-01
7.225539795600155468e-01
5.235347537924706085e-01
6.443747754722470855e-01
6.381046396519599595e-01
5.987138069620835390e-01
5.859299234321764249e-01
5.721097359231657187e-01
5.583294685158707304e-01
5.462352826306853260e-01
5.350741058693370134e-01
5.251541853388062009e-01
5.048961039117557670e-01
4.875786660964823160e-01
4.867003300106275687e-01
4.800688774890950472e-01
4.759427957483188809e-01
4.712099686472536186e-01
4.677828555353177875e-01
4.648204188455482000e-01
4.622422600364368694e-01
4.510477395102732157e-01
4.575222270423740523e-01
4.595859551566134904e-01
4.498409455263088774e-01
4.476669699239142486e-01
4.333439476244453359e-01
4.263119421738234549e-01
4.180052361932219962e-01
4.122376934766358580e-01
4.079732815641416432e-01
4.014659364703193623e-01
3.947036365252722945e-01
3.888307852735370385e-01
3.840110606278775429e-01
3.788614817189169259e-01
3.748438542956435970e-01
3.719617632010994712e-01
3.732391168205341225e-01
3.728209910815429295e-01
3.728373715151209189e-01
3.731135138813734264e-01
3.738582541907904400e-01
3.796061655160480330e-01
3.858104952024621892e-01
3.938880596042434457e-01
3.945072163366809548e-01
3.955250261726694361e-01
3.976731699268487574e-01
4.044922275608129891e-01
4.131894676291675284e-01
4.293703746810813016e-01
4.319113010647047113e-01
4.358850287522832434e-01
4.532511026666035669e-01
4.735953288406642425e-01
7.136906683782073824e-01
7.250540128745778246e-01
6.591217729539452508e-01
6.161354494856015052e-01
6.592503945516214880e-01
6.230869403915573201e-01
6.226162094705984806e-01
6.137413534461472198e-01
6.046710576590381692e-01
5.968621748853288889e-01
5.897247754618536453e-01
5.740468055714387230e-01
5.689392531625070415e-01
5.499452233962349723e-01
5.416029683166039277e-01
5.300877770713023907e-01
5.191665540569985193e-01
5.078786123659675411e-01
4.973919249291409161e-01
4.870132588106805271e-01
4.770448552192589342e-01
4.672908306767186715e-01
4.581872944141486270e-01
4.491896404001014531e-01
4.408383669329710708e-01
4.328112351826726711e-01
4.253256247890327968e-01
4.182784725286703420e-01
4.117836874545439119e-01
4.057063362837338705e-01
4.002118855249636731e-01
3.951726975692944066e-01
3.906541228193167181e-01
3.836252136354665332e-01
3.768439561920858827e-01
3.720809519872971816e-01
3.689836917622472678e-01
3.674818690980070079e-01
3.673839284618319878e-01
3.679238954040285892e-01
3.680762752495685408e-01
3.651129373314607185e-01
3.681554453944170802e-01
3.683197588966715119e-01
3.715964069620295573e-01
3.767667354698523430e-01
3.808102794228668264e-01
3.855446579692581310e-01
3.883151172124498784e-01
3.941592157979175726e-01
4.039503316194957283e-01
4.195926645058464799e-01
6.652336839824423143e-01
7.213731154566069836e-01
5.744587918542765070e-01
5.842775029514528651e-01
6.219971876375801623e-01
5.883793561813265294e-01
5.759479110116518807e-01
5.627329658072379726e-01
5.498855228306458454e-01
5.283602200407639948e-01
5.171063729045705104e-01
5.096963348826630824e-01
5.010878781414159766e-01
4.944999893692412773e-01
4.877693822923300782e-01
4.708393760637237246e-01
4.722266936078254873e-01
4.668917642405508439e-01
4.643697281670546295e-01
4.608674494421498569e-01
4.590750231366611533e-01
4.571030717468053117e-01
4.562327931179411822e-01
4.559598828883212329e-01
4.561814475704330518e-01
4.478850955834649539e-01
4.534717903172330589e-01
4.459293385444442204e-01
4.379951778518415551e-01
4.252505730862946032e-01
4.175842595941510194e-01
4.117312595374919004e-01
4.026414771795313041e-01
3.935358686403437889e-01
3.838262271483570687e-01
3.767833497985101365e-01
3.734369560402807098e-01
3.729464725789358170e-01
3.716458583063687593e-01
3.721696815021679483e-01
3.760495003428852012e-01
3.826716638935739878e-01
3.902507614657065860e-01
3.927871269963016387e-01
3.993156635146026812e-01
4.064695246810568485e-01
4.152541333960013681e-01
4.269416041012065177e-01
4.421245111988658105e-01
4.604556050953877988e-01
4.693650349084801943e-01
7.297754655009356384e-01
7.278960328902821519e-01
7.319729249373594371e-01
7.347712706429954110e-01
7.209593122481918748e-01
6.963838545384811729e-01
6.420758127276031679e-01
6.451039852864057789e-01
6.349598598474780475e-01
6.246566222486470421e-01
6.154540296959858381e-01
6.074846941238110087e-01
6.001173067161008623e-01
5.833979767729334798e-01
5.759699293358863104e-01
5.645893966002337727e-01
5.519037868845857453e-01
5.255390350870251526e-01
5.178903490045035918e-01
5.063640704116371127e-01
4.961974411512493077e-01
4.856180143258987947e-01
4.758674897130737991e-01
4.661929196927666608e-01
4.571367972355117049e-01
4.484065445437429021e-01
4.400759344447981447e-01
4.323953950271816060e-01
4.249438055909007805e-01
4.182258727355676609e-01
4.118224893260596930e-01
4.022340926114059689e-01
3.958371453127907946e-01
3.915888478142651730e-01
3.873577367828201501e-01
3.835850929294076783e-01
3.779227731784268185e-01
3.761939838133149250e-01
3.730365730675757052e-01
3.724873713464580960e-01
3.703840861395800710e-01
3.641693118213645275e-01
3.641032639590800479e-01
3.647740043654538744e-01
3.612329785708265351e-01
3.644175187922904513e-01
3.648573774408201409e-01
3.654308730944982875e-01
3.712093582115529866e-01
3.750280988410406580e-01
3.876678209537011699e-01
3.872431561918992515e-01
3.831021553998576468e-01
3.852076246707913376e-01
3.922062719804719211e-01
4.206686070321840054e-01
4.147255779290729416e-01
5.700291689186994804e-01
7.216314622718920102e-01
7.242523088341138449e-01
7.290137892236112638e-01
6.052146553986059718e-01
6.508943796825421568e-01
6.102186595050151929e-01
5.839054245423943579e-01
5.562035011893363690e-01
5.301505720670001143e-01
5.225873727913618039e-01
5.135747967707126049e-01
5.063847430189730714e-01
4.889028377654054958e-01
4.744459949509938212e-01
4.781684078792741155e-01
4.723417972479939664e-01
4.706474544334389165e-01
4.673211584063029500e-01
4.655183441943470668e-01
4.549800297801702698e-01
4.507437352730473412e-01
4.579049807779551062e-01
4.491946027716118839e-01
4.427918075374585594e-01
4.344526679276716763e-01
4.277327885055232093e-01
4.208330317390481246e-01
4.168870809743391859e-01
4.117508523967981504e-01
4.077443638732919928e-01
4.034134259700135061e-01
3.980970589717107710e-01
3.910655167243987651e-01
3.837059661304787483e-01
3.774859548257833430e-01
3.725338599312409404e-01
3.705660289856526624e-01
3.696850375144243306e-01
3.714552637277694358e-01
3.771619405695710858e-01
3.831748133441712501e-01
3.902808496999329302e-01
3.965576138895056668e-01
4.038778804289351876e-01
4.119586573382974515e-01
4.234701967179796966e-01
4.377061186041878993e-01
4.557688194210339772e-01
4.758245213177434429e-01
7.289367975804745825e-01
7.266031306873780293e-01
7.305328367033059322e-01
7.333349756042730760e-01
7.355002460207740178e-01
7.054548521904785430e-01
6.422222747899872797e-01
6.250985092247955954e-01
6.170234881017278017e-01
6.050116646172163382e-01
5.942003465169752863e-01
5.839012461101124041e-01
5.814815499703511747e-01
5.776770276662026582e-01
5.701881316910438757e-01
5.609633299997210942e-01
5.415503596094621841e-01
5.340401456332738439e-01
5.163681300378999417e-01
5.092499744316340005e-01
4.922113321179394374e-01
4.859693031087742865e-01
4.779315860876872657e-01
4.640257142515408773e-01
4.547320322304134743e-01
4.462594282023746861e-01
4.380067294707734038e-01
4.302639939097642752e-01
4.230985553100047869e-01
4.162693328038412632e-01
4.101770703630389092e-01
4.043006580792986027e-01
3.992249060119501536e-01
3.943837986124884565e-01
3.902141311006517288e-01
3.833223035564788939e-01
3.772471045209205842e-01
3.727274384174984467e-01
3.721645695023832467e-01
3.692777536547416362e-01
3.676424986199003375e-01
3.661792208835240592e-01
3.659382083884008541e-01
3.643238834283691885e-01
3.638300792009153128e-01
3.633227442454444733e-01
3.677327219966888827e-01
3.731401714461915486e-01
3.783591569171756430e-01
3.814147944285808944e-01
3.851032995600717213e-01
3.894253392990459917e-01
3.976745929965297410e-01
4.100091118475356899e-01
4.499554360068299674e-01
6.109328046563592407e-01
7.295283616507709512e-01
7.277293707100058739e-01
6.666499885669286973e-01
6.097962559279078709e-01
6.090975030342541396e-01
5.996256158152440952e-01
5.723941168549017133e-01
5.566620764409376809e-01
5.338248022379913360e-01
5.255898608380460413e-01
5.175476547331936406e-01
5.100363008428178135e-01
5.033375694147081969e-01
4.973175819107254481e-01
4.919362712377286506e-01
4.872346351105731332e-01
4.830775240788287017e-01
4.691569849715364060e-01
4.733898783364267615e-01
4.728451054702571543e-01
4.712708725282577227e-01
4.615698673204417513e-01
4.622250224933986407e-01
4.564079227882227308e-01
4.485244994845120625e-01
4.342687600429129824e-01
4.261440971040271752e-01
4.196341069017038294e-01
4.135269882369169703e-01
4.039700278692910373e-01
3.948225947012772852e-01
3.889908510582067436e-01
3.838119730494679027e-01
3.784687032682185759e-01
3.748068984984092578e-01
3.724136147463830149e-01
3.696351587939531447e-01
3.712007371406257361e-01
3.760914817714520186e-01
3.824633109256490582e-01
3.892447161307429626e-01
3.957544373179756048e-01
4.026935182450714912e-01
4.107669612377327639e-01
4.215316935007792365e-01
4.354724889544747124e-01
4.526075374476897228e-01
4.724899386794278455e-01
7.310932517132062713e-01
7.026108792658186664e-01
7.193273189616159469e-01
7.051514864046649622e-01
6.835505171519264955e-01
6.695949795708561192e-01
6.546459704522052947e-01
6.421522551873320994e-01
6.310687484875617814e-01
6.208751430613158595e-01
6.012873230565741745e-01
5.952051261931674553e-01
5.900021755620061814e-01
5.660814891957155481e-01
5.571242225387632585e-01
5.460179557089360758e-01
5.340709867952808665e-01
5.228189672266099208e-01
5.120116185978252910e-01
5.012111773395986347e-01
4.907474955453056675e-01
4.807641241102136864e-01
4.710031934648070684e-01
4.616062469066515850e-01
4.527517306856942980e-01
4.441656136156748591e-01
4.360577457011199920e-01
4.220439381609134011e-01
4.151254897421900458e-01
4.084073617463757078e-01
4.031197626395940370e-01
3.976516928992020472e-01
3.931806036651023240e-01
3.889773702217248497e-01
3.848880251138806496e-01
3.815744597028837282e-01
3.756104554222263747e-01
3.745073352196516270e-01
3.679597075379821280e-01
3.691562570438129964e-01
3.613185988657375280e-01
3.647868727759353558e-01
3.617268139883210165e-01
3.582741476995541796e-01
3.608567205526027610e-01
3.623077177052796416e-01
3.684041199894009244e-01
3.726438246137069865e-01
3.789282269219842458e-01
3.811819147682475872e-01
3.864763296845034612e-01
3.928954666471861090e-01
4.056439711239351875e-01
4.222465998320725222e-01
7.283513886368289114e-01
7.258322896615503339e-01
7.126121140405554666e-01
5.976938015268112858e-01
6.126517490068855709e-01
5.904443649274004891e-01
5.747924637218662092e-01
5.625959522071625196e-01
5.504212490847947281e-01
5.400088435624241789e-01
5.301389117652501870e-01
5.101553078904310645e-01
4.999029034397032278e-01
4.899769112201549648e-01
4.903048206680275523e-01
4.786136664348384362e-01
4.807200227805322745e-01
4.705594766918819727e-01
4.736815036463170037e-01
4.732851030129007208e-01
4.642034766404677382e-01
4.618267467928295344e-01
4.640059035869599779e-01
4.620037506889469459e-01
4.504555365223277819e-01
4.400787976117399025e-01
4.313670901076215314e-01
4.227244744852783898e-01
4.150930824571665845e-01
4.078071505708569799e-01
3.973658892822886091e-01
3.854369335986746470e-01
3.772618649807499835e-01
3.740932479304871494e-01
3.720026674101121200e-01
3.702545238732245503e-01
3.694925610108355518e-01
3.711263098001624794e-01
3.764105291446759316e-01
3.833969293935712841e-01
3.868724011887191838e-01
3.936447294466148827e-01
4.006100564512706241e-01
4.085108874413813651e-01
4.186969357831505922e-01
4.319746982978434069e-01
4.485894503694838331e-01
4.681945981282953362e-01
7.297085567197041378e-01
7.277695685631168088e-01
5.829711016291143633e-01
6.727430136428911300e-01
6.698511759688761114e-01
6.312853113232249624e-01
6.111167385561564469e-01
5.963155881619465193e-01
5.921129280306652864e-01
5.856370200123275360e-01
5.791767284539093286e-01
5.734670882149868198e-01
5.635710426276433482e-01
5.515850369297637945e-01
5.399385847867548271e-01
5.285062782121264791e-01
5.176556247556178825e-01
4.949885529335580348e-01
4.887679956114318047e-01
4.811368017634923278e-01
4.671701569683726074e-01
4.528545943948206198e-01
4.406107156542176106e-01
4.295508363617496772e-01
4.186385588289597837e-01
4.132065077400516873e-01
4.083761672513850916e-01
4.009163957946942358e-01
3.941177072974317852e-01
3.874173513257170298e-01
3.820547918002167864e-01
3.776770562000472120e-01
3.747084837601813989e-01
3.721092514562248099e-01
3.704673590075560630e-01
3.670673956784297198e-01
3.669253398814437683e-01
3.656634220293314419e-01
3.615365030745624764e-01
3.589150915638296691e-01
3.635051696342616045e-01
3.620873300532398975e-01
3.715531123628688093e-01
3.723750181909545320e-01
3.803672553238629517e-01
3.803659791852572192e-01
3.884367389485418043e-01
3.923558468697670443e-01
4.065014826262043912e-01
4.402370083915432275e-01
6.295606945032290458e-01
7.302878653967506128e-01
7.290992040344300706e-01
3.971957377812369017e-01
5.571993816991729354e-01
5.410234151550652459e-01
5.286101810461566464e-01
5.203437448933709852e-01
5.127517969721478996e-01
4.969522521857174246e-01
4.928580761580219627e-01
4.860243831212222587e-01
4.815469540491278955e-01
4.764157840827256130e-01
4.725473828172138124e-01
4.686947448473370859e-01
4.655174320367290730e-01
4.630525676748123431e-01
4.605701368132574247e-01
4.592954275463078662e-01
4.486102165979511391e-01
4.479444028610432005e-01
4.461808821387071577e-01
4.538131992364102807e-01
4.422848945152071942e-01
4.394501521807025468e-01
4.353998675052481171e-01
4.287715210090316531e-01
4.246230254074092603e-01
4.208241975078473307e-01
4.158843326117893646e-01
4.086722491328128593e-01
4.042698793800285628e-01
3.953560644001005708e-01
3.902697312054328460e-01
3.861347892600918708e-01
3.818172660002160379e-01
3.755710618880362950e-01
3.720854263426141562e-01
3.709912713294214459e-01
3.698133403962124977e-01
3.696026760306359016e-01
3.730427912532454093e-01
3.793813050870971648e-01
3.856325632191248687e-01
3.925634894298661304e-01
3.992461605584981532e-01
4.074514412821134135e-01
