9.999999999999840128e-01
9.482082601398826860e-01
9.483104593985050013e-01
9.484594927680056742e-01
9.486008179683419472e-01
9.487699105934142008e-01
9.489772036438900438e-01
9.491548483966386618e-01
9.492813550953467239e-01
9.493647513831304785e-01
9.493862575716439656e-01
9.493835801444706624e-01
9.494129260098984613e-01
9.494382376895378339e-01
9.494546060839931245e-01
9.495461590627477522e-01
9.497039362418833175e-01
9.498303879411142958e-01
9.499306311796305025e-01
9.500403615197009488e-01
9.501045636151849161e-01
9.501077582773316266e-01
9.500994045256017095e-01
9.500702187268189602e-01
9.500256006891857341e-01
9.500418310651296272e-01
9.501001534933014581e-01
9.501362392362713294e-01
9.502034885547774312e-01
9.503175936702367155e-01
9.503819189970640346e-01
9.503892644981170035e-01
9.503922249800788036e-01
9.503611715108888358e-01
9.502912670490780700e-01
9.502422559357711629e-01
9.502044078197747767e-01
9.501653015151264592e-01
9.501798115553200530e-01
9.502326906649839477e-01
9.502552151879690712e-01
9.502627708306952137e-01
9.502836177286453356e-01
9.502604255674921285e-01
9.501830764404053387e-01
9.501028240591981033e-01
9.500025032541974390e-01
9.498905785809396152e-01
9.498114658560518064e-01
9.497578555443708659e-01
9.496987372461334065e-01
9.496592680928191976e-01
9.496257584515747086e-01
9.495486568846609465e-01
9.494308533615274381e-01
9.493061567650371568e-01
9.491542370727520384e-01
9.490307744608560414e-01
9.489386938541196637e-01
9.488475190942682325e-01
9.487642864651893992e-01
9.487003828966484864e-01
9.486479476165942115e-01
9.485866439862713495e-01
9.485197360418733403e-01
9.485088244194489482e-01
9.484956687897991845e-01
9.484678872747024370e-01
9.484348657431888041e-01
9.484032057786738745e-01
9.483737561162071117e-01
9.483526671803903518e-01
9.483401685938608328e-01
9.483399065192568145e-01
9.483505727101279037e-01
9.483617691822782136e-01
9.483654079982605234e-01
9.483612834674381986e-01
9.483101750905053029e-01
9.482048444608291993e-01
9.480927701614678682e-01
9.479834208698217912e-01
9.478791787800749935e-01
9.477723162686360059e-01
9.476759536255098260e-01
9.475930715009208694e-01
9.475130195040352143e-01
9.474295472858235145e-01
9.473371873612274063e-01
9.472304198339372983e-01
9.470927529586919968e-01
9.469512330314399096e-01
9.468122153766965754e-01
9.466780015835731810e-01
9.465523859114018945e-01
9.464447135387628052e-01
9.463517797763812966e-01
9.462626633368323992e-01
9.461710940523970770e-01
9.460735684472403317e-01
9.459671494437218442e-01
9.458512613346756748e-01
9.457295151368287911e-01
9.456042972956544279e-01
9.454832161074973040e-01
9.453729658500544808e-01
9.452744755971060897e-01
9.451833515063310376e-01
9.451236610943447580e-01
9.450849803255692017e-01
9.450416763643552098e-01
9.449917272250835110e-01
9.449363331680034062e-01
9.448777957918262915e-01
9.448527002136185571e-01
9.448328624740169879e-01
9.448284147299850222e-01
9.448319229482247117e-01
9.448418671214759978e-01
9.448641436742691857e-01
9.449018191277395173e-01
9.449413304457963125e-01
9.449869402599608836e-01
9.450349104397288702e-01
9.450760159347919576e-01
9.451172555918306850e-01
9.451544700984567671e-01
9.451886497306920543e-01
9.452207677504899097e-01
9.452496375482816182e-01
9.452755023166866666e-01
9.452961553972678566e-01
9.452941711668727542e-01
9.452656447546372576e-01
9.452273512912737763e-01
9.451824666374264439e-01
9.451306317884782260e-01
9.450724366375125030e-01
9.450123019985650075e-01
9.449519180810350694e-01
9.448936111516587077e-01
9.448370383227316927e-01
9.447804742487789786e-01
9.446944670187816806e-01
9.446564450477684671e-01
9.446912492550159079e-01
9.447302181375843988e-01
9.447356418698054092e-01
9.447232368415227066e-01
9.447041594084341076e-01
9.446823875591739972e-01
9.446731664038724441e-01
9.447264729963793517e-01
9.448798891042794468e-01
9.450443807053435785e-01
9.452181240543404694e-01
9.453998119494607666e-01
9.455946558271760560e-01
9.458956026580768173e-01
9.464265429783194072e-01
9.468718480682833949e-01
9.473201120690075694e-01
9.478221544616658445e-01
9.482507884776768536e-01
9.487218205214695832e-01
9.491676161628300745e-01
9.498952716589830203e-01
9.505253223534277929e-01
9.515773951715291723e-01
9.529067699685729309e-01
9.540322454026577415e-01
9.554904525072031030e-01
9.569373034348874763e-01
9.584492861253546270e-01
9.598932846720648060e-01
9.613491668395078849e-01
9.626711992734148238e-01
9.643531331310453147e-01
9.660163051966134118e-01
9.666050348378237844e-01
9.668427354310911159e-01
9.673280868874472027e-01
9.677982013117154558e-01
9.682185019065655540e-01
9.687329029407061309e-01
9.688812279634961833e-01
9.686385708953775264e-01
9.684081161204218802e-01
9.681061869137730369e-01
9.676912601994663854e-01
9.674129379554401442e-01
9.671540027027066833e-01
9.669214789954102551e-01
9.667872586376089483e-01
9.666611622880969534e-01
9.665478855772220435e-01
9.664431979649097393e-01
9.663500260644417583e-01
9.662621181762840461e-01
9.661802523333228310e-01
9.661055643600608978e-01
9.660353550819396062e-01
9.659652424797240400e-01
9.658919148849670622e-01
9.658162619214047950e-01
9.657408359000295706e-01
9.656879252454245721e-01
9.656332433884692312e-01
9.655773316107968407e-01
9.655201320838349144e-01
9.654588509511577987e-01
9.654031400429071708e-01
9.653630246836282236e-01
9.653220633226425873e-01
9.652789020613030679e-01
9.652284779157971339e-01
9.651574161789938655e-01
9.651149137334358308e-01
9.650704147046991199e-01
9.649747112364124302e-01
9.648362486357531242e-01
9.646984000346271459e-01
9.645652698575851725e-01
9.644381680831551895e-01
9.643073018654796380e-01
9.641252482066758889e-01
9.639136737841209612e-01
9.636957732526622022e-01
9.634850100462193367e-01
9.634828447610276347e-01
9.635505673085618117e-01
9.634445955366859327e-01
9.633475050122154437e-01
9.632619034048105489e-01
9.631882623246119657e-01
9.631243747885779305e-01
9.630717472895794495e-01
9.630288553024208831e-01
9.629960434954716320e-01
9.629748131081170559e-01
9.629688617755172153e-01
9.629777344616394785e-01
9.630031615418674917e-01
9.630452427824478523e-01
9.631071306347646077e-01
9.631827385150915077e-01
9.632723607482973627e-01
9.633718712744125945e-01
9.634795125504791447e-01
9.635925278731087840e-01
9.637109834949868503e-01
9.638330944138309153e-01
9.637582264168909063e-01
9.637489742580321872e-01
9.640147097866748060e-01
9.642802176560737459e-01
9.645386033285461291e-01
9.646930022767236101e-01
9.648265893779687241e-01
9.649481801138373172e-01
9.650667457925761195e-01
9.651643470345429021e-01
9.651680768479070638e-01
9.651561155974527351e-01
9.651419621391977843e-01
9.651334166286260619e-01
9.651261416003678040e-01
9.651047923029860698e-01
9.650699650592492462e-01
9.650238555895491732e-01
9.649898188727231707e-01
9.649546457794925258e-01
9.649135351369643177e-01
9.648675016317727060e-01
9.647802579525243116e-01
9.646067628024885821e-01
9.644400398493367943e-01
9.642712065906404728e-01
9.640981327018711688e-01
9.639179897229205318e-01
9.637328794793821318e-01
9.634138296632799303e-01
9.634141996343327241e-01
9.633223477242277566e-01
9.631865397424029807e-01
9.630609663975556733e-01
9.629483301734059753e-01
9.628507879792782553e-01
9.627722721688179996e-01
9.627132127919081350e-01
9.626756733388496245e-01
9.626596725765798057e-01
9.626640971380294731e-01
9.626893954759292438e-01
9.627349695241741445e-01
9.628014217263941577e-01
9.628867108613730075e-01
9.629919949097224263e-01
9.631163828275918215e-01
9.632597101349746893e-01
9.634194337928885243e-01
9.635949173519106070e-01
9.637825482983382042e-01
9.638784725866016423e-01
9.638445964220917483e-01
9.642457385232894307e-01
9.646560544195316167e-01
9.649180015973991553e-01
9.651425502863779649e-01
9.653365151906119213e-01
9.654174221944334944e-01
9.655596000954199676e-01
9.657100811108249028e-01
9.658631661001012558e-01
9.659860177855514873e-01
9.660791808082255239e-01
9.661448844524033186e-01
9.661820151191302664e-01
9.661838549190140402e-01
9.661465738982438767e-01
9.660720789479378956e-01
9.659609357013763109e-01
9.658133347310625672e-01
9.656351209851075090e-01
9.654352705225514031e-01
9.652076354670779956e-01
9.649581967176127373e-01
9.647309272532065272e-01
9.646569551958896760e-01
9.644426585179494138e-01
9.641286324206000957e-01
9.638145345316314616e-01
9.635494653374152563e-01
9.631366047231796346e-01
9.630245858513033497e-01
9.627775177122830375e-01
9.625455463671677148e-01
9.623314652333083696e-01
9.621385461254128302e-01
9.619767381703588915e-01
9.618827281106958615e-01
9.618230060184338459e-01
9.618189722822484411e-01
9.618247629319223169e-01
9.618410062498313762e-01
9.618675412324445562e-01
9.619045439961300126e-01
9.619513839828764956e-01
9.620240865023576005e-01
9.621147369392436532e-01
9.622911740776802780e-01
9.625271664075514266e-01
9.627908331424505084e-01
9.630793330992798440e-01
9.633876289710547880e-01
9.637129754735817011e-01
9.640500391221664689e-01
9.640569592872600957e-01
9.647449910532435169e-01
9.652565068598641940e-01
9.655891407248144986e-01
9.658791109216386950e-01
9.662088940786416336e-01
9.665391737078350420e-01
9.668689072269924800e-01
9.671613810191357352e-01
9.663678092743833714e-01
9.660946483428743958e-01
9.662169684475239162e-01
9.663122933998765651e-01
9.663784948969081912e-01
9.664131908363036150e-01
9.664147790696974161e-01
9.663836257574407451e-01
9.663207703156785344e-01
9.662230209294986327e-01
9.661708034824919578e-01
9.662674552757487545e-01
9.658136535568554448e-01
9.653293827817361894e-01
9.648361921502491834e-01
9.644279026449820158e-01
9.642338671222160373e-01
9.636854198099837898e-01
9.632492603098232742e-01
9.628073201199203179e-01
9.623738797913420351e-01
9.619610489435950207e-01
9.616814004599865129e-01
9.615454634975244552e-01
9.614795069581490994e-01
9.614257558789094382e-01
9.614073692488726008e-01
9.614526910019753903e-01
9.614925159998877202e-01
9.615277007446904056e-01
9.615643707912074900e-01
9.615995443845539725e-01
9.616343673181638740e-01
9.616611784083612946e-01
9.616801652186608429e-01
9.617557273047389055e-01
9.618726130632463400e-01
9.620014395390102946e-01
9.621675636244280128e-01
9.623703672334613657e-01
9.628217681156220342e-01
9.633668296346796778e-01
9.639328905211467236e-01
9.643574166336656983e-01
9.649898018025913071e-01
9.659478558172736040e-01
9.664815416487780864e-01
9.671242335603538187e-01
9.674074471541334042e-01
9.661554166752246431e-01
9.665990983423938809e-01
9.665568039612315587e-01
9.629191402710960412e-01
9.590870056421273437e-01
9.556394447993316055e-01
9.539308637360848220e-01
9.533219420996802418e-01
9.525784193012520884e-01
9.523998498731992557e-01
9.525712866404734136e-01
9.530419146580678680e-01
9.541678435962521743e-01
9.558765265517930043e-01
9.579932513134290506e-01
9.607391553530021389e-01
9.654521221277998499e-01
9.659201513380079041e-01
9.649096555118579221e-01
9.641033787387938148e-01
9.635923539599521304e-01
9.628250218579190722e-01
9.620834373741742329e-01
9.615025549746735178e-01
9.612138939958693173e-01
9.611697141590082039e-01
9.612111811131749395e-01
9.612534393091466400e-01
9.612858703618332168e-01
9.613502052907278994e-01
9.614507912549808966e-01
9.594666746790116996e-01
9.568152672753161836e-01
9.548064113131528030e-01
9.546004440152989767e-01
9.551849210413365654e-01
9.556883111449466783e-01
9.552002385842105481e-01
9.543432350328949765e-01
9.536322691597238776e-01
9.539448983456400022e-01
9.557089459382113183e-01
9.620779966172565700e-01
9.623863300528349152e-01
9.627536917578791709e-01
9.636217756116703947e-01
9.646687822131174705e-01
9.652455822593283274e-01
9.670533717023551690e-01
9.674589245822439176e-01
9.654484513889669550e-01
9.673901102352960857e-01
9.606425633422153165e-01
9.544595221867527846e-01
9.497999351434638360e-01
9.477374719682859494e-01
9.471461335023730888e-01
9.454813322540953635e-01
9.458521730528798299e-01
9.469249182363673745e-01
9.476568622946213161e-01
9.448721189217859084e-01
9.413794032009943358e-01
9.385559139359747061e-01
9.374953463090960337e-01
9.380505617921481853e-01
9.388257711058621835e-01
9.391040258241836192e-01
9.410820047317914883e-01
9.475975315670089882e-01
9.517824019708548411e-01
9.625752731697594378e-01
9.632122164619206783e-01
9.621799641561673555e-01
9.611582113039668362e-01
9.608253549671953442e-01
9.600348277864487745e-01
9.585829222498420954e-01
9.573466769551056688e-01
9.569649114123800482e-01
9.553650037624744629e-01
9.542753515031422440e-01
9.535704987108416519e-01
9.530190589544130786e-01
9.527086828054965872e-01
9.525980041801972442e-01
9.527496053268255105e-01
9.532355051878396157e-01
9.540435847426178562e-01
9.551910627079022165e-01
9.558117384067791322e-01
9.566257912650492079e-01
9.578181176483293591e-01
9.593009475908979011e-01
9.609337715472614505e-01
9.495462676015306025e-01
9.478038331956153417e-01
9.595617203219306557e-01
9.647060125519262286e-01
9.654634134903162801e-01
9.687729278027035207e-01
9.625538657537247023e-01
9.602075317939745558e-01
9.514002582545286746e-01
9.483752946394300443e-01
9.484828156247692155e-01
9.476116296731645905e-01
9.482629765620180784e-01
9.409724509679258109e-01
9.329561667861931973e-01
9.246467323798353011e-01
9.159029308187052187e-01
9.091260528079561087e-01
9.036769454126477585e-01
8.990306270269476929e-01
8.950050766358562671e-01
8.914555224577975778e-01
8.889561389581235318e-01
8.893342218817419376e-01
8.934070716691858705e-01
9.019923280570544266e-01
9.034995550441964340e-01
9.139451348916267648e-01
9.314646244316227008e-01
9.441298154715831448e-01
9.548900664893175128e-01
9.546286669767172217e-01
9.512740195220106276e-01
9.502159110463223035e-01
9.490141428528009460e-01
9.481233775196757918e-01
9.440241004925099544e-01
9.387517623272985112e-01
9.341185133299727550e-01
9.308982318072290818e-01
9.270852399861035931e-01
9.259396983034750006e-01
9.257770378924384813e-01
9.263617228931941838e-01
9.265756950214808496e-01
9.264077512798678526e-01
9.276367684713224815e-01
9.277103981925597376e-01
9.302475474634258612e-01
9.376089958591602436e-01
9.381468350494631681e-01
9.441973155351703895e-01
9.510827830028513175e-01
9.514905280174734692e-01
9.476444892756515914e-01
9.451259792855999375e-01
9.566626460000403620e-01
9.700335002760417380e-01
9.559029081931764704e-01
9.499753706858257152e-01
9.499142554287268725e-01
9.562925605897120152e-01
9.530469496152145226e-01
9.437498278080230785e-01
9.344743164599478291e-01
9.306139991444125625e-01
9.146707582306705664e-01
9.049426287449946482e-01
8.738829277381054972e-01
8.468903187898056961e-01
8.336278987455519873e-01
8.310147382835233465e-01
8.324694096456215497e-01
8.406127768674871437e-01
8.549897927889112959e-01
8.762891338684352105e-01
8.790631313511286793e-01
8.725567628602247661e-01
8.623990640852906564e-01
8.508609473881946217e-01
8.657314759209673305e-01
8.953153672602334190e-01
9.306634465595783334e-01
9.379191099560898470e-01
9.342610950861947039e-01
9.273233910706979444e-01
9.229311370704953443e-01
9.222856815235895844e-01
9.209164989550452374e-01
9.201755342557832451e-01
9.195969783873613190e-01
9.164116765855522262e-01
9.134743036618445666e-01
8.785531230944279013e-01
8.285830001088477781e-01
7.905448166282285083e-01
7.667299942272102209e-01
7.504797792975637094e-01
7.407590186191093107e-01
7.344204095893605011e-01
7.290576451670960356e-01
7.303064878820108019e-01
7.453077630180188207e-01
7.892123162233616318e-01
8.336869623446142574e-01
8.484999058861587562e-01
8.622007933484014952e-01
8.978626912243005131e-01
8.963728022678502105e-01
8.585904085470297264e-01
9.522104623853888672e-01
9.283103023304370982e-01
9.590805037674875466e-01
9.571475318677560296e-01
9.512675677574191635e-01
9.144757479143319490e-01
8.814844483352218818e-01
8.515226851186056267e-01
8.438940009210459392e-01
8.181159609155332912e-01
7.920806434936944473e-01
7.924641925230196948e-01
7.724843676507699985e-01
7.549474718694491049e-01
7.464034741653021721e-01
7.451715735585568989e-01
7.457076615838232891e-01
7.560492064078796481e-01
8.008045892966861867e-01
8.199201939120993599e-01
8.435439987920954064e-01
8.287312247165051771e-01
8.188838436414982436e-01
8.165106519292549825e-01
8.658281895860293620e-01
9.114328935527641340e-01
9.083467658111646914e-01
9.058705999580588530e-01
9.045636802552897704e-01
9.076868053384864465e-01
9.100146325622100463e-01
9.079397816358640849e-01
8.242767081104265259e-01
7.613805766269986508e-01
7.762013527373571309e-01
7.880055718439745727e-01
7.787739030987675948e-01
7.579211177750929673e-01
7.401414497393873360e-01
7.363150603178878484e-01
7.461986823616844067e-01
7.490092516976176729e-01
7.479669214343437345e-01
7.414502022538272952e-01
7.536799921425758608e-01
7.871830645171086216e-01
7.977764815778862761e-01
7.074288549919751645e-01
6.276737725357495190e-01
7.310604035536160117e-01
8.011038842266771098e-01
8.292068665548909534e-01
9.293131750914013223e-01
9.232228356835601168e-01
9.406123455580220893e-01
9.429078612192574038e-01
9.076235362752574920e-01
8.669554352433260780e-01
8.288979262377922375e-01
7.899486975742190387e-01
7.236703521365009939e-01
6.676119652806595806e-01
6.495517064425504472e-01
6.459147086911191105e-01
6.280931352904032261e-01
6.001151396840759267e-01
5.865612622839705415e-01
5.887821682617546681e-01
6.119509683794194244e-01
6.441961602895728278e-01
6.848029047645749490e-01
6.758514173760947763e-01
6.611093962961167581e-01
8.131561483513305433e-01
8.239708254868556292e-01
7.778070091888841242e-01
7.949164558746103504e-01
8.771071810108601596e-01
8.933242327510957370e-01
8.970525288343416115e-01
9.013438039031687055e-01
8.984597030822153441e-01
8.998510909266058677e-01
8.069696154933807541e-01
7.598693074604285780e-01
6.697669660347081999e-01
6.616385721160050748e-01
6.115879220228078728e-01
5.842849927229711859e-01
5.903535397465964341e-01
5.470169630987259390e-01
5.334072805562755093e-01
5.388582791505476255e-01
5.470368476189367835e-01
5.538804367753378255e-01
5.608390722126357364e-01
5.540501670394746281e-01
5.542966565915206090e-01
6.222826145643218787e-01
6.621287732912310986e-01
7.008034567469615395e-01
7.069854073939547678e-01
6.878136065283964040e-01
7.104028272791075294e-01
8.239007402157780824e-01
9.226891755263575412e-01
9.277107763082631520e-01
8.930897456731812234e-01
8.546634114397375637e-01
7.746656427285941726e-01
6.874745818722626245e-01
6.070609918686072914e-01
5.743607698290655872e-01
5.392115652742366372e-01
5.412488349845383517e-01
5.298289047143824870e-01
5.415753443468453998e-01
5.752648119802874493e-01
5.908209556516748062e-01
6.074234951600495647e-01
6.330897318383205130e-01
6.454608541995063842e-01
6.380405274131470961e-01
6.700892058146975527e-01
6.985799001639748651e-01
7.301342972052310420e-01
7.163528903308614693e-01
6.254792396532334875e-01
7.524418620524114809e-01
8.503696356136352108e-01
8.721554133331312908e-01
8.752096837618438263e-01
8.691922762305587247e-01
8.689098640546604191e-01
7.523489072912910025e-01
7.075699004882048948e-01
6.079508395224633155e-01
5.299391643050956890e-01
4.957384350026165509e-01
4.938870844135949123e-01
4.816652176068939584e-01
4.744037723571404297e-01
4.881510444613115784e-01
4.871983277911135501e-01
4.835297477959972223e-01
4.890641705533977368e-01
5.002046479569225435e-01
5.329049783055653799e-01
5.643384848825985234e-01
5.662264309257708517e-01
5.376339753804301180e-01
4.925431188005387484e-01
4.885421941902248211e-01
5.580886921136676282e-01
6.936603378596448710e-01
6.282110690300576339e-01
8.488238912735296404e-01
8.878442759638587312e-01
8.931447339467938340e-01
8.362791098061036488e-01
7.584613084314826281e-01
6.635035403381327468e-01
5.993667312506999467e-01
5.619991550983637341e-01
5.200835210697456468e-01
5.255215454704829092e-01
5.247968796801967262e-01
5.121539479157041219e-01
5.086972810395732347e-01
5.341851049014623154e-01
5.547028985852954230e-01
5.819216297999428855e-01
6.033507166913187891e-01
6.161067848367712818e-01
6.214318056317098549e-01
6.440405872475002402e-01
6.786110758585423008e-01
7.093598854083452698e-01
7.272996216798165436e-01
7.753089609024942375e-01
8.160621995917120008e-01
7.633537033342158162e-01
8.405236538408772384e-01
8.493920942284007847e-01
8.465905866846739070e-01
8.158818965703534820e-01
7.278896660771059235e-01
6.701174993274776615e-01
5.741364775781683250e-01
5.332482110561160837e-01
4.752808720097853601e-01
4.855896305416271264e-01
5.219772510327788106e-01
5.017733899377737616e-01
4.787103730228964849e-01
4.667763865613955843e-01
4.353385848656936563e-01
4.092886897566369031e-01
4.145491987408760903e-01
4.171590203890119808e-01
4.311190832649837157e-01
4.602618481947678419e-01
4.792482134362329171e-01
5.030827788771543574e-01
4.665995574064895624e-01
3.812204393129228208e-01
3.244641239705788882e-01
3.126659200125971871e-01
4.617046808514676526e-01
6.967347148455038663e-01
7.629695209061719829e-01
7.917813606374809465e-01
8.300298256495813876e-01
8.424640785061677795e-01
8.083861736189031921e-01
7.644848814757706501e-01
7.385633582376069928e-01
6.783698327374987347e-01
6.601527197138595815e-01
6.123397087953645901e-01
5.870058944576050930e-01
5.851209056839946632e-01
5.568830061473412085e-01
5.381242820671694460e-01
5.260382994257890577e-01
4.988786322072825130e-01
4.650246861703088430e-01
4.460700884560785950e-01
4.403918146405890188e-01
4.399442788869235010e-01
4.438410193868260745e-01
4.433532289521595060e-01
4.467764820606355269e-01
4.735632943441185905e-01
4.861783631407941564e-01
5.110622425900052113e-01
5.453964318765558428e-01
5.812207251074059666e-01
6.099126066444969796e-01
4.570271471541124675e-01
6.655662141574966162e-01
7.138999251523550083e-01
6.931784195067611787e-01
7.866483127189055624e-01
7.963429407919515590e-01
7.958511008923007113e-01
7.868287224177377137e-01
7.872958175785798041e-01
7.803871782856571793e-01
7.418062430570930843e-01
7.342006868101352834e-01
7.055115244422490717e-01
6.543773483615167308e-01
5.883822382047823041e-01
5.371915036911187880e-01
5.198581909831052617e-01
5.241369171113524628e-01
5.003605613254262785e-01
5.020554146005076213e-01
4.893685184982373704e-01
4.591283411757821620e-01
4.432386839114937915e-01
4.227988573028055863e-01
4.107160987666421126e-01
3.882512110459481747e-01
3.735442128708220122e-01
3.652288980225922299e-01
3.831501293193611546e-01
3.836135355826375548e-01
3.676945691638380809e-01
3.888226001823550937e-01
3.880904585674500584e-01
3.990019800389457139e-01
4.343245273522001737e-01
4.513469759625264310e-01
4.477153908708236263e-01
4.526998323301140714e-01
4.823659439145248085e-01
5.040294426680149709e-01
4.934672709360913845e-01
4.387996885874194120e-01
4.338162306017555037e-01
5.622645779713106862e-01
7.486490552524719400e-01
7.463970068717236117e-01
7.782200846918071457e-01
7.665374210559285917e-01
7.623350841158452740e-01
7.573592801799144958e-01
7.574541507545407004e-01
7.267708017333250892e-01
6.918303919648265410e-01
6.676135617520481125e-01
6.372306854304733426e-01
6.289341601386456704e-01
5.907988430932900048e-01
5.777113151339029473e-01
5.340564061913104510e-01
5.107861206480405203e-01
4.988535833877841275e-01
4.974186922598565763e-01
4.909528702736277728e-01
4.724485124936863567e-01
4.533487193467140575e-01
4.262588877971446588e-01
4.113084333759639555e-01
4.132297894531047344e-01
4.196535405518210249e-01
4.021671054032912584e-01
3.973339230645320796e-01
4.000785773419284208e-01
4.028356377820156431e-01
4.174276136666185688e-01
4.435333500416981933e-01
4.539641618786950938e-01
4.784667809499164037e-01
5.310613491987945523e-01
5.533389336676223236e-01
6.125886682047634313e-01
6.480679150040451475e-01
7.036882305198779441e-01
6.896341236416132503e-01
6.188886183480389880e-01
7.410321998577840130e-01
7.437471085733546872e-01
7.421445438056145649e-01
7.348472909169403433e-01
7.438740182577936455e-01
7.421069530560235883e-01
7.327040394401508339e-01
7.244678361607700401e-01
7.031061800801824413e-01
6.968656540219755335e-01
6.822405332675538503e-01
6.530537823166469025e-01
6.397352642289213520e-01
6.208707305669899368e-01
5.808676852484362385e-01
5.350750988823248511e-01
4.984575086060655802e-01
4.922962985796797697e-01
4.894194324205063951e-01
4.819478289613357558e-01
4.829077467972945348e-01
4.812695808817770704e-01
4.772762728683083711e-01
4.621300324680849836e-01
4.485881870935595761e-01
4.401303054991756447e-01
4.214117440402873616e-01
3.987454621483873529e-01
3.840392908027937535e-01
3.625170199841783458e-01
3.621628460494050739e-01
3.646717286565450689e-01
3.642529094733155115e-01
3.697696289213500687e-01
3.662462417850865237e-01
3.639611407007025679e-01
3.606826610813578804e-01
3.607955865274825591e-01
3.614017157750510356e-01
3.803041306121680565e-01
4.083194484805544588e-01
4.411691010679209546e-01
4.969021368996333066e-01
5.393410959981344011e-01
5.888257627217040602e-01
6.173205415425162546e-01
6.418160467725574359e-01
7.282090129249899624e-01
6.831952214307456250e-01
6.982976693062444840e-01
7.286685851648733170e-01
6.468786841088061124e-01
6.953476696614738772e-01
5.539145813360049075e-01
5.335499777753535122e-01
7.089420378107330611e-01
7.051587251615368812e-01
6.985784422417534723e-01
6.728834915070662781e-01
6.724275714266175763e-01
6.527675061163643599e-01
6.423539383586085449e-01
6.345993154198347197e-01
6.197610281162818646e-01
6.022097057572454171e-01
5.712201553153742895e-01
5.509567872790900322e-01
5.230472505807104433e-01
5.052974569683338357e-01
4.869566971842877456e-01
4.790354556319041390e-01
4.619188430554134750e-01
4.570493297422256740e-01
4.534702255209082655e-01
4.420631326589159471e-01
4.273588667592005397e-01
4.161252811136021967e-01
4.100073344480296700e-01
4.057892274819642209e-01
3.945939287302803744e-01
3.859939490385332350e-01
3.802975292209868075e-01
3.750739768823712073e-01
3.621413452571896063e-01
3.539414964736211644e-01
3.545012619540174881e-01
3.512975210533827441e-01
3.529799383811861313e-01
3.640774294995655080e-01
3.775493862425328695e-01
3.847967099993974682e-01
3.868806736562050985e-01
3.949455335084482988e-01
4.042664925441949997e-01
4.077918609258853744e-01
4.412967637535093468e-01
4.484240594874298047e-01
4.611514970799249769e-01
4.804433576594581146e-01
5.101462983500679726e-01
5.508142623700816864e-01
5.889510397760289173e-01
6.029065035116684124e-01
6.330079648305005913e-01
6.813439997765053935e-01
7.048659469656836096e-01
5.929094093067165394e-01
6.116156754526661521e-01
7.176060343868913005e-01
7.202103391618157602e-01
7.193441124212081039e-01
7.208034339480945407e-01
7.199001163060416708e-01
7.213841066198332097e-01
7.164004292013474995e-01
7.128089394378384069e-01
7.103252455378912256e-01
7.012818283876532943e-01
6.979549742098015708e-01
6.915894942300218062e-01
6.730506504811352153e-01
6.529233630691505530e-01
6.477652288582600448e-01
6.281749190136849403e-01
6.120862015679704449e-01
5.915121107979699477e-01
5.648079871898901150e-01
5.564939131821705631e-01
5.438212075524471167e-01
5.239021609226905962e-01
5.011029009315997040e-01
4.962401634519252314e-01
4.877418918918459689e-01
4.799126124895062295e-01
4.689876016135591241e-01
4.416543783081896546e-01
4.292280474197192608e-01
4.115539512973671599e-01
3.900627178241509729e-01
3.723383475890764682e-01
3.746029471345881934e-01
3.660293309125702832e-01
3.599479268164271217e-01
3.580514615249965060e-01
3.633335589918429975e-01
3.626729233165540967e-01
3.595679245666283941e-01
3.547117285959535127e-01
3.542427611904369611e-01
3.522227690784983656e-01
3.422429415884765680e-01
3.503725923803305831e-01
3.722474128714510222e-01
4.007244247700269546e-01
4.250972104277573882e-01
4.791991117005491851e-01
5.408164723633793747e-01
5.968060874498404278e-01
6.257893026097854916e-01
6.826255462000615504e-01
7.138295381786519123e-01
6.633813297284989474e-01
6.770678670290787293e-01
7.130419740635045578e-01
6.018774220486650117e-01
6.633790442293110434e-01
4.720753381638982393e-01
4.708654096328208638e-01
7.087923836171180492e-01
7.029778842365512759e-01
6.983686434136285870e-01
6.915770770422006164e-01
6.890925883164740195e-01
6.743974734966408091e-01
6.506165568471236060e-01
6.424600858819515814e-01
6.366946566849436273e-01
6.188581239580063231e-01
6.024617668938977433e-01
5.962802761797494355e-01
5.801081252514167508e-01
5.664017576597100145e-01
5.526932909621478096e-01
5.293682457263818586e-01
4.941403626001352745e-01
4.830782001094122147e-01
4.737453900487467728e-01
4.640632238181133795e-01
4.582916468308776969e-01
4.582707602460019958e-01
4.454122673450798819e-01
4.217080071238805683e-01
4.141511178010838234e-01
4.062345299055039605e-01
4.065927573394491068e-01
3.884647140892755202e-01
3.863619033233809952e-01
3.820846052486472910e-01
3.759637156206180331e-01
3.706075950385302464e-01
3.469572903070278214e-01
3.456384796094689738e-01
3.440320599048435346e-01
3.425107223155740011e-01
3.585067206835122477e-01
3.764152716448032066e-01
3.924232054094461963e-01
4.063368630719694230e-01
4.477077622554005987e-01
4.853545512439673137e-01
5.179250243595091563e-01
5.599953991355275384e-01
6.009110506016138720e-01
6.510480359824982743e-01
6.890186422153099510e-01
6.767873389691414499e-01
6.009606310580540844e-01
6.698089409788917648e-01
7.135685821766540871e-01
7.143832224558172017e-01
7.127057910871709145e-01
7.047062082079817991e-01
7.138050410597787110e-01
7.161856347299022651e-01
7.167774098787708104e-01
7.114823110387623606e-01
7.089254060293357362e-01
7.064887246092800277e-01
7.001880718864977871e-01
6.842791177282228077e-01
6.540296036035394556e-01
6.401922382126087330e-01
6.215561468528844058e-01
5.831732691647960598e-01
5.766008061255792905e-01
5.577423769316309787e-01
5.421103068959030047e-01
5.263940316432635935e-01
5.052109245501075208e-01
4.975285843946375408e-01
4.894873692783456853e-01
4.753236616544900817e-01
4.535111704805983579e-01
4.389926108169123764e-01
4.255211306983008313e-01
4.087630224850123395e-01
3.884119135090725594e-01
3.711917387362345111e-01
3.679311766546546902e-01
3.641387876012440183e-01
3.622254631884875287e-01
3.618419095694530574e-01
3.574222967870561707e-01
3.565403480690855220e-01
3.526361622384580063e-01
3.496404992167713721e-01
3.545167178113696749e-01
3.484109580428622621e-01
3.391211804669431173e-01
3.480908151679204532e-01
3.712965200941083510e-01
4.004219819046362927e-01
4.234486789282593255e-01
4.767593520180372635e-01
5.391003554483015936e-01
5.972717341702780125e-01
6.236283180271621207e-01
6.827599577425713662e-01
7.129035156994696365e-01
7.082449319751544792e-01
6.669281519225267463e-01
7.108921597812737359e-01
6.266378576167349612e-01
6.672947401653693822e-01
5.223372677630502281e-01
4.427627125564568278e-01
6.985317389597306414e-01
6.984397349359438012e-01
6.896144242887227715e-01
6.681060781813985550e-01
6.517790469983877344e-01
6.354362782858535841e-01
6.213493907142521033e-01
5.937508318100004345e-01
5.818622646087381334e-01
5.631315990399881066e-01
5.452799529546636936e-01
5.388967607152279626e-01
5.189902876709190371e-01
4.955252781712081167e-01
4.816414204398055121e-01
4.604318378217778784e-01
4.570722480568590318e-01
4.404521004114138605e-01
4.241700770445221980e-01
4.116392970987564071e-01
4.073296099305451778e-01
4.068582873843412662e-01
3.969139781331653682e-01
3.866904096769832599e-01
3.854630407570230344e-01
3.784846394124879998e-01
3.695348857435711287e-01
3.578035288926083024e-01
3.455852667902646336e-01
3.426896862906028685e-01
3.412731448927456834e-01
3.551716990649884664e-01
3.725647572957295761e-01
3.899182359524362429e-01
4.046844155654377162e-01
4.442986224352057367e-01
4.848163080442514095e-01
5.182826912692797272e-01
5.605583962100066930e-01
5.999643784218746667e-01
6.522139025962039316e-01
6.888066401439970621e-01
6.830168843001709345e-01
5.946156348193015750e-01
6.609381684817859925e-01
7.148707350636681612e-01
7.121401233436600586e-01
7.159457710592451729e-01
6.321902345075842700e-01
7.138214817090818842e-01
7.160981707457249046e-01
7.126061609723416401e-01
7.094176236817389958e-01
7.077220771605391425e-01
6.982803677662261510e-01
6.883662629895629381e-01
6.714458957540176964e-01
6.574532408626486690e-01
6.255196941181961900e-01
6.089193187662729212e-01
5.863955956515044532e-01
5.793607430382052836e-01
5.636155422248060320e-01
5.446604237363426027e-01
5.325474226575326320e-01
5.082991681664125183e-01
5.000581418559006952e-01
4.929066143387626497e-01
4.754129078505033301e-01
4.660386705668495555e-01
4.533932139759467295e-01
4.396118245320266849e-01
4.275096212400713025e-01
3.908889381127156892e-01
3.704308852304123989e-01
3.676840864256636365e-01
3.670946549318343521e-01
3.633423672599002119e-01
3.626420729875792226e-01
3.624252772514818810e-01
3.563336519147567438e-01
3.534776663367454330e-01
3.515399196734704246e-01
3.520294200293930809e-01
3.420083836534343891e-01
3.403790723693799758e-01
3.458609337180412191e-01
3.715032260501723860e-01
3.991564145535190233e-01
4.211922752941611447e-01
4.729796576257565555e-01
5.355473735058439155e-01
5.952669220226303182e-01
6.206645577211773457e-01
6.821573346867313425e-01
7.141763947560682002e-01
6.685600703661759292e-01
6.632003392663420316e-01
7.108247550253021796e-01
6.631714387439776592e-01
6.634283293763730827e-01
5.673723523530814772e-01
4.132005681760170246e-01
5.005873860835731159e-01
7.048649202082022391e-01
6.992242479912282871e-01
6.935618899832894924e-01
6.895834344411493344e-01
6.693465705512902097e-01
6.556413154678374378e-01
6.432218728752177039e-01
6.361301421748040141e-01
6.254662309321225022e-01
5.955653654027014410e-01
5.856758224607019336e-01
5.682498201291945605e-01
5.501088474264579364e-01
5.121352180625386996e-01
4.918172602524592540e-01
4.795085838614271401e-01
4.590029847625989867e-01
4.528906499235357819e-01
4.366928486233577211e-01
4.208497393768458328e-01
4.095596288935271501e-01
4.069651327579578703e-01
3.976684339624082520e-01
3.868902086383926853e-01
3.780126619329677862e-01
3.675246359965670395e-01
3.550633920280812927e-01
3.474761308015181793e-01
3.442615634724059959e-01
3.430009132296007457e-01
3.410909707400103241e-01
3.457602131600629458e-01
3.538616388367416543e-01
3.658831912305565703e-01
3.800934030774992256e-01
3.882437477706760509e-01
4.034991687431904728e-01
4.405859920350715941e-01
4.829308716010292657e-01
5.150266179671463274e-01
5.577298518989128873e-01
5.964733725642206164e-01
6.519210125337913109e-01
6.880163814133405387e-01
6.893815508056375663e-01
5.857899862550184356e-01
5.847639420259354015e-01
6.508204126360008779e-01
7.137591622870157471e-01
7.166749478676994745e-01
7.126544040028226501e-01
7.177200062897729493e-01
7.097401520418681331e-01
7.088644686440012110e-01
7.021041225108507478e-01
6.920297776313055760e-01
6.760797701821592565e-01
6.599492332611831547e-01
6.302035718821779042e-01
6.137305458878966613e-01
5.805752306576966726e-01
5.689883578110572770e-01
5.572077223950798741e-01
5.417458510601051991e-01
5.368695322155410121e-01
5.106022938811820566e-01
5.004044683167953034e-01
4.938125007039936287e-01
4.798312711553134324e-01
4.689727669900986551e-01
4.565096820064020733e-01
4.436178575901204568e-01
4.302811412346532194e-01
4.145429153447066084e-01
3.946411819675511579e-01
3.738901536784569046e-01
3.700939358303036997e-01
3.682707212206190461e-01
3.624007761003427697e-01
3.636149701129809952e-01
3.634239188374824292e-01
3.631663985638652337e-01
3.573162522177633083e-01
3.573519139038267567e-01
3.515562821801813675e-01
3.532224615155640790e-01
3.391077273609439668e-01
3.366268452242655584e-01
3.445210103604000040e-01
3.718094079849679212e-01
3.976256251974186751e-01
4.186618637046300440e-01
4.679999387327367089e-01
5.321520669427581840e-01
5.906908897955144289e-01
6.178732520471517109e-01
6.812530913434685642e-01
7.160335454171972147e-01
6.750046619067960885e-01
6.591280692013815612e-01
7.098261721910331667e-01
6.035825272837486155e-01
5.880684460926610679e-01
3.743131015866036360e-01
4.913583450730175106e-01
7.063719267472480245e-01
6.954440795025129685e-01
6.894143877983009983e-01
6.706103842941097959e-01
6.452679207735942946e-01
6.306632134115859323e-01
6.124198422338613668e-01
5.968910723924163442e-01
5.891156391921066326e-01
5.740149572920624221e-01
5.550113008138423121e-01
5.392742140610461421e-01
5.192218189446642373e-01
4.954878701684595210e-01
4.812622130852959312e-01
4.601737249277506048e-01
4.565015763887262379e-01
4.399815715229052904e-01
4.236923949837593240e-01
4.070186801292385304e-01
4.027410532279348532e-01
3.876841350363978145e-01
3.834520092757602860e-01
3.728237133715456286e-01
3.694483211833957670e-01
3.484768814649407687e-01
3.445446058176478976e-01
3.425958767632791280e-01
3.417628406953371889e-01
3.523146944976692785e-01
3.678206711476426638e-01
3.825916211122369348e-01
4.022939990134138943e-01
4.220831684615600210e-01
4.368942898921732709e-01
4.599053361433293463e-01
4.908902892671037077e-01
5.272526164421026396e-01
5.713258749237060119e-01
5.909192855069376193e-01
6.505693446687299542e-01
6.865091723004713709e-01
6.958871342913407476e-01
5.809620358531435436e-01
7.143407592139910944e-01
7.140701982384546342e-01
7.113626201048436348e-01
7.153281069581414187e-01
7.127120152501693617e-01
7.143077426713474454e-01
7.162930937219782468e-01
7.099863580764682602e-01
7.079957927458764289e-01
7.035555594903610821e-01
6.991879421785679449e-01
6.942682032597063957e-01
6.787276429012967238e-01
6.634048232262853562e-01
6.512272362086777289e-01
6.337352047938562549e-01
6.169214303055894355e-01
6.033000373949557460e-01
5.814841998254255406e-01
5.737398491479838158e-01
5.494502855634795235e-01
5.389726426062438902e-01
5.157161319502986396e-01
5.024539353885261184e-01
4.956092602518542001e-01
4.849298899361380033e-01
4.714496424623503823e-01
4.599587949980930013e-01
4.333607246853764527e-01
4.007360841616733338e-01
3.801761775369335017e-01
3.692000091212324087e-01
3.689173264230713456e-01
3.683751654905888517e-01
3.632046954127628458e-01
3.624058218991437763e-01
3.638650822482394909e-01
3.627027109732425814e-01
3.618486388795124076e-01
3.578239277525963602e-01
3.525153678959224712e-01
3.525000801780320825e-01
3.506143735354510516e-01
3.405151261500959925e-01
3.424550843398583844e-01
3.450336431686155669e-01
3.554487938213848341e-01
3.779168527969975488e-01
4.039005523081181659e-01
4.356776870927789314e-01
4.638428866112209725e-01
5.284111191400424623e-01
5.827035682008756545e-01
6.143819126772191996e-01
6.766292111055878244e-01
7.163572016759603978e-01
6.865946470970218929e-01
6.560198735208618848e-01
7.100483015860520331e-01
7.099094994004290227e-01
5.549906447608112803e-01
5.948372975616410541e-01
3.508889695746642556e-01
5.443904271649888660e-01
7.013670188354309554e-01
6.893918007214172583e-01
6.725054294672657695e-01
6.476968178057861403e-01
6.379543166401547838e-01
6.336419905864930646e-01
6.158470888404038446e-01
5.911308147039985306e-01
5.771883636849136634e-01
5.581342390275404464e-01
5.415589671002094541e-01
5.245945570203559560e-01
4.837377430590650840e-01
4.710910412347279475e-01
4.614390779395705078e-01
4.579012158753555939e-01
4.515340082679529798e-01
4.352161036779442216e-01
4.196903634531399807e-01
4.106806848935353749e-01
4.069819175057153848e-01
4.066412138826248635e-01
3.872240008083968066e-01
3.853138052903936628e-01
3.785059550824144692e-01
3.695934501958528240e-01
3.573013817029363492e-01
3.460395811653065312e-01
3.444058000830989563e-01
3.433092091306144678e-01
3.412584157652072125e-01
3.512425231568380157e-01
3.650157296862725498e-01
3.762239224551862105e-01
3.831684546425948579e-01
4.026890254175409245e-01
4.232077623272484379e-01
4.341495653625425666e-01
4.536589022441142594e-01
4.829217660371254439e-01
5.145922526467587854e-01
5.571381587725290352e-01
5.878739580591205716e-01
6.492510681690379926e-01
6.849875836537808738e-01
6.979723095309673386e-01
5.816243194223212898e-01
6.356989468169430557e-01
7.146117148588129186e-01
7.151791118365269373e-01
7.110101369495636092e-01
6.993935281152708905e-01
7.131677587790142825e-01
7.151951626786938743e-01
7.099853163974623182e-01
7.076535869709199567e-01
7.041208082222765174e-01
6.998344463956197581e-01
6.954033862943078681e-01
6.652977707886905678e-01
6.522633218205783345e-01
6.361898727059088765e-01
6.187650685277337193e-01
6.042667862960247049e-01
5.823706647229921485e-01
5.774231208164475326e-01
5.529036247672234339e-01
5.405505811101406488e-01
5.213106501464905840e-01
5.045679377863816484e-01
4.883614399857472699e-01
4.731445572458826687e-01
4.624148754017144425e-01
4.507837886392497828e-01
4.358259731253549818e-01
4.219460859095216509e-01
4.045316589249888239e-01
3.838170935894017477e-01
3.683456909246254907e-01
3.685815288148103219e-01
3.643195855870269284e-01
3.616560949236122813e-01
3.622742569544694646e-01
3.619535125255431973e-01
3.576527828485437932e-01
3.549518457790377113e-01
3.518024744705552376e-01
3.519833942545897987e-01
3.506350556614647451e-01
3.375900639013961202e-01
3.450760920632182649e-01
3.712614542906379489e-01
3.958846511449127248e-01
4.158840925896029606e-01
4.609754612435097432e-01
5.254371790773896267e-01
5.787636777021341050e-01
6.117252438739491094e-01
6.723595257521971513e-01
7.167277174602538770e-01
6.910031745216925758e-01
6.543703712843358389e-01
7.111500357433385711e-01
6.884825939645783377e-01
5.449499883167154834e-01
6.134638895536403957e-01
3.546544861948818794e-01
4.514439524275165594e-01
7.054423584571626327e-01
7.024491212259251771e-01
6.979725333028042877e-01
6.907471209777552579e-01
6.745762204628159564e-01
6.674005044469480952e-01
6.400843738731917254e-01
6.349420603984979872e-01
6.187008673268942216e-01
5.995715030683121949e-01
5.925535580825956883e-01
5.609012083535006576e-01
5.293479572401946776e-01
4.871519604447651086e-01
4.744655240741385560e-01
4.635727693094678359e-01
4.467845419324391054e-01
4.349735136101939292e-01
4.134597213689764073e-01
4.080558442672033159e-01
4.013274369106900608e-01
3.892230542505765722e-01
3.866617095929435477e-01
3.794605844080688462e-01
3.705248439278189254e-01
3.614463888644717793e-01
3.465766906207730647e-01
3.445132187487321418e-01
3.431947315751766037e-01
3.471018982470034930e-01
3.493345320929124309e-01
3.532497322744159174e-01
3.604294843848957486e-01
3.688417416443268149e-01
3.837356767476678976e-01
4.031529868919251358e-01
4.244012097728502853e-01
4.312481820756624007e-01
4.458372316461905460e-01
4.667160430336623755e-01
4.977342949378333326e-01
5.376918765941656186e-01
5.768339986731551017e-01
5.859005006197712806e-01
6.139925907070528099e-01
6.595914052696610907e-01
7.024149748132155757e-01
6.194119765869298133e-01
5.859349062578435019e-01
6.298092578957418253e-01
7.153633840994496618e-01
7.146911248052554289e-01
7.120409475621171103e-01
6.918897814022094694e-01
6.469283101109105649e-01
7.155546564842735213e-01
7.160318765658336693e-01
7.109849910044160337e-01
7.084208693470576135e-01
7.057515671616393371e-01
7.005096311241975071e-01
6.963161325780707900e-01
6.674272332710932121e-01
6.541426532168157504e-01
6.408594013344045548e-01
6.219205991855814020e-01
6.063017975304931806e-01
5.836447394914267006e-01
5.788868766019812373e-01
5.583705940955340230e-01
5.424744475802116828e-01
5.281877034811756078e-01
5.067117972774085599e-01
4.980861444403238969e-01
4.896149782613196666e-01
4.743902577105819085e-01
4.647732965460897869e-01
4.380781237708976650e-01
4.251391584422175574e-01
4.084580995498887646e-01
3.883657525609449102e-01
3.681306661761134524e-01
3.705094564910147437e-01
3.686559185200647404e-01
3.656194288608398124e-01
3.607799499134929921e-01
3.630860781358226652e-01
3.621186411858089427e-01
3.620315262980665638e-01
3.580294066722545798e-01
3.556499933349125397e-01
3.491630855503533581e-01
3.545142538048425274e-01
3.483633194883753448e-01
3.380765798852831128e-01
3.442637507211575576e-01
3.713029146646091849e-01
3.950168496171366228e-01
4.149088666470188147e-01
4.587317426291244171e-01
5.221570173579286323e-01
5.770800622018209536e-01
6.096341234142653720e-01
6.687348978847613701e-01
7.170411793892293995e-01
7.128386444059265914e-01
6.518194608418643732e-01
7.103740131120062085e-01
6.659834183955045672e-01
5.634225873472881174e-01
6.328404295215626085e-01
3.754551972145546146e-01
4.976115901889394677e-01
7.035884469548890907e-01
6.986043266640149518e-01
6.895212751935684281e-01
6.771946787467789663e-01
6.682719633515465940e-01
6.412465242181036862e-01
6.355532257121503381e-01
6.023383961556963984e-01
5.941933676467268111e-01
5.647687063751439807e-01
5.467961552955341586e-01
5.325829825089771763e-01
5.084648994185040349e-01
4.898802573808872518e-01
4.770269421430767265e-01
4.649665392593895774e-01
4.586556920746404087e-01
4.499849387089178698e-01
4.337844007355479703e-01
4.182551952777771587e-01
4.087347538373008460e-01
4.070956432301729433e-01
3.945415988254007411e-01
3.875345385077568761e-01
3.821944138385840462e-01
3.699760131577619626e-01
3.512723951778272680e-01
3.447061080967811497e-01
3.429976668851079102e-01
3.474004964252618843e-01
3.686808279529462662e-01
3.843446425657295329e-01
4.028357137842035196e-01
4.279196084536753264e-01
4.756227318868306853e-01
5.060989045237481720e-01
5.484507188427472091e-01
5.846820518811367551e-01
6.433314965941314689e-01
6.829952788052169321e-01
6.991650948616369154e-01
5.843230466582601812e-01
6.208897471583511019e-01
7.037108674779605222e-01
7.147380233841360564e-01
7.137725209847326502e-01
6.954504895364401751e-01
6.435930953787198927e-01
7.163579236035846343e-01
7.132155337123514682e-01
7.096323181395504109e-01
7.082882424727333648e-01
6.989074396909841225e-01
6.895839508530414719e-01
6.727786835637677987e-01
6.580555517745253491e-01
6.490745456926071411e-01
6.270201289977136438e-01
6.101802098723253520e-01
5.893683413757397904e-01
5.798648825584861166e-01
5.655347703525602787e-01
5.454624562468771698e-01
5.089935961921637775e-01
5.003891383670860948e-01
4.938254067957795757e-01
4.776833972155928310e-01
4.676861613472312884e-01
4.550606532475843236e-01
4.416521228440153934e-01
4.296238790523104756e-01
4.129614884403420838e-01
3.930488993854456825e-01
3.726563636244772382e-01
3.707245996625667672e-01
3.673221759797697938e-01
3.673867064019145090e-01
3.631112189992120043e-01
3.629792988198595194e-01
3.627662114503374391e-01
3.570088229048271611e-01
3.543472910435999657e-01
3.518921519397596454e-01
3.528383890151098878e-01
3.432099631529147432e-01
3.406350485383484727e-01
3.429482084412467935e-01
3.501581617327162999e-01
3.730307322409151527e-01
4.014540294154095301e-01
4.304749579784249991e-01
4.552291324676633333e-01
5.177121271443007045e-01
5.751026894099600106e-01
6.072371474971925975e-01
6.624549002975814727e-01
7.135691137641059223e-01
7.055690894380594047e-01
6.908605299025923907e-01
6.671403470279263503e-01
5.923827437544417762e-01
6.409955509395945938e-01
4.068583512936331803e-01
5.005174324725624180e-01
7.052820014987079000e-01
6.994678340839211028e-01
6.940069335039772414e-01
6.895301532802210476e-01
6.808325389324181298e-01
6.696297042842915825e-01
6.439482149523565457e-01
6.361366569522974856e-01
6.077065708324435045e-01
5.871049134348074183e-01
5.518817403798186305e-01
5.153642630566973581e-01
4.930295816368119866e-01
4.803151676984386276e-01
4.666763013159405671e-01
4.591191541234678208e-01
4.539799205094199319e-01
4.377193474131759188e-01
4.097343914024053624e-01
4.066807215743881154e-01
3.988555076445208236e-01
3.875627758662545386e-01
3.862251573756171341e-01
3.829364300686312617e-01
3.779978854320401038e-01
3.675661840988535545e-01
3.554531980865181517e-01
3.474024300135126198e-01
3.441489964967357484e-01
3.453860261479164140e-01
3.606193161183462448e-01
3.770495984332190575e-01
3.833592101432571897e-01
4.025584921334938726e-01
4.240211744436511165e-01
4.719813526440793661e-01
5.031143645425925071e-01
5.456441610985618418e-01
5.827636077185276431e-01
6.406892285255576525e-01
6.838475211823764610e-01
6.987663858869733735e-01
5.837133799615291663e-01
6.843252314843967232e-01
7.145798694378607818e-01
7.134722043683463522e-01
6.991299431956355948e-01
7.154415534228160123e-01
7.142942846498938625e-01
7.102026218920115541e-01
7.088010984037299567e-01
7.032925708220626460e-01
6.937048005776067505e-01
6.782937040341522339e-01
6.620469308804795006e-01
6.507296005242445558e-01
6.324716321846487466e-01
6.159505675486626197e-01
6.019106947895397353e-01
5.809517480008133949e-01
5.716140254257339182e-01
5.481948297257135394e-01
5.382348437084524262e-01
5.127950322527651261e-01
5.013475061718459802e-01
4.945478020374194372e-01
4.816536229350807941e-01
4.699410144612388707e-01
4.579713147120025307e-01
4.458059481868353879e-01
4.315759155446826645e-01
4.171116589509085149e-01
3.972789786200120465e-01
3.766652595080456911e-01
3.699916203293762695e-01
3.669701400537656588e-01
3.683075398226369757e-01
3.627653274053157517e-01
3.630908313811468391e-01
3.640100145572520152e-01
3.630958477317784983e-01
3.617949422418333394e-01
3.579872146574162306e-01
3.523556324689673391e-01
3.497839300032514198e-01
3.398241741655891879e-01
3.416340715070255718e-01
3.669147958182802371e-01
3.892893748369152251e-01
4.116151156869694017e-01
4.508294692124273362e-01
5.129181708476628909e-01
5.729049735989286685e-01
6.066516922848532722e-01
6.551208650090658558e-01
7.114009328067137927e-01
7.122381612227461911e-01
6.588248290252554096e-01
6.805618103199548852e-01
7.112681215816687441e-01
5.882822122108226637e-01
6.509605216433744790e-01
4.436229502999501362e-01
3.599622573443009843e-01
5.641998166382172775e-01
7.073187070691107081e-01
7.010802839934064945e-01
6.897179652764943159e-01
6.719035479368902219e-01
6.534642480427330646e-01
6.375259603521271634e-01
6.240353633904741626e-01
6.090481237482427979e-01
5.926225575551546942e-01
5.438997306674968613e-01
5.044030110868827910e-01
4.868805250428884790e-01
4.740204825552024048e-01
4.631538822746063544e-01
4.583889706283820753e-01
4.462624246209818679e-01
4.302925665613665518e-01
4.206483464556585727e-01
4.131691004408282741e-01
4.066948887832985693e-01
3.876318025013025803e-01
3.852988101591929282e-01
3.763586425150437509e-01
3.702675158231182317e-01
3.502829462084179890e-01
3.452158853996706855e-01
3.435662654394483484e-01
3.438340107723744654e-01
3.680401006609165804e-01
3.825394634097113444e-01
4.019634579673190267e-01
4.209690159359655293e-01
4.688404922523043417e-01
4.996455422890337950e-01
5.410891523207378428e-01
5.791338562376179278e-01
6.347789177347081813e-01
6.819660746376201566e-01
6.983865556066788383e-01
5.846403179387353877e-01
6.713132003184112406e-01
7.141854655547623665e-01
7.128934783239089246e-01
7.025549678286602262e-01
7.144566666441879432e-01
7.163792463039667657e-01
7.159988617813914935e-01
7.110618062419407082e-01
7.059732322279006489e-01
6.961039396940412738e-01
6.842498918473053360e-01
6.677680314762708402e-01
6.542463692335857006e-01
6.391737240727775049e-01
6.202957153110534305e-01
6.057397131698617487e-01
5.822745564188421818e-01
5.744953586165177928e-01
5.550042391791860652e-01
5.410991822765832682e-01
5.229835379638438919e-01
5.044679656994550676e-01
4.964993222853201771e-01
4.888258417661071609e-01
4.731650403391678417e-01
4.623811365085594427e-01
4.505325106870713414e-01
4.358228503592689873e-01
4.221780978311599486e-01
4.043745493490178422e-01
3.834274021921663667e-01
3.686040474232188391e-01
3.696498235195072590e-01
3.647993554235749447e-01
3.621772578495934258e-01
3.639336767457139743e-01
3.629048806882930744e-01
3.583392172179330482e-01
3.557475135017311163e-01
3.504240393131523579e-01
3.544992210857768611e-01
3.397040410501735441e-01
3.417293228546235961e-01
3.634585452003275541e-01
3.862272522274006747e-01
4.093706027348403831e-01
4.460374164989461820e-01
5.077832266825716978e-01
5.685605835677403075e-01
6.081116027299469096e-01
6.471479326715205982e-01
7.111652942024653257e-01
7.084420941970446250e-01
6.632413088027216963e-01
7.117093791774025124e-01
6.196791273608442951e-01
6.655302098526657550e-01
5.186496743026521861e-01
4.448616807897513570e-01
7.036871785047392747e-01
7.034192862269160740e-01
6.985889266075614445e-01
6.920444732014454647e-01
6.901642269065942914e-01
6.672947529363097985e-01
6.508927531553068135e-01
6.400843621883335333e-01
6.348465597172706643e-01
6.209254195522405650e-01
5.931387177890826701e-01
5.813415924951245151e-01
5.625010515775257236e-01
5.446183968835943690e-01
5.300613968115271968e-01
5.046298243391393878e-01
4.874603029766348405e-01
4.742826915314605762e-01
4.634794803414568620e-01
4.586812238496532634e-01
4.466490567330786976e-01
4.307427990087338565e-01
4.226087572796348724e-01
4.164650092980368701e-01
4.083440183497946130e-01
4.071535143575042426e-01
3.876575571263575770e-01
3.854265148287011611e-01
3.764356690713707154e-01
3.702714118771409657e-01
3.504557333251889784e-01
3.463504059904999322e-01
3.440848573374646890e-01
3.422426285513804900e-01
3.562713452051919361e-01
3.740584376152029655e-01
3.904488289944446078e-01
4.047194441241019902e-01
4.176430414721406525e-01
4.659241864426454938e-01
4.970534453231679195e-01
5.367086355825413380e-01
5.770927406507996293e-01
6.298282017347268669e-01
6.757635337360906602e-01
6.995665302153530885e-01
5.836730237265043142e-01
5.983231187131374806e-01
6.617390715045956551e-01
7.141333658539495977e-01
7.119131904325690652e-01
7.101479530043423027e-01
6.305034864130355521e-01
7.132560785510727586e-01
7.173100453265900400e-01
7.119159591979196122e-01
7.091371328210153147e-01
7.071601702422188884e-01
7.007644778152944953e-01
6.973645335575154869e-01
6.708944744451316167e-01
6.568086137194353302e-01
6.454663555781228190e-01
6.244270218217868873e-01
6.087180638275511146e-01
5.778032475183418892e-01
5.679772949967564211e-01
5.494684292874657539e-01
5.413647204667609847e-01
5.314711103441660534e-01
5.096571259235483931e-01
4.966143453727150936e-01
4.920190880034386871e-01
4.799177829587056299e-01
4.714516354636952844e-01
4.632563016098194542e-01
4.541523035366231698e-01
4.334129701427518189e-01
4.102471706345604541e-01
3.795777523427023570e-01
3.683865973711537567e-01
3.708530084398424242e-01
3.682545273706732680e-01
3.616627963926902778e-01
3.636212751564492085e-01
3.630810353611763075e-01
3.618194235949918625e-01
3.573285990544233237e-01
3.566402297023213985e-01
3.527388747695841542e-01
3.512974717111680967e-01
3.519502026261945304e-01
3.383519827100583410e-01
3.414818543126675321e-01
3.617598882524928339e-01
3.838711674128744145e-01
4.073880982123240235e-01
4.415192661832549881e-01
5.028099763669030553e-01
5.644668221377768802e-01
6.080564684723973601e-01
6.461196178006100022e-01
