0.000000000000000000e+00
-4.151440257697068798e-10
-1.689462653309700067e-09
-3.810667281110098215e-09
-7.804179722193720025e-09
-1.497682411858038988e-08
-2.596675785784904396e-08
-4.177387014765304857e-08
-6.414030602686723878e-08
-9.358163142102202312e-08
-1.300739821353506420e-07
-1.745492963774392828e-07
-2.286703268882202819e-07
-2.939391048587117607e-07
-3.711438719446068943e-07
-4.609943734310363610e-07
-5.660035821920527924e-07
-6.896329902850776821e-07
-8.337290556792761679e-07
-1.000756403386254380e-06
-1.195563811545409968e-06
-1.421508443242935288e-06
-1.680735583871576010e-06
-1.978266444618722850e-06
-2.318749570038546732e-06
-2.704361099992976639e-06
-3.139755856572970303e-06
-3.630603153135368062e-06
-4.179692198639343698e-06
-4.791197049140082902e-06
-5.470675420021398777e-06
-6.220820785267718444e-06
-7.044912649590017447e-06
-7.948608282327222153e-06
-8.935312152095009841e-06
-1.000727833987027064e-05
-1.116869309114728879e-05
-1.242334177239353282e-05
-1.377386080883476419e-05
-1.522399301234019883e-05
-1.677753472965516640e-05
-1.843715661891665760e-05
-2.020626230311920309e-05
-2.208835325845274905e-05
-2.408540494325250441e-05
-2.619977915305153385e-05
-2.843421050576206189e-05
-3.078969633879135600e-05
-3.326723906275362065e-05
-3.586869646239951434e-05
-3.859422650128708322e-05
-4.144286471301450404e-05
-4.441458010095224477e-05
-4.750861108414876382e-05
-5.072276325783314327e-05
-5.405530633442741888e-05
-5.750408114400187441e-05
-6.106529593600947502e-05
-6.473564616575817107e-05
-6.851217520230468779e-05
-7.239035142029559013e-05
-7.636555826595149753e-05
-8.043410973067491407e-05
-8.459128024643839110e-05
-8.883158762721258595e-05
-9.315027164950367359e-05
-9.754205892767927352e-05
-1.020007454267875155e-04
-1.065206309384015578e-04
-1.110958941796468230e-04
-1.157199948991278658e-04
-1.203866823781707152e-04
-1.250895389344548107e-04
-1.298215026451009051e-04
-1.345759932150853496e-04
-1.393466266730174511e-04
-1.441262486631045476e-04
-1.489079428884598441e-04
-1.536852950190378483e-04
-1.584515604711074499e-04
-1.632003158206194219e-04
-1.679259434150215348e-04
-1.726228196019463580e-04
-1.772857180489871662e-04
-1.819104624194697927e-04
-1.864930507152773060e-04
-1.910295607906791697e-04
-1.955170479998965432e-04
-1.999530636789346040e-04
-2.043351460341721556e-04
-2.086617290103018731e-04
-2.129320780449413459e-04
-2.171455076511689269e-04
-2.213019416997816582e-04
-2.254022438828157788e-04
-2.294474292573756035e-04
-2.334388627827960097e-04
-2.373786408766494140e-04
-2.412688298251799740e-04
-2.451114800127344811e-04
-2.489091917485767181e-04
-2.526645304517379192e-04
-2.563797410587970020e-04
-2.600573683717953685e-04
-2.636998522142874174e-04
-2.673089379962174917e-04
-2.708860871727752050e-04
-2.744321779457816629e-04
-2.779466700750607032e-04
-2.814279143559716891e-04
-2.848732306998257198e-04
-2.882780869712485016e-04
-2.916362305783554653e-04
-2.949400434298674956e-04
-2.981799223555581203e-04
-3.013442699884819227e-04
-3.044200534029935235e-04
-3.073924354962046641e-04
-3.102444845812749475e-04
-3.129579196720407171e-04
-3.155132323615093327e-04
-3.178894260404210056e-04
-3.200647514603401924e-04
-3.220173022516007724e-04
-3.237249530398914770e-04
-3.251658964099325916e-04
-3.263192782357781578e-04
-3.271650190133985783e-04
-3.276838386047417465e-04
-3.278575714208561368e-04
-3.276686457411926486e-04
-3.270994976418376433e-04
-3.261324369529118691e-04
-3.247488331223426813e-04
-3.229279256287474037e-04
-3.206462131313988747e-04
-3.178765449331995068e-04
-3.145869692962618524e-04
-3.107401214159053750e-04
-3.062928706479204049e-04
-3.011959544903891573e-04
-2.953943993983018505e-04
-2.888284583946872596e-04
-2.814344485232026850e-04
-2.731460220772167807e-04
-2.638961276054152300e-04
-2.536185639765948597e-04
-2.422491130254511853e-04
-2.297272788009628846e-04
-2.159974036270248684e-04
-2.010096864605338558e-04
-1.847209198268292944e-04
-1.670951122370609252e-04
-1.481036846999928718e-04
-1.277259975872311389e-04
-1.059495156859742540e-04
-8.276967233135327649e-05
-5.818977510425438188e-05
-3.222074294129507950e-05
-4.880883030280183035e-06
2.380391138916683222e-05
5.380061627802639981e-05
8.506868860868791295e-05
1.175595627821998473e-04
1.512157798649469071e-04
1.859700030628709305e-04
2.217457153338492826e-04
2.584553835281485756e-04
2.960009159061124939e-04
3.342737080665157418e-04
3.731548490094581134e-04
4.125160321096298750e-04
4.522198118592541554e-04
4.921229617105673040e-04
5.320756253360494530e-04
5.719235942377952613e-04
6.115103870375525113e-04
6.506778931732040217e-04
6.892683902062588398e-04
7.271269096890190225e-04
7.641028781618496718e-04
8.000528413340275008e-04
8.348416367549983501e-04
8.683440139067669658e-04
9.004485917198253551e-04
9.310569629709249898e-04
9.600853747835167828e-04
9.874645084632582229e-04
1.013139151672117714e-03
1.037069797533126617e-03
1.059231870094190812e-03
1.079616630746958609e-03
1.098231506327328882e-03
1.115100617677809670e-03
1.130264973244312146e-03
1.143782817005313751e-03
1.155729218115970902e-03
1.166195885452737469e-03
1.175290020293671750e-03
1.183133018264280771e-03
1.189859209157292973e-03
1.195613553597753677e-03
1.200550087753656002e-03
1.204833087766599099e-03
1.208635464355769769e-03
1.212135628925920059e-03
1.215516741836373399e-03
1.218964157496246412e-03
1.222660826909429364e-03
1.226785341024786953e-03
1.231508646604011952e-03
1.236988246258106851e-03
1.243366416015104399e-03
1.250772220774139243e-03
1.259320570773325276e-03
1.269107648825298180e-03
1.280206765784357463e-03
1.292667000253594402e-03
1.306512995784621768e-03
1.321743931092442736e-03
1.338333519917563790e-03
1.356230257548221184e-03
1.375356092001629943e-03
1.395608560820276942e-03
1.416864395911367159e-03
1.438975574757610319e-03
1.461766500417919752e-03
1.485038696175427142e-03
1.508571171536641446e-03
1.532117002229376563e-03
1.555408940595199479e-03
1.578162855709776182e-03
1.600076697983955762e-03
1.620842936295632981e-03
1.640158643776997707e-03
1.657726603512836268e-03
1.673265679304750640e-03
1.686519502555411170e-03
1.697254920864545462e-03
1.705268220683708955e-03
1.710396100784244110e-03
1.712513486228330528e-03
1.711534960316331028e-03
1.707426099756781347e-03
1.700203695975203858e-03
1.689932149444730355e-03
1.676729229508018126e-03
1.660763809488805410e-03
1.642245248405842847e-03
1.621423051812606597e-03
1.598584032664552819e-03
1.574038127600958055e-03
1.548112640994939128e-03
1.521153151960928998e-03
1.493515815536437374e-03
1.465562286028208178e-03
1.437664485448401485e-03
1.410200644478073030e-03
1.383546438211352876e-03
1.358075480309493821e-03
1.334156382492212136e-03
1.312141385655167698e-03
1.292362307692228708e-03
1.275129040619317434e-03
1.260720494079163980e-03
1.249380864032606118e-03
1.241321409262762659e-03
1.236714488376804578e-03
1.235687505299800119e-03
1.238324428839808998e-03
1.244661798371907418e-03
1.254680963347237907e-03
1.268306983049421457e-03
1.285405885699199193e-03
1.305778921538188917e-03
1.329165783020266889e-03
1.355250923669701823e-03
1.383666232995982509e-03
1.413998853781251504e-03
1.445802353463768392e-03
1.478602824256656069e-03
1.511906237711632206e-03
1.545209072563506932e-03
1.578002849298969917e-03
1.609777714144619261e-03
1.640032462928509797e-03
1.668281492357328059e-03
1.694060151867432095e-03
1.716933124834826418e-03
1.736504280970169699e-03
1.752422321253573230e-03
1.764387626454649730e-03
1.772159079955027338e-03
1.775554451078276011e-03
1.774450057994838431e-03
1.768782799507863119e-03
1.758548742963376771e-03
1.743801464019980327e-03
1.724654595497847375e-03
1.701282835069303778e-03
1.673921975895788965e-03
1.642871260095557897e-03
1.608493803492601348e-03
1.571212502923459388e-03
1.531505851669784238e-03
1.489903084259484910e-03
1.446975860418972049e-03
1.403328668517213936e-03
1.359591359263549954e-03
1.316407281775709226e-03
1.274424874053245059e-03
1.234290735516233072e-03
1.196641255243885297e-03
1.162092396670641415e-03
1.131231691339220366e-03
1.104607105244189737e-03
1.082714752719557286e-03
1.065988753429220623e-03
1.054791355879436832e-03
1.049403317817689234e-03
1.050017664917672015e-03
1.056737006806953956e-03
1.069571548702023985e-03
1.088439681417256027e-03
1.113171062331272995e-03
1.143508945245491583e-03
1.179113207847042825e-03
1.219565351081084706e-03
1.264370535428126869e-03
1.312961492747336065e-03
1.364705328342362758e-03
1.418909852477541565e-03
1.474832048406968027e-03
1.531689166616077846e-03
1.588671510033852225e-03
1.644953875294224033e-03
1.699707524925724153e-03
1.752112190629030470e-03
1.801367305464442918e-03
1.846701259168966741e-03
1.887382938415141983e-03
1.922729193722037301e-03
1.952115186280806896e-03
1.974984251828528891e-03
1.990859579364337526e-03
1.999354531594688903e-03
2.000183125061303323e-03
1.993168906877792069e-03
1.978250528618464947e-03
1.955485876261678531e-03
1.925053505188068599e-03
1.887250506246157446e-03
1.842489048111953329e-03
1.791292228920043179e-03
1.734288061240719806e-03
1.672201468747992791e-03
1.605847310990712222e-03
1.536121125367442440e-03
1.463988096164573535e-03
1.390470002497436923e-03
1.316633494622739030e-03
1.243571214988420034e-03
1.172383778321208847e-03
1.104163245257521559e-03
1.039974569995807214e-03
9.808393952559118275e-04
9.277223518225139040e-04
8.815150413973001173e-04
8.430226321559686513e-04
8.129546157912166931e-04
7.919129909539603584e-04
7.803822902873483415e-04
7.787200084305256984e-04
7.871487447672361566e-04
8.057481864934145808e-04
8.344505278175523956e-04
8.730374830906717509e-04
9.211399516170371959e-04
9.782406751928018548e-04
1.043680305751599558e-03
1.116665811636960741e-03
1.196278752457096252e-03
1.281487607393707153e-03
1.371160046215956149e-03
1.464072880031547274e-03
1.558929437586065820e-03
1.654375523678429860e-03
1.749017985265203688e-03
1.841441124201890827e-03
1.930229532368146197e-03
2.013991656714402174e-03
2.091382398999181921e-03
2.161124844537417374e-03
2.222028941187062772e-03
2.273017664515292625e-03
2.313140443793957734e-03
2.341590501692049613e-03
2.357717221955101059e-03
2.361038390191120499e-03
2.351249958022421510e-03
2.328233163400823553e-03
2.292061445316460541e-03
2.243003948324539479e-03
2.181526183625750494e-03
2.108286492271828350e-03
2.024130862948309451e-03
1.930083864791338989e-03
1.827336324942516839e-03
1.717228537750032334e-03
1.601235337417161600e-03
1.480942180065877639e-03
1.358025138431657097e-03
1.234231721106409307e-03
1.111357639444931350e-03
9.912191463425849662e-04
8.756336540519147433e-04
7.663932860532048650e-04
6.652360892396390465e-04
5.738155596376410053e-04
4.936754205077852281e-04
4.262235710447035905e-04
3.727070957379444898e-04
3.341951480370668930e-04
3.115563931672723358e-04
3.054421235239944258e-04
3.162738926656213250e-04
3.442325813860185177e-04
3.892527910033242891e-04
4.510187425452863506e-04
5.289632429936537601e-04
6.222684879652390019e-04
7.298716116707644865e-04
8.504733854751774132e-04
9.825541484042815514e-04
1.124393469600486976e-03
1.274091784169968742e-03
1.429594372177581466e-03
1.588726280916881494e-03
1.749213066880080146e-03
1.908716047748283597e-03
2.064865483897704822e-03
2.215296883109177644e-03
2.357683955776619482e-03
2.489768003606431402e-03
2.609397958012955269e-03
2.714564480204715007e-03
2.803428128926692842e-03
2.874355891091301320e-03
2.925946402878079871e-03
2.957056018755795102e-03
2.966822404902311368e-03
2.954680454521353174e-03
2.920374752332567225e-03
2.863967895999048642e-03
2.785846156284291306e-03
2.686720042550220806e-03
2.567619850958996128e-03
2.429888648478934453e-03
2.275171486367018586e-03
2.105397750070250439e-03
1.922756314326606484e-03
1.729670997223100963e-03
1.528770706201398183e-03
1.322861762756545687e-03
1.114876544606078438e-03
9.078341748556560458e-04
7.048077490493131385e-04
5.088683384555697711e-04
3.230571166891163439e-04
1.503121372840619872e-04
-6.567225503524717710e-06
-1.449430475653400651e-04
-2.623967866806406327e-04
-3.567686555568174724e-04
-4.262034418285923741e-04
-4.691818573476532047e-04
-4.845414461100302182e-04
-4.715127846127551326e-04
-4.297288572028349078e-04
-3.592373637649530992e-04
-2.605094382331511792e-04
-1.344380404680879085e-04
1.766751312521054688e-05
1.940934816327409323e-04
3.927362347604058598e-04
6.111161168054868136e-04
8.464183716842773632e-04
1.095525858452723591e-03
1.355046870139432237e-03
1.621366517408310377e-03
1.890692506312258853e-03
2.159116521661732895e-03
2.422678273605491719e-03
2.677408483338535473e-03
2.919374526276073255e-03
3.144749558190159961e-03
3.349884208836691885e-03
3.531351912204437702e-03
3.686001091889658590e-03
3.811013474654944069e-03
3.903945927309818587e-03
3.962784403038715694e-03
3.985982159585146206e-03
3.972491126802075653e-03
3.921784904792527567e-03
3.833871279520897294e-03
3.709303551942651905e-03
3.549184939005161753e-03
3.355160455820523080e-03
3.129399999666709377e-03
2.874575544113949083e-03
2.593841317061175867e-03
2.290797719309527539e-03
1.969445714645734306e-03
1.634148083568539222e-03
1.289564693051220351e-03
9.406002022693522955e-04
5.923206075627611899e-04
2.498693476178114915e-04
-8.157645796364334601e-05
-3.969376685007540320e-04
-6.912435889240745686e-04
-9.597120984437557947e-04
-1.197862558035076540e-03
-1.401582328025517948e-03
-1.567191702598801084e-03
-1.691509625790737917e-03
-1.771878656261459406e-03
-1.806242135509579906e-03
-1.793181810961259328e-03
-1.731949871049635404e-03
-1.622498285513747189e-03
-1.465484829523482860e-03
-1.262278110599683199e-03
-1.014940338290136771e-03
-7.262177084574284944e-04
-3.995192683688914893e-04
-3.885761440525300375e-05
3.511613502895472136e-04
7.654133605254620758e-04
1.198300029927805476e-03
1.643785693926379720e-03
2.095529456742191866e-03
2.547007075723852106e-03
2.991564878538499270e-03
3.422486266132329473e-03
3.833109480130083603e-03
4.216948669430702588e-03
4.567804984746045086e-03
4.879850625423021344e-03
5.147720804973556288e-03
5.366597362060211533e-03
5.532294210789051245e-03
5.641319273071953612e-03
5.690952967576419150e-03
5.679293893031168300e-03
5.605313696479988922e-03
5.468895472184842101e-03
5.270836192430791885e-03
5.012839223814219598e-03
4.697496752084313019e-03
4.328260814958706862e-03
3.909434964143082905e-03
3.446152090857510820e-03
2.944322056573077037e-03
2.410530325446969425e-03
1.851965824256178407e-03
1.276338360473167500e-03
6.918058624576524764e-04
1.068479313195180755e-04
-4.699464187494086865e-04
-1.029924687163044335e-03
-1.564443656668143253e-03
-2.065054765680613292e-03
-2.523695498020601599e-03
-2.932806148946206972e-03
-3.285350216769145851e-03
-3.575033383234038284e-03
-3.796352244561785553e-03
-3.944676726071715163e-03
-4.016389088302467318e-03
-4.008943856558211567e-03
-3.920915937662258245e-03
-3.752029799641133298e-03
-3.503172244722613411e-03
-3.176401252668530767e-03
-2.774940253548060631e-03
-2.303153290088384795e-03
-1.766511106457486395e-03
-1.171542812594426235e-03
-5.257811964731660915e-04
1.622510163374202698e-04
8.832881112256827207e-04
1.627401598715480947e-03
2.384086600623012801e-03
3.142301265479098462e-03
3.890874605963961629e-03
4.618484644353092541e-03
5.313837310522757755e-03
5.965995451822107484e-03
6.564440620014335391e-03
7.099246919907056808e-03
7.561246161921965185e-03
7.942218630489460141e-03
8.235024799067191398e-03
8.433718388521957432e-03
8.533616128993375821e-03
8.531391268151807331e-03
8.425168468245406231e-03
8.214580400882838182e-03
7.900744561006752681e-03
7.486238837781464955e-03
6.975102231235147734e-03
6.372824520557313424e-03
5.686301790891601718e-03
4.923775962879634559e-03
4.094786672818097675e-03
3.210077467113284233e-03
2.281443948190274747e-03
1.321565387453758119e-03
3.439460614539390816e-04
-6.371891168253963900e-04
-1.607324565170288209e-03
-2.551982460914014803e-03
-3.456508650342537698e-03
-4.306503728118897360e-03
-5.088214281099401326e-03
-5.788723247820821115e-03
-6.396079961940340577e-03
-6.899497383773917254e-03
-7.289576454445301570e-03
-7.558421561149562644e-03
-7.699822864963370289e-03
-7.709367808596595019e-03
-7.584504035333049579e-03
-7.324574832165603282e-03
-6.930845298111524763e-03
-6.406477489051308830e-03
-5.756494897742651939e-03
-4.987795230923935952e-03
-4.109074383286171785e-03
-3.130786986407671675e-03
-2.065113375297711242e-03
-9.258351361117192957e-04
2.718604271332218203e-04
1.511487814257942049e-03
2.775468376262815295e-03
4.045469429595017867e-03
5.302570391635470955e-03
6.527615509976194587e-03
7.701526060261290954e-03
8.805501162541374757e-03
9.821488674279262379e-03
1.073249079890805854e-02
1.152305465387699554e-02
1.217925388344764590e-02
1.268911325873046600e-02
1.304271717815136053e-02
1.323232860012294246e-02
1.325250170230462057e-02
1.310017420223754531e-02
1.277470088637764137e-02
1.227780044220741149e-02
1.161347812201483747e-02
1.078798188879926366e-02
9.809839958306729862e-03
8.689839147319583165e-03
7.440980047464774115e-03
6.078389542931886963e-03
4.619181624648812691e-03
3.082308962967056538e-03
1.488423420583950265e-03
-1.402162145242403862e-04
-1.779795644051652970e-03
-3.405572807865213034e-03
-4.993031120748755818e-03
-6.516850604243388211e-03
-7.952621470329305012e-03
-9.276745625411217042e-03
-1.046684610970138353e-02
-1.150243248522747272e-02
-1.236529202381025060e-02
-1.303973607966269974e-02
-1.351281202152538295e-02
-1.377453962207883520e-02
-1.381799847752794054e-02
-1.363937760305835613e-02
-1.323786094927036430e-02
-1.261556467687559649e-02
-1.177745916786101035e-02
-1.073137749399869639e-02
-9.487909510446765685e-03
-8.060394316763839356e-03
-6.464909323752306668e-03
-4.720314964981443470e-03
-2.848175215873940350e-03
-8.726849949728011794e-04
1.179431318526723543e-03
3.279331672177196629e-03
5.395270785987887376e-03
7.495279264690783705e-03
9.546948601659686895e-03
1.151697941398334771e-02
1.337234333879048880e-02
1.508148847413504946e-02
1.661549993633314876e-02
1.794797602080925800e-02
1.905569031365865820e-02
1.991917825825728280e-02
2.052283308260099970e-02
2.085507145450609529e-02
2.090836245321232856e-02
2.067909495623525273e-02
2.016736985050887263e-02
1.937685271660281178e-02
1.831446271140401566e-02
1.699026496733921365e-02
1.541734140715159650e-02
1.361175549503934774e-02
1.159263055548096291e-02
9.382546200846639955e-03
7.007574531667592685e-03
4.497197745494862543e-03
1.883967946819695843e-03
-7.971322737738819122e-04
-3.506588718895253375e-03
-6.201612947465230848e-03
-8.839574044356276680e-03
-1.137700155614320210e-02
-1.377040331190765472e-02
-1.597769325500761686e-02
-1.795998830365591950e-02
-1.968257579259525755e-02
-2.111502652697837615e-02
-2.223248600681974885e-02
-2.301564350790132746e-02
-2.345083851588590854e-02
-2.352975622020403793e-02
-2.324901756998031671e-02
-2.261005173166684770e-02
-2.161837737923328479e-02
-2.028302012464678131e-02
-1.861638791179245564e-02
-1.663433180094603739e-02
-1.435607410888591062e-02
-1.180419292173917785e-02
-9.005026659312253406e-03
-5.989471439024806644e-03
-2.793466797511020422e-03
5.416056103430610469e-04
3.969343708846557149e-03
7.437826121174185949e-03
1.089042225670419292e-02
1.427077329063338416e-02
1.751923608235886679e-02
2.057587550789113581e-02
2.338458255601470748e-02
2.589454890355292332e-02
2.806002821132736261e-02
2.984318888383308277e-02
3.121455341732833066e-02
3.215347964553938453e-02
3.264747186622235509e-02
3.269153449074017892e-02
3.228687460822688565e-02
3.143988081121486255e-02
3.016134546969574323e-02
2.846549620116407137e-02
2.636904631280071257e-02
2.389085018360713811e-02
2.105226516551208724e-02
1.787785823978949723e-02
1.439682579070807392e-02
1.064398164481546866e-02
6.661307195956777706e-03
2.497237449334139582e-03
-1.794093735084485546e-03
-6.150404353966768163e-03
-1.050144811904045287e-02
-1.477082904742308030e-02
-1.887873829864952432e-02
-2.274491549465585891e-02
-2.629330705952295094e-02
-2.945547887452115016e-02
-3.216970259371196988e-02
-3.438592709582413004e-02
-3.606849177720119343e-02
-3.719513939190890323e-02
-3.775588967324127604e-02
-3.775151411123551376e-02
-3.719110802943584315e-02
-3.608957894816621631e-02
-3.446556620483733069e-02
-3.233930398726849592e-02
-2.973153496239364785e-02
-2.666387124655310997e-02
-2.315986384243438889e-02
-1.924578296581057682e-02
-1.495185733141473662e-02
-1.031501269580269685e-02
-5.382203541879377641e-03
-2.101343035102476735e-04
5.132565519393619650e-03
1.056287919602349849e-02
1.598765454807243511e-02
2.130642166717219843e-02
2.641278201914591325e-02
3.119993281021711529e-02
3.556262334680628662e-02
3.757470619996598066e-02
3.944453262669257720e-02
4.115950977610712685e-02
4.271299464682608987e-02
4.527671170865448652e-02
4.631646435174735510e-02
4.717838449819819480e-02
4.832946952269447094e-02
4.877499675398819234e-02
4.853366159615184194e-02
4.762787944597253464e-02
4.609040160759701049e-02
4.395464468668452973e-02
4.125238138106997188e-02
3.801329155238677288e-02
3.426039440848026307e-02
3.002003800865716068e-02
2.531461413073550493e-02
2.016957110483644927e-02
1.462081856994026062e-02
8.721021652738190563e-03
2.535285335028883945e-03
-3.857484313227385869e-03
-1.035781502246748906e-02
-1.686594937790683937e-02
-2.010635071090570089e-02
-2.639733596082358830e-02
-2.945977009620616774e-02
-3.242684621867256145e-02
-3.527318565367580649e-02
-3.798597566124014419e-02
-4.054543895232587403e-02
-4.293713697826707226e-02
-4.514198497222698253e-02
-4.714842469774155331e-02
-4.894391749976420569e-02
-5.052164613475105398e-02
-5.296740623841007106e-02
-5.387449530324003866e-02
-5.497888308452678757e-02
-5.521616819203722937e-02
-5.524450691178428574e-02
-5.465289483126414827e-02
-5.329473841960995217e-02
-5.122431727683445651e-02
-4.850016193048426599e-02
-4.516267129452181117e-02
-4.124963916530238750e-02
-3.678107420833799657e-02
-3.177160428543366472e-02
-2.623615635701475116e-02
-2.019812709797039196e-02
-1.369764143576232031e-02
-6.789948936656281693e-03
4.437182819329126807e-04
7.916794203942536037e-03
1.172394947959580665e-02
1.555617150630782958e-02
2.317336396219819503e-02
2.696773618660964697e-02
3.071305429409678170e-02
3.438434196765405293e-02
3.795414312951433944e-02
4.139769911021147497e-02
4.468963796246858827e-02
4.780621034368866262e-02
4.929953237461655313e-02
5.074018026990707170e-02
5.343241668966176861e-02
5.588553184320811662e-02
5.702491184062450508e-02
5.908956364475133338e-02
6.087745847181733061e-02
6.238452144862197124e-02
6.360686117575577170e-02
6.434107471286733271e-02
6.491777350447844319e-02
6.533728660834579871e-02
6.570312722831109231e-02
6.563510538289356322e-02
6.476774326931146464e-02
6.304310645336257124e-02
6.220287193012257604e-02
6.020680376821882507e-02
5.695517621374013295e-02
5.308069699829666421e-02
4.862178182079211763e-02
4.741898318209174928e-02
4.490955154085807255e-02
3.947140093004298383e-02
3.347955189795770448e-02
2.695026894787588834e-02
2.349139108484765703e-02
1.621705146950376888e-02
8.511802354626811160e-03
4.585375247048841061e-04
-7.840388528318498543e-03
-1.206761135867208748e-02
-1.631902795705152814e-02
-2.056774644590786752e-02
-2.893158553250557014e-02
-3.306094099201924846e-02
-3.711220770274644559e-02
-4.105060648552204955e-02
-4.484990977758432362e-02
-4.669938611983830840e-02
-5.023013477619272388e-02
-5.192598223939962065e-02
-5.513206034952771589e-02
-5.663968790431958555e-02
-5.807738708565502589e-02
-5.944229797602271215e-02
-6.192033889078915609e-02
-6.358564173703715183e-02
-6.506750653804670159e-02
-6.741823877001140719e-02
-6.859047584350796978e-02
-6.943899135638999243e-02
-6.996095527558432448e-02
-7.007221634726498727e-02
-6.943329866706531017e-02
-6.870113628289599428e-02
-6.654972731508537742e-02
-6.361459332063615357e-02
-5.999111435130233955e-02
-5.794352115818686422e-02
-5.339611435717690063e-02
-4.827529115594542813e-02
-4.259807093118146010e-02
-3.636794395662307222e-02
-2.956109663044990954e-02
-2.216682936681426200e-02
-1.423173647450901025e-02
-5.828774106859379960e-03
2.939262447200108319e-03
7.436384106139491169e-03
1.197928239527424991e-02
1.655201780346533813e-02
2.113677843955462377e-02
2.571210636771993283e-02
3.025672292262446272e-02
3.474888140431025424e-02
3.917188989705545216e-02
4.135969801862116740e-02
4.352035328484087778e-02
4.772210523070036930e-02
4.977797305831686836e-02
5.179203169193539319e-02
5.375543959496028451e-02
5.566664896915187594e-02
5.928307491631210069e-02
6.100880479716384169e-02
6.266683738853839891e-02
6.424091208361591698e-02
6.573698985722258026e-02
6.714581835904087637e-02
6.846604845171527787e-02
6.969986222989466018e-02
7.083717121622662427e-02
7.188397216064379425e-02
7.283355817857130321e-02
7.368578142042754575e-02
7.509115428019805250e-02
7.611916002782012636e-02
7.666186316092499231e-02
7.700281566088125473e-02
7.714855065058512373e-02
7.710740143426413062e-02
7.648759487617080854e-02
7.572962465296577406e-02
7.346218137320244257e-02
7.201191363797611322e-02
7.037186016861740612e-02
6.656411007587542672e-02
6.214685642708808050e-02
5.717705563054438500e-02
5.168735330480998813e-02
4.567891321112950431e-02
3.912857732897325608e-02
3.200541586928283555e-02
2.430525255614656571e-02
1.604696311254683733e-02
7.298900977915354256e-03
2.763323968232948933e-03
-1.852224578400980728e-03
-6.521131888938369418e-03
-1.122396475019027048e-02
-1.594083972853779091e-02
-2.065801037509201049e-02
-2.535728710744419162e-02
-3.002351905622930098e-02
-3.463661405646352442e-02
-3.917655545439779896e-02
-4.142586266396710432e-02
-4.364766731331091304e-02
-4.583290738698612976e-02
-4.798122805678174674e-02
-5.008781194594471436e-02
-5.214912939661896923e-02
-5.610483598269309924e-02
-5.800488058600326846e-02
-6.159143644456113731e-02
-6.328106772607042241e-02
-6.488956679654156456e-02
-6.566401954918635320e-02
-6.714438965025874839e-02
-6.785169989652092837e-02
-6.919430494032351164e-02
-7.044000143865623842e-02
-7.158706723166548269e-02
-7.263742299183413575e-02
-7.358295315494373101e-02
-7.443315564378426286e-02
-7.580583022939400839e-02
-7.635525286958247393e-02
-7.715690165210477292e-02
-7.741391965901847638e-02
-7.758130561588386098e-02
-7.765592931568812696e-02
-7.755897730035400672e-02
-7.710916665902917133e-02
-7.658513491070217949e-02
-7.590194068185093790e-02
-7.507660833013535262e-02
-7.302053099769985345e-02
-7.223138748684959642e-02
-7.050577108088439127e-02
-6.859866585319124299e-02
-6.653309552877172128e-02
-6.196991297244180269e-02
-6.136554704283359030e-02
-6.012825380957450422e-02
-5.755781982563463323e-02
-5.204635160631826407e-02
-4.601488621405634000e-02
-3.943644308505006579e-02
-3.769951757762115413e-02
-3.412126049816109619e-02
-2.649871470093668677e-02
-1.825796734467415375e-02
-9.430842464544933815e-03
-4.826128146435202347e-03
4.633217154433741207e-03
1.428354662920216546e-02
1.916653508197587591e-02
2.405184315763990444e-02
2.649091327138254626e-02
2.892273155058900855e-02
3.134129975446368205e-02
3.374652631700260363e-02
3.613312411357980786e-02
3.850013490755438417e-02
4.084670796574147583e-02
4.316859456845348331e-02
4.546406380534306207e-02
4.773118338236094493e-02
4.996458938614272566e-02
5.216301221750614669e-02
5.431828608090973759e-02
5.642740326053283240e-02
5.848159183122252081e-02
6.047715733954178025e-02
6.240814183860595582e-02
6.427003935661226852e-02
6.605778227329141272e-02
6.776676527565181352e-02
6.939243669107504620e-02
7.092963387552253529e-02
7.237462648128310805e-02
7.494756973544411394e-02
7.609800111377212906e-02
7.714777259189907477e-02
7.808971661483481153e-02
7.892413775476331272e-02
7.965121864077696900e-02
8.026954841868513824e-02
8.078597772393550369e-02
8.119507812918051737e-02
8.170248010032329922e-02
8.181646596464968446e-02
8.175867039268479297e-02
8.135470751173962123e-02
8.063280368465161607e-02
7.961726520592460332e-02
7.680834827951937838e-02
7.314666849555748196e-02
6.883666523168606444e-02
6.399584257617979555e-02
5.866019025319437613e-02
5.285946176366141530e-02
4.659325663453388333e-02
3.982083450866175101e-02
3.247827401282161325e-02
2.453556447313106834e-02
1.599122144959815028e-02
6.913484999739548213e-03
2.194912639329348394e-03
-2.609321826600272988e-03
-7.473417247828305181e-03
-1.236706788439109576e-02
-1.726281497809571686e-02
-2.213890134899711495e-02
-2.697271850918408348e-02
-2.937885629582721869e-02
-3.176863262736550481e-02
-3.413923786896844864e-02
-3.649085139160204022e-02
-3.882014618398633987e-02
-4.337983375973657185e-02
-4.507189413510390152e-02
-4.674644776615695385e-02
-5.001574777239210096e-02
-5.162104177141321748e-02
-5.320328708400441642e-02
-5.626043546828920355e-02
-5.775363858091927399e-02
-5.921414476105110042e-02
-6.201759014912653495e-02
-6.466191091862466545e-02
-6.591759801754806802e-02
-6.713046414853410249e-02
-6.829828541274693410e-02
-6.941211952618676906e-02
-7.047717141458161028e-02
-7.148650283949525841e-02
-7.332698277906503359e-02
-7.403438251302420225e-02
-7.531794035577751845e-02
-7.590308408609407198e-02
-7.694473691236426716e-02
-7.782366918335774375e-02
-7.854008528830011548e-02
-7.909906524599862043e-02
-7.949788206777431976e-02
-7.982244518909367703e-02
-7.979915862636963175e-02
-7.948542270974727486e-02
-7.883878662468335463e-02
-7.775069698936987184e-02
-7.499054482622971585e-02
-7.137451262617690306e-02
-6.706226594272235442e-02
-6.218357419529120522e-02
-5.684103965763136201e-02
-5.106464779916839586e-02
-4.483692715303197462e-02
-3.809767343410625645e-02
-3.079096451116347666e-02
-2.285739957118702870e-02
-1.429577266246495788e-02
-5.144546618254751923e-03
-3.759647595038443724e-04
4.494662119462602967e-03
9.426398896753956577e-03
1.439323076472467933e-02
1.936551974279546520e-02
2.432299322783177190e-02
2.679403191676861182e-02
2.925428561295384880e-02
3.169950942077644912e-02
3.412955024835751666e-02
3.654152363242057361e-02
3.893414075788784873e-02
4.362422142464423419e-02
4.820285516595394087e-02
5.045522986036344443e-02
5.266531254906089976e-02
5.691768559503326136e-02
5.897761218054561189e-02
6.098224079169600742e-02
6.291899663608345461e-02
6.478833146982632130e-02
6.658189473809701664e-02
6.829668958395944400e-02
6.992832662174990055e-02
7.146799464411522640e-02
7.424333150610708254e-02
7.550007296889282848e-02
7.665957231414569084e-02
7.771430065339283988e-02
7.866436864844125743e-02
8.023050453159473461e-02
8.086455220220944984e-02
8.139803184607143083e-02
8.213753158323865156e-02
8.247834041899491930e-02
8.251072438905182604e-02
8.245338462826092008e-02
8.206355770936960004e-02
8.174219626042865394e-02
8.086793744192365130e-02
7.970010627205022236e-02
7.660988188704925816e-02
7.373810798430514846e-02
6.931616066206439108e-02
6.434518401045664915e-02
5.893573950421305413e-02
5.310701042974629721e-02
4.685207539794102038e-02
4.011420800248812618e-02
3.283335605765880238e-02
2.495611276788660751e-02
1.648028532436469559e-02
1.201951402911909279e-02
2.731802832850268106e-03
-2.070711744896210505e-03
-6.944884710700176787e-03
-1.186120791280445563e-02
-1.679216119722642953e-02
-2.170849759637660109e-02
-2.658730496154977641e-02
-3.140941520721031444e-02
-3.615886378855287520e-02
-4.081177317164680352e-02
-4.311492052405407199e-02
-4.759430213255613773e-02
-4.978468329282842442e-02
-5.401045695115860162e-02
-5.606163464923997336e-02
-5.806014333874100902e-02
-5.999342168686513238e-02
-6.093411189413368290e-02
-6.276733510439862218e-02
-6.451945098714489957e-02
-6.619829405050851878e-02
-6.928659024391836674e-02
-7.070522208259104324e-02
-7.203563421282106749e-02
-7.326249635849396702e-02
-7.439560902214135962e-02
-7.517604625947033048e-02
-7.590108875565500235e-02
-7.656839040831732446e-02
-7.771779778349729995e-02
-7.821113816283356557e-02
-7.901607381431287325e-02
-7.959541421042691522e-02
-7.995263764952552366e-02
-8.009561197842135494e-02
-7.974702561407777390e-02
-7.909962379844388825e-02
-7.814535898304179884e-02
-7.542082602111203904e-02
-7.179769946737518671e-02
-6.746574107358115080e-02
-6.254657054608502020e-02
-5.715583239883360173e-02
-5.133504369387962424e-02
-4.509179678478626024e-02
-3.835844920429308524e-02
-3.107689480217133704e-02
-2.320049370920403836e-02
-1.471257338905911961e-02
-5.642598402387714700e-03
-9.092509107174590304e-04
8.805062437521785079e-03
1.376717525218173338e-02
1.875031659794865191e-02
2.125019940963428916e-02
2.374151128387981882e-02
2.622232479646947195e-02
3.113329936252353519e-02
3.357307347815699505e-02
3.599565224370304684e-02
4.075630459492397828e-02
4.311126155748983002e-02
4.543845418111273904e-02
4.772865077051910432e-02
5.219190816192351839e-02
5.436003711160713320e-02
5.648122121503348220e-02
5.855185309404217081e-02
6.056206168558047470e-02
6.250936919500942046e-02
6.438856798345531096e-02
6.619397855048593515e-02
6.792337066104928156e-02
6.956813999446023744e-02
7.112694378656075900e-02
7.259560373585145776e-02
7.396879013807168557e-02
7.524775755530956067e-02
7.642501637711687779e-02
7.845414559339100591e-02
8.007681279885153769e-02
8.074493245787582596e-02
8.130942141930491696e-02
8.211536634270347190e-02
8.237334512186277047e-02
8.253450558673439130e-02
8.256088334729246025e-02
8.222673654166867685e-02
8.156107156788627854e-02
8.058968519155114418e-02
7.933882793162159996e-02
7.609327842095695016e-02
7.415918680870996205e-02
6.977317760100575084e-02
6.481073839292765537e-02
5.937043096267315828e-02
5.351610378867120710e-02
4.724741718836490689e-02
4.050846020730388547e-02
3.324625722384177279e-02
2.542427586992064906e-02
1.701724010664408884e-02
8.052122726333071911e-03
3.378391039119588331e-03
-1.397934906287991033e-03
-6.250870380841950374e-03
-1.115458514660512893e-02
-1.608286534595216102e-02
-2.100884079505338509e-02
-2.347124726206664680e-02
-2.834525431301888193e-02
-3.077014088872204872e-02
-3.317786390976174005e-02
-3.556245226474782917e-02
-4.024576339807826864e-02
-4.255235931939160832e-02
-4.482741612990562979e-02
-4.707040935933639453e-02
-4.927316327156486958e-02
-5.351738833351767088e-02
-5.557972691749821226e-02
-5.758864883803194168e-02
-5.953313981647891800e-02
-6.321366182505676334e-02
-6.494528748087263770e-02
-6.659285409708216863e-02
-6.961707717532848727e-02
-7.100433792767774088e-02
-7.230142974147225898e-02
-7.349837775488148039e-02
-7.459218992098064216e-02
-7.559136378318970229e-02
-7.648019214874360316e-02
-7.794798729190524633e-02
-7.902281655925665060e-02
-7.969128196658323282e-02
-7.988232019473623380e-02
-7.997990849929961787e-02
-7.989308823780030822e-02
-7.972075077242461727e-02
-7.913154144109001142e-02
-7.871554093873546487e-02
-7.823549998098905389e-02
-7.704709431874028069e-02
-7.393991793389340095e-02
-7.206612024604558409e-02
-6.779285930636147484e-02
-6.291474637655317115e-02
-5.754536335353957477e-02
-5.172760294342414883e-02
-4.546673207254186416e-02
-3.873909662546473620e-02
-3.147699952137934104e-02
-2.363240827468165647e-02
-1.517693768498587850e-02
-1.072636079886861438e-02
-6.128409597099767660e-03
-1.411770681642726113e-03
8.273627026709961044e-03
1.812199023705305875e-02
2.310050283943004129e-02
2.805762651177723388e-02
3.296461874210850768e-02
3.540409678558814610e-02
3.782506498058809535e-02
4.257211495907690241e-02
4.491380231699294151e-02
4.722273746583702941e-02
5.170131932543064329e-02
5.389301778102643242e-02
5.810859104795995655e-02
6.014383586512055124e-02
6.114357450742843175e-02
6.308170715336823553e-02
6.402342220854628785e-02
6.585596526187065258e-02
6.760259775773733160e-02
6.927199003255729570e-02
7.085445946569139675e-02
7.234335325326197996e-02
7.374134262210599311e-02
7.503902173956883415e-02
7.623998530951103803e-02
7.733746970134221244e-02
7.833131517244905362e-02
7.922133817902111963e-02
8.000484764831397588e-02
8.124354427817376267e-02
8.171721912721899295e-02
8.209352354379419181e-02
8.236827253083371658e-02
8.254845577388379707e-02
8.261336950501088627e-02
8.251527593719101827e-02
8.205682711490958070e-02
8.127803640148659192e-02
7.884425490500134026e-02
7.725890277912944581e-02
7.447840672696802444e-02
7.013621398668075380e-02
6.522580653669542150e-02
5.981949492694368237e-02
5.395700916415867299e-02
4.766050505716313418e-02
4.091085351612224613e-02
3.364777170134441997e-02
2.581661867255456363e-02
1.740386663511741747e-02
8.453979535968578901e-03
3.798552968874926647e-03
-9.569139043748424748e-04
-1.062163456364388463e-02
-1.552219233141461166e-02
-2.042440190885259216e-02
-2.288081092844786515e-02
-2.774655502917006480e-02
-3.257322774729401460e-02
-3.496652931111442902e-02
-3.965494781233173949e-02
-4.424572418428501103e-02
-4.870197697334096437e-02
-5.088331242211890926e-02
-5.302000904978758367e-02
-5.510284741333548036e-02
-5.713207984667138112e-02
-5.909896703462721307e-02
-6.100115230489499413e-02
-6.283334765632823948e-02
-6.458846603822547550e-02
-6.626487126604879707e-02
-6.933243531250232738e-02
-7.074893576267160533e-02
-7.207376516693021762e-02
-7.329810369070553777e-02
-7.543041288175389436e-02
-7.634821374846699482e-02
-7.716092792865834882e-02
-7.846387144764811750e-02
-7.936003441013708692e-02
-7.967188889564455478e-02
-7.999067465310635838e-02
-7.994685295026449090e-02
-7.955794259648468758e-02
-7.905221026062483891e-02
-7.837709085694119504e-02
-7.654509462564515476e-02
-7.327432534651388829e-02
-6.921997564587548113e-02
-6.454327109923876926e-02
-6.328773967319234472e-02
-6.068911624139442657e-02
-5.513419659888101759e-02
-4.912611102856632300e-02
-4.265836287324267090e-02
-3.923985878398698196e-02
-3.197923050368600695e-02
-2.412536525739882379e-02
-1.567859507562892676e-02
-6.667301286925063179e-03
2.807293465496295357e-03
7.693766895494634495e-03
1.263524257964499485e-02
1.760228127014012642e-02
2.256805526982334428e-02
2.505044530841851400e-02
2.752512909014404041e-02
3.242217887979392116e-02
3.486019660235228912e-02
3.728158283110537957e-02
3.968144621617047951e-02
4.205683927286775481e-02
4.440270594932866494e-02
4.671613716205608169e-02
4.899474925790740093e-02
5.123405601190233333e-02
5.343114732892180474e-02
5.558193470885722937e-02
5.767987773801515339e-02
5.972097487235012575e-02
6.169948209144644757e-02
6.361224548057932415e-02
6.545456470452734599e-02
6.722149501297895735e-02
6.890865334885561133e-02
7.050986203483050607e-02
7.202110387163641880e-02
7.343841469140663381e-02
7.595562108319497963e-02
7.807579068485809293e-02
7.899515752520341882e-02
7.980811323659130208e-02
8.051448293542511070e-02
8.111532839711209364e-02
8.161222800253840892e-02
8.200756187557571575e-02
8.230210435731842578e-02
8.249691885495666344e-02
8.259650036842612619e-02
8.250705712829586869e-02
8.207059784458048401e-02
8.131322556226873444e-02
8.025931523226477460e-02
7.893793612922081482e-02
7.559552240893616104e-02
7.463656634591750438e-02
7.258114955588940154e-02
6.798854284612926291e-02
6.286004951642913674e-02
5.727933843080633414e-02
5.432859041704712899e-02
4.808234296548454662e-02
4.135865133764198703e-02
3.412144138140719984e-02
2.632451916259350572e-02
1.794444424760635592e-02
9.013372157883723854e-03
4.353879271387079211e-03
-4.114639688994119150e-04
-5.254577920218902673e-03
-1.014707926974772918e-02
-1.506275122880751903e-02
-1.997679230476754816e-02
-2.487235881895285758e-02
-2.970749705413059522e-02
-3.449103124438285262e-02
-3.919772481602562531e-02
-4.378104536498260424e-02
-4.604822479469081881e-02
-4.828140703795037042e-02
-5.046755553100656932e-02
-5.467767247259346791e-02
-5.671801164947099655e-02
-5.870482713519631357e-02
-6.062577710981682105e-02
-6.247440316604239291e-02
-6.592617226039605705e-02
-6.753939832074468130e-02
-6.907028450965187194e-02
-6.980174197098129585e-02
-7.118998803554119070e-02
-7.248273754430810401e-02
-7.367369240185853152e-02
-7.450457089782429321e-02
-7.527645111567166092e-02
-7.599136822285136594e-02
-7.723326061247551277e-02
-7.824500374475339137e-02
-7.902527905377326745e-02
-7.957896354357518742e-02
-7.991258579405458029e-02
-8.003472628233464226e-02
-7.995311181758021912e-02
-7.967504709303221966e-02
-7.921192084134114075e-02
-7.845298104362677383e-02
-7.747986106190343780e-02
-7.494784915908007938e-02
-7.319894341036460583e-02
-6.912850350285604240e-02
-6.442943229997576127e-02
-6.348735051839268784e-02
-6.155525086295609433e-02
-5.749232161102271060e-02
-5.169321056496907485e-02
-4.544609397396758010e-02
-3.957435314894989370e-02
-3.233872325862510028e-02
-2.451140159287796064e-02
-1.606641863974309428e-02
-7.040530227140654081e-03
-2.329754927511765161e-03
2.484476992300485489e-03
7.375948954428066320e-03
1.231441683100696974e-02
1.727503391930711868e-02
2.223518562581729488e-02
2.717130660628110789e-02
3.206576451821253199e-02
3.450039314315652555e-02
3.691766484044630564e-02
3.931201281926557239e-02
4.168292481409703598e-02
4.631811322142233289e-02
4.860513049215445247e-02
5.085881999959635663e-02
5.306791718245672251e-02
5.523153857550193446e-02
5.734407200073712851e-02
5.940105877682648472e-02
6.140165304180388722e-02
6.333365297768354940e-02
6.519605038565541577e-02
6.698126291481537598e-02
7.027746556988012649e-02
7.181173699927655141e-02
7.325394366153223369e-02
7.459682110088182438e-02
7.583965988953575432e-02
7.698125516072015784e-02
7.801833349991388333e-02
7.895359001987825587e-02
7.978039620709465041e-02
8.110956333151450592e-02
8.162719452569544565e-02
8.204165115791485496e-02
8.255490547461347139e-02
8.266881228676543902e-02
8.269182745030576043e-02
8.245042196109078625e-02
8.220508835822362692e-02
8.146330731854156681e-02
8.042416975344629515e-02
7.755562688189036880e-02
7.481741140082534547e-02
7.053517002056766683e-02
6.567605241127641436e-02
6.034704259112499969e-02
5.458729966135281164e-02
4.838985728187943092e-02
4.171586493870997614e-02
3.451436984913100470e-02
2.673542338588776393e-02
1.836953052901595801e-02
9.444180329412866712e-03
4.783900612447368646e-03
1.480145748448268597e-05
-4.832570042814459885e-03
-9.726595650682089145e-03
-1.464159247318026942e-02
-1.955618106918554852e-02
-2.201372849382463026e-02
-2.688507389673856426e-02
-2.931059151024740725e-02
-3.172252374273826225e-02
-3.411393231599256504e-02
-3.881548361057753777e-02
-4.113393464809832201e-02
-4.567444719116784541e-02
-4.789638926157512716e-02
-5.007679339798319640e-02
-5.221649193934435607e-02
-5.430684042869237532e-02
-5.830635391569858467e-02
-6.204982284381505009e-02
-6.552567333152728435e-02
-6.715857768927334381e-02
-6.869907081207220212e-02
-7.150736433294135885e-02
-7.246653635838476437e-02
-7.420264845564064626e-02
-7.499813391832430010e-02
-7.639658880274691199e-02
-7.701609160530931142e-02
-7.806989857224487517e-02
-7.888927695342304314e-02
-7.948617862282279789e-02
-7.985418033323385401e-02
-8.001029273069799885e-02
-7.995665137833095348e-02
-7.970282920009216787e-02
-7.863366561395998544e-02
-7.851314986912523441e-02
-7.826261627774611096e-02
-7.771325477320870090e-02
-7.640730619464543294e-02
-7.309543096342700774e-02
-6.900285223238118715e-02
-6.429748104261338859e-02
-6.367081504187273311e-02
-6.240000057784217402e-02
-5.977015459104963874e-02
-5.416884492654441829e-02
-4.812585286122234018e-02
-4.161994965246249706e-02
-3.991721623576938160e-02
-3.640692111597946395e-02
-2.895517018327593492e-02
-2.089509458584698845e-02
-1.221500429205060051e-02
-7.643538604209843684e-03
-2.937505717096010587e-03
1.879453716300157539e-03
6.773440346004863145e-03
1.172131019462406554e-02
1.669810394853149874e-02
2.168173183310686050e-02
2.664016779827169459e-02
2.910926607137712813e-02
3.156383841182177491e-02
3.400171522951953018e-02
3.642048825563391073e-02
3.881910763242904516e-02
4.119429374142771078e-02
4.584118927862371184e-02
4.813160344763778992e-02
5.038980754406523210e-02
5.260565659772058200e-02
5.477738425201690575e-02
5.690019881001694146e-02
5.896625494605309964e-02
6.097504074146176817e-02
6.291430401604676537e-02
6.478557567697912356e-02
6.658250246094951641e-02
6.830048378580706736e-02
6.993695722018238026e-02
7.148461577124515243e-02
7.294259770521548114e-02
7.554446056448108071e-02
7.671074503466550343e-02
7.777614290511367101e-02
7.873408837296255736e-02
7.958705395296000740e-02
8.033290495511294371e-02
8.097173308494620692e-02
8.150846917592333152e-02
8.193964838773457049e-02
8.227081801989594156e-02
8.250213663129882247e-02
8.263361759060360023e-02
8.267205677583647216e-02
8.246435677853362900e-02
8.192254351869195095e-02
8.106790135298337641e-02
7.992373820834811071e-02
7.685184230929949234e-02
7.498946401945860707e-02
7.073305527100787193e-02
6.589096608703026714e-02
6.056347832886176813e-02
5.481188733759696091e-02
4.864391138571394491e-02
4.201155607404460229e-02
3.485603848522472736e-02
2.712819805008245475e-02
1.880782205338126650e-02
1.442448241968670268e-02
5.272414900106366618e-03
5.172599461567082679e-04
-4.323016816600661061e-03
-9.219740638047322148e-03
-1.414330549072159715e-02
-1.906645977290016489e-02
-2.396555329742718066e-02
-2.881714936636433494e-02
-3.123247691857171035e-02
-3.598580066632623559e-02
-3.834106383097764248e-02
-4.067344174087358932e-02
-4.522329469322321216e-02
-4.745733237053888220e-02
-5.178182975029427954e-02
-5.388726583189368258e-02
-5.792604983712435623e-02
-5.985896991471986728e-02
-6.172848715773045225e-02
-6.352596226623943854e-02
-6.524629367365546162e-02
-6.688988307953304402e-02
-6.844578094608469443e-02
-6.991590015551485404e-02
-7.129197151240941610e-02
-7.257082549260174265e-02
-7.375138139784916114e-02
-7.483235278321447026e-02
-7.581205039650427968e-02
-7.669195541803938698e-02
-7.746831295898132241e-02
-7.869805956653298795e-02
-7.953014726975909943e-02
-7.996939088396169681e-02
-8.003003503230694815e-02
-7.973742801277447501e-02
-7.866566307651630396e-02
-7.624201308087955042e-02
-7.287014690582663268e-02
-6.872658224685966599e-02
-6.396288864343713243e-02
-5.869127965812031417e-02
-5.298994944410290175e-02
-4.685518859753601273e-02
-4.024968902877628513e-02
-3.311405541210398623e-02
-2.540240422256764483e-02
-1.707375885571920868e-02
-8.154400620233355143e-03
-3.487539725374578983e-03
1.293111158833721783e-03
6.165807905879246327e-03
1.109980995931322649e-02
1.606618119408858431e-02
2.104123514444816365e-02
2.599208183216245027e-02
3.090274681411489532e-02
3.334722598540602184e-02
3.577555400999953700e-02
4.054201136595318722e-02
4.290003874931933026e-02
4.523065389099773653e-02
4.752674404309914502e-02
4.978719384851007512e-02
5.200638601091474994e-02
5.418115336416314681e-02
5.630881312122355126e-02
5.838053973823401077e-02
6.039643594586775049e-02
6.234910102748127125e-02
6.601721795283681249e-02
6.775440113010834653e-02
6.941038927682514903e-02
7.097624870505934991e-02
7.244922264723256677e-02
7.382789649346881145e-02
7.510849152948445573e-02
7.629321334420142986e-02
7.737398872219231061e-02
7.835413627479605181e-02
7.923073755651247052e-02
8.000103977924703791e-02
8.066961623980811735e-02
8.123099612200491981e-02
8.203886318853922943e-02
8.229862772838431040e-02
8.246363408626621039e-02
8.249974500107072617e-02
8.218022670003509444e-02
8.152642723744650544e-02
8.056621486452335279e-02
7.932893201232044111e-02
7.611611681554955600e-02
7.518174052818156483e-02
7.316769193736928634e-02
6.864644491198632070e-02
6.358480759743379007e-02
5.807424482621562772e-02
5.516017710710856975e-02
4.900481568258922144e-02
4.238564598030627323e-02
3.525831939730790510e-02
2.757835455997569712e-02
1.931397590890680804e-02
1.047595706599505246e-02
1.158331369532595353e-03
-3.655553673113402010e-03
-8.531303851584551637e-03
-1.344094624627156787e-02
-1.836132131526790889e-02
-2.326780514469532074e-02
-2.813611726005525726e-02
-3.056160614076038409e-02
-3.297086954387400820e-02
-3.535954924551129586e-02
-3.772453064251111293e-02
-4.006448686794990971e-02
-4.463199885611366519e-02
-4.687753319726206680e-02
-5.123969615833046803e-02
-5.540054965500417622e-02
-5.935450596288700809e-02
-6.304438278200896750e-02
-6.479157418355452336e-02
-6.646223110686368118e-02
-6.804381461271422071e-02
-6.953846192402188264e-02
-7.093973177858861612e-02
-7.224105100442708427e-02
-7.455834620014624436e-02
-7.556006211969647224e-02
-7.646259194701617024e-02
-7.726609084980246012e-02
-7.796166153987603431e-02
-7.855921746251413873e-02
-7.905050913385198996e-02
-7.973317208244284915e-02
-7.992719443540947932e-02
-8.002076534933266760e-02
-7.993590100553098210e-02
-7.872175191594028842e-02
-7.769197923036542941e-02
-7.484889103838904267e-02
-7.309050163736809103e-02
-6.901095187396633079e-02
-6.429563887751310602e-02
-5.906528145961470466e-02
-5.337613246877510875e-02
-4.725244543449004520e-02
-4.065501719945967957e-02
-3.355336197690250710e-02
-2.587396673395818067e-02
-1.758594513574275597e-02
-8.694953625404261421e-03
6.948919725520048569e-04
5.555425188480829155e-03
1.538981940199609863e-02
2.036800435283088115e-02
2.533391757063060273e-02
3.025837903090987380e-02
3.270855726040761136e-02
3.513806059107703328e-02
3.754939234274481258e-02
4.227241585724309664e-02
4.460857942337855681e-02
4.691655094042518348e-02
4.918945228821052645e-02
5.142374673665922602e-02
5.361581902791435345e-02
5.576012433741788649e-02
5.785476116339661329e-02
5.989045405195692062e-02
6.186613222533510897e-02
6.377254649837302281e-02
6.560451373974074407e-02
6.735831879457483684e-02
6.902914846210569944e-02
7.061500082058695671e-02
7.211121199750204769e-02
7.351569372671799829e-02
7.482342057865246088e-02
7.603277699270982737e-02
7.714014526721120479e-02
7.814510180735943778e-02
7.904586534907750983e-02
7.984213787221858261e-02
8.053431249518307189e-02
8.112208910094188818e-02
8.160717401418292327e-02
8.199018336192663570e-02
8.227356804735568019e-02
8.245926637141889892e-02
8.255067043887265310e-02
8.245263564364656295e-02
8.201243600364782615e-02
8.017420978419281807e-02
7.884902630693879644e-02
7.549332192800192742e-02
7.135423457490386312e-02
6.658861595411197376e-02
6.130938329432451817e-02
5.558713537002311911e-02
4.944192006709959702e-02
4.285382701298012104e-02
3.575961032456255462e-02
2.810428364266120624e-02
1.986749180312099086e-02
1.553366901604498994e-02
6.485476077046008030e-03
1.782562122806384975e-03
-3.011204721918225684e-03
-7.870379945049547563e-03
-1.276584606225225106e-02
-1.767281076983293411e-02
-2.012937271278223902e-02
-2.500791598077444639e-02
-2.744046235790018398e-02
-2.986273869885531021e-02
-3.463604181704113549e-02
-3.933251558929776875e-02
-4.279961497691738698e-02
-4.619619784778601634e-02
-4.951082759162354907e-02
-5.113841048099471848e-02
-5.429957723242813394e-02
-6.019091756103275154e-02
-6.383012598322569675e-02
-6.554583264674068710e-02
-6.717696963262669019e-02
-6.872004230701288241e-02
-7.016743850324923260e-02
-7.152207706768720641e-02
-7.277710875845296024e-02
-7.351242042705899427e-02
-7.421000573673208756e-02
-7.547518472756603591e-02
-7.750023646943229871e-02
-7.814884297861247886e-02
-7.913404569558481205e-02
-7.948254467449139549e-02
-7.987706809665787167e-02
-7.989713079387239514e-02
-7.956832879986541762e-02
-7.880233580162647467e-02
-7.654224539593804111e-02
-7.330198984593373768e-02
-6.928681747312945283e-02
-6.463413239171714175e-02
-5.945348304038226145e-02
-5.382338435568999324e-02
-4.774955010725507459e-02
-4.120737531917612051e-02
-3.413368558316876022e-02
-2.648177204087813832e-02
-1.821942096223000060e-02
-9.369270735514084389e-03
-5.516154043556991145e-06
4.838410572970788456e-03
1.465118360769837591e-02
1.961764170764906598e-02
2.458231484222364593e-02
2.706273973756696816e-02
2.953299962680426202e-02
3.198858890007964806e-02
3.682720750466295795e-02
4.158056961975224730e-02
4.392840483941343882e-02
4.624540118565661356e-02
4.852623209745631633e-02
5.076841337639735607e-02
5.296753341484857630e-02
5.512103290866854355e-02
5.722205079229625291e-02
5.926853653844176700e-02
6.125436528136667114e-02
6.317551360549350514e-02
6.502658352291013077e-02
6.680188202353676274e-02
6.849880397217272820e-02
7.010989523759177111e-02
7.163486328268908743e-02
7.306714064057963365e-02
7.440485656559978067e-02
7.564445821973425632e-02
7.678285225983501328e-02
7.781943807914747102e-02
7.875110746209409984e-02
7.958056103058461228e-02
8.030510072565218149e-02
8.143146393548261752e-02
8.184824956752276282e-02
8.216628038255323341e-02
8.249613841811183346e-02
8.252600732255736815e-02
8.230934396987758805e-02
8.175122280627163118e-02
8.088152738825428456e-02
7.829320900937175587e-02
7.574297321221856727e-02
7.165978437629294540e-02
6.694760178981351562e-02
6.172264927705731902e-02
5.604727663735537685e-02
4.993432226690541070e-02
4.337577393512699608e-02
3.632219097658299922e-02
2.872125010665226713e-02
2.054754395438623468e-02
1.180700531424616617e-02
7.232941838333896770e-03
-2.205192695308250996e-03
-7.049570626605082720e-03
-1.194021911545686820e-02
-1.684918606446775616e-02
-2.175071119846815754e-02
-2.662246619896769390e-02
-2.905223403892483527e-02
-3.146778709356717191e-02
-3.386512053186267746e-02
-3.624269167658818180e-02
-4.089522889180192966e-02
-4.319793423721252773e-02
-4.547409057577540825e-02
-4.770810371707841224e-02
-4.990313936843469855e-02
-5.413850674879532032e-02
-5.618853755768363906e-02
-5.818455556960230868e-02
-6.011298847755505020e-02
-6.197758199647342148e-02
-6.377527568573961025e-02
-6.548471757406894300e-02
-6.710720020911566108e-02
-6.864944391677628432e-02
-7.010186818797614627e-02
-7.145699241240159594e-02
-7.272326214186662641e-02
-7.331198357208060234e-02
-7.388444183534340071e-02
-7.494819219566585533e-02
-7.589860313010723947e-02
-7.750471703100215992e-02
-7.814640101452006993e-02
-7.912999321970802524e-02
-7.947439505922068714e-02
-7.987214337287493193e-02
-7.993306138418357354e-02
-7.977854036971690488e-02
-7.890489201589746815e-02
-7.795733083284853149e-02
-7.525487820498615033e-02
-7.166040990793069720e-02
-6.735096524192711598e-02
-6.497255745482656553e-02
-5.982787092815791685e-02
-5.421850700875021495e-02
-4.816998277632483089e-02
-4.165368914943918394e-02
-3.462132093870212701e-02
-2.701025918205011284e-02
-1.879881539736947757e-02
-9.996121601250951977e-03
-5.388343404871481258e-03
-6.552194344504497529e-04
9.030394158851821201e-03
1.397080955318333838e-02
1.893482302565366662e-02
2.142627006772310216e-02
2.391093039721499044e-02
2.883764261990076627e-02
3.128951441302202374e-02
3.372960458760112384e-02
3.615010839578882557e-02
3.855498811958057992e-02
4.093495905557877068e-02
4.559988250682631833e-02
4.789241613971460115e-02
5.014735778756756329e-02
5.236424388631646942e-02
5.453524979631894226e-02
5.869754267382917834e-02
6.021227987914051782e-02
6.169548327410586536e-02
6.313842834530461468e-02
6.454000364426230874e-02
6.589985770298691092e-02
6.847499486260880119e-02
6.969643971572027363e-02
7.086762519991492149e-02
7.198772626482548287e-02
7.305831553703152903e-02
7.407283871483812121e-02
7.592684855578742120e-02
7.755757057316103875e-02
7.895659687813814942e-02
7.957050466190494775e-02
8.012679467265815259e-02
8.105525537707433670e-02
8.165540030080957468e-02
8.210031349002830381e-02
8.238444955789235580e-02
8.252614646460830483e-02
8.251527993759914803e-02
8.236789484142262308e-02
8.208341339547188531e-02
8.166981020191964313e-02
8.048731267492778563e-02
7.771935044666367087e-02
7.599136413546156432e-02
7.195223144478143928e-02
6.729330160007700179e-02
6.210140580133050037e-02
5.645510632171613086e-02
5.037788925277745383e-02
4.384737739363724768e-02
3.681074565706895368e-02
2.923167871421442077e-02
