0.000000000000000000e+00
1.000000000000000021e-02
2.000000000000000042e-02
2.999999999999999889e-02
4.000000000000000083e-02
5.000000000000000278e-02
6.000000000000000472e-02
7.000000000000000666e-02
8.000000000000000167e-02
8.999999999999999667e-02
9.999999999999999167e-02
1.099999999999999867e-01
1.199999999999999817e-01
1.299999999999999767e-01
1.399999999999999856e-01
1.499999999999999944e-01
1.600000000000000033e-01
1.700000000000000122e-01
1.800000000000000211e-01
1.900000000000000300e-01
2.000000000000000111e-01
2.100000000000000200e-01
2.200000000000000289e-01
2.300000000000000377e-01
2.399999999999999911e-01
2.500000000000000000e-01
2.600000000000000089e-01
2.700000000000000178e-01
2.800000000000000266e-01
2.900000000000000355e-01
3.000000000000000444e-01
3.100000000000000533e-01
3.200000000000000067e-01
3.300000000000000155e-01
3.400000000000000244e-01
3.500000000000000333e-01
3.599999999999999867e-01
3.699999999999999956e-01
3.800000000000000044e-01
3.900000000000000133e-01
4.000000000000000222e-01
4.100000000000000311e-01
4.200000000000000400e-01
4.300000000000000488e-01
4.400000000000000022e-01
4.500000000000000111e-01
4.600000000000000200e-01
4.700000000000000289e-01
4.799999999999999822e-01
4.899999999999999911e-01
5.000000000000000000e-01
5.100000000000000089e-01
5.200000000000000178e-01
5.300000000000000266e-01
5.400000000000000355e-01
5.500000000000000444e-01
5.600000000000000533e-01
5.700000000000000622e-01
5.800000000000000711e-01
5.900000000000000799e-01
5.999999999999999778e-01
6.099999999999999867e-01
6.199999999999999956e-01
6.300000000000000044e-01
6.400000000000000133e-01
6.500000000000000222e-01
6.600000000000000311e-01
6.700000000000000400e-01
6.800000000000000488e-01
6.900000000000000577e-01
7.000000000000000666e-01
7.100000000000000755e-01
7.199999999999999734e-01
7.299999999999999822e-01
7.399999999999999911e-01
7.500000000000000000e-01
7.600000000000000089e-01
7.700000000000000178e-01
7.800000000000000266e-01
7.900000000000000355e-01
8.000000000000000444e-01
8.100000000000000533e-01
8.200000000000000622e-01
8.300000000000000711e-01
8.399999999999999689e-01
8.499999999999999778e-01
8.599999999999999867e-01
8.699999999999999956e-01
8.800000000000000044e-01
8.900000000000000133e-01
9.000000000000000222e-01
9.100000000000000311e-01
9.200000000000000400e-01
9.300000000000000488e-01
9.400000000000000577e-01
9.500000000000000666e-01
9.599999999999999645e-01
9.699999999999999734e-01
9.799999999999999822e-01
9.899999999999999911e-01
1.000000000000000000e+00
1.010000000000000009e+00
1.020000000000000018e+00
1.030000000000000027e+00
1.040000000000000036e+00
1.050000000000000044e+00
1.060000000000000053e+00
1.070000000000000062e+00
1.080000000000000071e+00
1.090000000000000080e+00
1.100000000000000089e+00
1.110000000000000098e+00
1.120000000000000107e+00
1.130000000000000115e+00
1.140000000000000124e+00
1.150000000000000133e+00
1.159999999999999920e+00
1.169999999999999929e+00
1.179999999999999938e+00
1.189999999999999947e+00
1.199999999999999956e+00
1.209999999999999964e+00
1.219999999999999973e+00
1.229999999999999982e+00
1.239999999999999991e+00
1.250000000000000000e+00
1.260000000000000009e+00
1.270000000000000018e+00
1.280000000000000027e+00
1.290000000000000036e+00
1.300000000000000044e+00
1.310000000000000053e+00
1.320000000000000062e+00
1.330000000000000071e+00
1.340000000000000080e+00
1.350000000000000089e+00
1.360000000000000098e+00
1.370000000000000107e+00
1.380000000000000115e+00
1.390000000000000124e+00
1.400000000000000133e+00
1.410000000000000142e+00
1.420000000000000151e+00
1.430000000000000160e+00
1.439999999999999947e+00
1.449999999999999956e+00
1.459999999999999964e+00
1.469999999999999973e+00
1.479999999999999982e+00
1.489999999999999991e+00
1.500000000000000000e+00
1.510000000000000009e+00
1.520000000000000018e+00
1.530000000000000027e+00
1.540000000000000036e+00
1.550000000000000044e+00
1.560000000000000053e+00
1.570000000000000062e+00
1.580000000000000071e+00
1.590000000000000080e+00
1.600000000000000089e+00
1.610000000000000098e+00
1.620000000000000107e+00
1.630000000000000115e+00
1.640000000000000124e+00
1.650000000000000133e+00
1.660000000000000142e+00
1.670000000000000151e+00
1.679999999999999938e+00
1.689999999999999947e+00
1.699999999999999956e+00
1.709999999999999964e+00
1.719999999999999973e+00
1.729999999999999982e+00
1.739999999999999991e+00
1.750000000000000000e+00
1.760000000000000009e+00
1.770000000000000018e+00
1.780000000000000027e+00
1.790000000000000036e+00
1.800000000000000044e+00
1.810000000000000053e+00
1.820000000000000062e+00
1.830000000000000071e+00
1.840000000000000080e+00
1.850000000000000089e+00
1.860000000000000098e+00
1.870000000000000107e+00
1.880000000000000115e+00
1.890000000000000124e+00
1.900000000000000133e+00
1.910000000000000142e+00
1.919999999999999929e+00
1.929999999999999938e+00
1.939999999999999947e+00
1.949999999999999956e+00
1.959999999999999964e+00
1.969999999999999973e+00
1.979999999999999982e+00
1.989999999999999991e+00
2.000000000000000000e+00
2.009999999999999787e+00
2.019999999999999574e+00
2.029999999999999361e+00
2.039999999999999147e+00
2.049999999999998934e+00
2.059999999999998721e+00
2.069999999999998508e+00
2.079999999999998295e+00
2.089999999999998082e+00
2.099999999999997868e+00
2.109999999999997655e+00
2.119999999999997442e+00
2.129999999999997229e+00
2.139999999999997016e+00
2.149999999999996803e+00
2.159999999999996589e+00
2.169999999999996376e+00
2.179999999999996163e+00
2.189999999999995950e+00
2.199999999999995737e+00
2.209999999999995524e+00
2.219999999999995310e+00
2.229999999999995097e+00
2.239999999999994884e+00
2.249999999999994671e+00
2.259999999999994458e+00
2.269999999999994245e+00
2.279999999999994031e+00
2.289999999999993818e+00
2.299999999999993605e+00
2.309999999999993392e+00
2.319999999999993179e+00
2.329999999999992966e+00
2.339999999999992752e+00
2.349999999999992539e+00
2.359999999999992326e+00
2.369999999999992113e+00
2.379999999999991900e+00
2.389999999999991687e+00
2.399999999999991473e+00
2.409999999999991260e+00
2.419999999999991047e+00
2.429999999999990834e+00
2.439999999999990621e+00
2.449999999999990408e+00
2.459999999999990195e+00
2.469999999999989981e+00
2.479999999999989768e+00
2.489999999999989555e+00
2.499999999999989342e+00
2.509999999999989129e+00
2.519999999999988916e+00
2.529999999999988702e+00
2.539999999999988489e+00
2.549999999999988276e+00
2.559999999999988063e+00
2.569999999999987850e+00
2.579999999999987637e+00
2.589999999999987423e+00
2.599999999999987210e+00
2.609999999999986997e+00
2.619999999999986784e+00
2.629999999999986571e+00
2.639999999999986358e+00
2.649999999999986144e+00
2.659999999999985931e+00
2.669999999999985718e+00
2.679999999999985505e+00
2.689999999999985292e+00
2.699999999999985079e+00
2.709999999999984865e+00
2.719999999999984652e+00
2.729999999999984439e+00
2.739999999999984226e+00
2.749999999999984013e+00
2.759999999999983800e+00
2.769999999999983586e+00
2.779999999999983373e+00
2.789999999999983160e+00
2.799999999999982947e+00
2.809999999999982734e+00
2.819999999999982521e+00
2.829999999999982307e+00
2.839999999999982094e+00
2.849999999999981881e+00
2.859999999999981668e+00
2.869999999999981455e+00
2.879999999999981242e+00
2.889999999999981029e+00
2.899999999999980815e+00
2.909999999999980602e+00
2.919999999999980389e+00
2.929999999999980176e+00
2.939999999999979963e+00
2.949999999999979750e+00
2.959999999999979536e+00
2.969999999999979323e+00
2.979999999999979110e+00
2.989999999999978897e+00
2.999999999999978684e+00
3.009999999999978471e+00
3.019999999999978257e+00
3.029999999999978044e+00
3.039999999999977831e+00
3.049999999999977618e+00
3.059999999999977405e+00
3.069999999999977192e+00
3.079999999999976978e+00
3.089999999999976765e+00
3.099999999999976552e+00
3.109999999999976339e+00
3.119999999999976126e+00
3.129999999999975913e+00
3.139999999999975699e+00
3.149999999999975486e+00
3.159999999999975273e+00
3.169999999999975060e+00
3.179999999999974847e+00
3.189999999999974634e+00
3.199999999999974420e+00
3.209999999999974207e+00
3.219999999999973994e+00
3.229999999999973781e+00
3.239999999999973568e+00
3.249999999999973355e+00
3.259999999999973141e+00
3.269999999999972928e+00
3.279999999999972715e+00
3.289999999999972502e+00
3.299999999999972289e+00
3.309999999999972076e+00
3.319999999999971863e+00
3.329999999999971649e+00
3.339999999999971436e+00
3.349999999999971223e+00
3.359999999999971010e+00
3.369999999999970797e+00
3.379999999999970584e+00
3.389999999999970370e+00
3.399999999999970157e+00
3.409999999999969944e+00
3.419999999999969731e+00
3.429999999999969518e+00
3.439999999999969305e+00
3.449999999999969091e+00
3.459999999999968878e+00
3.469999999999968665e+00
3.479999999999968452e+00
3.489999999999968239e+00
3.499999999999968026e+00
3.509999999999967812e+00
3.519999999999967599e+00
3.529999999999967386e+00
3.539999999999967173e+00
3.549999999999966960e+00
3.559999999999966747e+00
3.569999999999966533e+00
3.579999999999966320e+00
3.589999999999966107e+00
3.599999999999965894e+00
3.609999999999965681e+00
3.619999999999965468e+00
3.629999999999965254e+00
3.639999999999965041e+00
3.649999999999964828e+00
3.659999999999964615e+00
3.669999999999964402e+00
3.679999999999964189e+00
3.689999999999963975e+00
3.699999999999963762e+00
3.709999999999963549e+00
3.719999999999963336e+00
3.729999999999963123e+00
3.739999999999962910e+00
3.749999999999962697e+00
3.759999999999962483e+00
3.769999999999962270e+00
3.779999999999962057e+00
3.789999999999961844e+00
3.799999999999961631e+00
3.809999999999961418e+00
3.819999999999961204e+00
3.829999999999960991e+00
3.839999999999960778e+00
3.849999999999960565e+00
3.859999999999960352e+00
3.869999999999960139e+00
3.879999999999959925e+00
3.889999999999959712e+00
3.899999999999959499e+00
3.909999999999959286e+00
3.919999999999959073e+00
3.929999999999958860e+00
3.939999999999958646e+00
3.949999999999958433e+00
3.959999999999958220e+00
3.969999999999958007e+00
3.979999999999957794e+00
3.989999999999957581e+00
3.999999999999957367e+00
4.009999999999957154e+00
4.019999999999956941e+00
4.029999999999956728e+00
4.039999999999956515e+00
4.049999999999956302e+00
4.059999999999956088e+00
4.069999999999955875e+00
4.079999999999955662e+00
4.089999999999955449e+00
4.099999999999955236e+00
4.109999999999955023e+00
4.119999999999954809e+00
4.129999999999954596e+00
4.139999999999954383e+00
4.149999999999954170e+00
4.159999999999953957e+00
4.169999999999953744e+00
4.179999999999953531e+00
4.189999999999953317e+00
4.199999999999953104e+00
4.209999999999952891e+00
4.219999999999952678e+00
4.229999999999952465e+00
4.239999999999952252e+00
4.249999999999952038e+00
4.259999999999951825e+00
4.269999999999951612e+00
4.279999999999951399e+00
4.289999999999951186e+00
4.299999999999950973e+00
4.309999999999950759e+00
4.319999999999950546e+00
4.329999999999950333e+00
4.339999999999950120e+00
4.349999999999949907e+00
4.359999999999949694e+00
4.369999999999949480e+00
4.379999999999949267e+00
4.389999999999949054e+00
4.399999999999948841e+00
4.409999999999948628e+00
4.419999999999948415e+00
4.429999999999948201e+00
4.439999999999947988e+00
4.449999999999947775e+00
4.459999999999947562e+00
4.469999999999947349e+00
4.479999999999947136e+00
4.489999999999946922e+00
4.499999999999946709e+00
4.509999999999946496e+00
4.519999999999946283e+00
4.529999999999946070e+00
4.539999999999945857e+00
4.549999999999945643e+00
4.559999999999945430e+00
4.569999999999945217e+00
4.579999999999945004e+00
4.589999999999944791e+00
4.599999999999944578e+00
4.609999999999944365e+00
4.619999999999944151e+00
4.629999999999943938e+00
4.639999999999943725e+00
4.649999999999943512e+00
4.659999999999943299e+00
4.669999999999943086e+00
4.679999999999942872e+00
4.689999999999942659e+00
4.699999999999942446e+00
4.709999999999942233e+00
4.719999999999942020e+00
4.729999999999941807e+00
4.739999999999941593e+00
4.749999999999941380e+00
4.759999999999941167e+00
4.769999999999940954e+00
4.779999999999940741e+00
4.789999999999940528e+00
4.799999999999940314e+00
4.809999999999940101e+00
4.819999999999939888e+00
4.829999999999939675e+00
4.839999999999939462e+00
4.849999999999939249e+00
4.859999999999939035e+00
4.869999999999938822e+00
4.879999999999938609e+00
4.889999999999938396e+00
4.899999999999938183e+00
4.909999999999937970e+00
4.919999999999937756e+00
4.929999999999937543e+00
4.939999999999937330e+00
4.949999999999937117e+00
4.959999999999936904e+00
4.969999999999936691e+00
4.979999999999936477e+00
4.989999999999936264e+00
4.999999999999936051e+00
5.009999999999935838e+00
5.019999999999935625e+00
5.029999999999935412e+00
5.039999999999935199e+00
5.049999999999934985e+00
5.059999999999934772e+00
5.069999999999934559e+00
5.079999999999934346e+00
5.089999999999934133e+00
5.099999999999933920e+00
5.109999999999933706e+00
5.119999999999933493e+00
5.129999999999933280e+00
5.139999999999933067e+00
5.149999999999932854e+00
5.159999999999932641e+00
5.169999999999932427e+00
5.179999999999932214e+00
5.189999999999932001e+00
5.199999999999931788e+00
5.209999999999931575e+00
5.219999999999931362e+00
5.229999999999931148e+00
5.239999999999930935e+00
5.249999999999930722e+00
5.259999999999930509e+00
5.269999999999930296e+00
5.279999999999930083e+00
5.289999999999929869e+00
5.299999999999929656e+00
5.309999999999929443e+00
5.319999999999929230e+00
5.329999999999929017e+00
5.339999999999928804e+00
5.349999999999928590e+00
5.359999999999928377e+00
5.369999999999928164e+00
5.379999999999927951e+00
5.389999999999927738e+00
5.399999999999927525e+00
5.409999999999927311e+00
5.419999999999927098e+00
5.429999999999926885e+00
5.439999999999926672e+00
5.449999999999926459e+00
5.459999999999926246e+00
5.469999999999926033e+00
5.479999999999925819e+00
5.489999999999925606e+00
5.499999999999925393e+00
5.509999999999925180e+00
5.519999999999924967e+00
5.529999999999924754e+00
5.539999999999924540e+00
5.549999999999924327e+00
5.559999999999924114e+00
5.569999999999923901e+00
5.579999999999923688e+00
5.589999999999923475e+00
5.599999999999923261e+00
5.609999999999923048e+00
5.619999999999922835e+00
5.629999999999922622e+00
5.639999999999922409e+00
5.649999999999922196e+00
5.659999999999921982e+00
5.669999999999921769e+00
5.679999999999921556e+00
5.689999999999921343e+00
5.699999999999921130e+00
5.709999999999920917e+00
5.719999999999920703e+00
5.729999999999920490e+00
5.739999999999920277e+00
5.749999999999920064e+00
5.759999999999919851e+00
5.769999999999919638e+00
5.779999999999919424e+00
5.789999999999919211e+00
5.799999999999918998e+00
5.809999999999918785e+00
5.819999999999918572e+00
5.829999999999918359e+00
5.839999999999918145e+00
5.849999999999917932e+00
5.859999999999917719e+00
5.869999999999917506e+00
5.879999999999917293e+00
5.889999999999917080e+00
5.899999999999916866e+00
5.909999999999916653e+00
5.919999999999916440e+00
5.929999999999916227e+00
5.939999999999916014e+00
5.949999999999915801e+00
5.959999999999915588e+00
5.969999999999915374e+00
5.979999999999915161e+00
5.989999999999914948e+00
5.999999999999914735e+00
6.009999999999914522e+00
6.019999999999914309e+00
6.029999999999914095e+00
6.039999999999913882e+00
6.049999999999913669e+00
6.059999999999913456e+00
6.069999999999913243e+00
6.079999999999913030e+00
6.089999999999912816e+00
6.099999999999912603e+00
6.109999999999912390e+00
6.119999999999912177e+00
6.129999999999911964e+00
6.139999999999911751e+00
6.149999999999911537e+00
6.159999999999911324e+00
6.169999999999911111e+00
6.179999999999910898e+00
6.189999999999910685e+00
6.199999999999910472e+00
6.209999999999910258e+00
6.219999999999910045e+00
6.229999999999909832e+00
6.239999999999909619e+00
6.249999999999909406e+00
6.259999999999909193e+00
6.269999999999908979e+00
6.279999999999908766e+00
6.289999999999908553e+00
6.299999999999908340e+00
6.309999999999908127e+00
6.319999999999907914e+00
6.329999999999907700e+00
6.339999999999907487e+00
6.349999999999907274e+00
6.359999999999907061e+00
6.369999999999906848e+00
6.379999999999906635e+00
6.389999999999906422e+00
6.399999999999906208e+00
6.409999999999905995e+00
6.419999999999905782e+00
6.429999999999905569e+00
6.439999999999905356e+00
6.449999999999905143e+00
6.459999999999904929e+00
6.469999999999904716e+00
6.479999999999904503e+00
6.489999999999904290e+00
6.499999999999904077e+00
6.509999999999903864e+00
6.519999999999903650e+00
6.529999999999903437e+00
6.539999999999903224e+00
6.549999999999903011e+00
6.559999999999902798e+00
6.569999999999902585e+00
6.579999999999902371e+00
6.589999999999902158e+00
6.599999999999901945e+00
6.609999999999901732e+00
6.619999999999901519e+00
6.629999999999901306e+00
6.639999999999901092e+00
6.649999999999900879e+00
6.659999999999900666e+00
6.669999999999900453e+00
6.679999999999900240e+00
6.689999999999900027e+00
6.699999999999899813e+00
6.709999999999899600e+00
6.719999999999899387e+00
6.729999999999899174e+00
6.739999999999898961e+00
6.749999999999898748e+00
6.759999999999898534e+00
6.769999999999898321e+00
6.779999999999898108e+00
6.789999999999897895e+00
6.799999999999897682e+00
6.809999999999897469e+00
6.819999999999897256e+00
6.829999999999897042e+00
6.839999999999896829e+00
6.849999999999896616e+00
6.859999999999896403e+00
6.869999999999896190e+00
6.879999999999895977e+00
6.889999999999895763e+00
6.899999999999895550e+00
6.909999999999895337e+00
6.919999999999895124e+00
6.929999999999894911e+00
6.939999999999894698e+00
6.949999999999894484e+00
6.959999999999894271e+00
6.969999999999894058e+00
6.979999999999893845e+00
6.989999999999893632e+00
6.999999999999893419e+00
7.009999999999893205e+00
7.019999999999892992e+00
7.029999999999892779e+00
7.039999999999892566e+00
7.049999999999892353e+00
7.059999999999892140e+00
7.069999999999891926e+00
7.079999999999891713e+00
7.089999999999891500e+00
7.099999999999891287e+00
7.109999999999891074e+00
7.119999999999890861e+00
7.129999999999890647e+00
7.139999999999890434e+00
7.149999999999890221e+00
7.159999999999890008e+00
7.169999999999889795e+00
7.179999999999889582e+00
7.189999999999889368e+00
7.199999999999889155e+00
7.209999999999888942e+00
7.219999999999888729e+00
7.229999999999888516e+00
7.239999999999888303e+00
7.249999999999888090e+00
7.259999999999887876e+00
7.269999999999887663e+00
7.279999999999887450e+00
7.289999999999887237e+00
7.299999999999887024e+00
7.309999999999886811e+00
7.319999999999886597e+00
7.329999999999886384e+00
7.339999999999886171e+00
7.349999999999885958e+00
7.359999999999885745e+00
7.369999999999885532e+00
7.379999999999885318e+00
7.389999999999885105e+00
7.399999999999884892e+00
7.409999999999884679e+00
7.419999999999884466e+00
7.429999999999884253e+00
7.439999999999884039e+00
7.449999999999883826e+00
7.459999999999883613e+00
7.469999999999883400e+00
7.479999999999883187e+00
7.489999999999882974e+00
7.499999999999882760e+00
7.509999999999882547e+00
7.519999999999882334e+00
7.529999999999882121e+00
7.539999999999881908e+00
7.549999999999881695e+00
7.559999999999881481e+00
7.569999999999881268e+00
7.579999999999881055e+00
7.589999999999880842e+00
7.599999999999880629e+00
7.609999999999880416e+00
7.619999999999880202e+00
7.629999999999879989e+00
7.639999999999879776e+00
7.649999999999879563e+00
7.659999999999879350e+00
7.669999999999879137e+00
7.679999999999878924e+00
7.689999999999878710e+00
7.699999999999878497e+00
7.709999999999878284e+00
7.719999999999878071e+00
7.729999999999877858e+00
7.739999999999877645e+00
7.749999999999877431e+00
7.759999999999877218e+00
7.769999999999877005e+00
7.779999999999876792e+00
7.789999999999876579e+00
7.799999999999876366e+00
7.809999999999876152e+00
7.819999999999875939e+00
7.829999999999875726e+00
7.839999999999875513e+00
7.849999999999875300e+00
7.859999999999875087e+00
7.869999999999874873e+00
7.879999999999874660e+00
7.889999999999874447e+00
7.899999999999874234e+00
7.909999999999874021e+00
7.919999999999873808e+00
7.929999999999873594e+00
7.939999999999873381e+00
7.949999999999873168e+00
7.959999999999872955e+00
7.969999999999872742e+00
7.979999999999872529e+00
7.989999999999872315e+00
7.999999999999872102e+00
8.009999999999871889e+00
8.019999999999871676e+00
8.029999999999871463e+00
8.039999999999871250e+00
8.049999999999871036e+00
8.059999999999870823e+00
8.069999999999870610e+00
8.079999999999870397e+00
8.084999999999871179e+00
8.089999999999871960e+00
8.094999999999872742e+00
8.099999999999873523e+00
8.109999999999873310e+00
8.114999999999874092e+00
8.120000000000000995e+00
8.130000000000000782e+00
8.140000000000000568e+00
8.150000000000000355e+00
8.160000000000000142e+00
8.169999999999999929e+00
8.179999999999999716e+00
8.189999999999999503e+00
8.199999999999999289e+00
8.209999999999999076e+00
8.219999999999998863e+00
8.229999999999998650e+00
8.239999999999998437e+00
8.249999999999998224e+00
8.259999999999998010e+00
8.269999999999997797e+00
8.279999999999997584e+00
8.289999999999997371e+00
8.299999999999997158e+00
8.304999999999997939e+00
8.314999999999997726e+00
8.320000000000000284e+00
8.325000000000001066e+00
8.330000000000001847e+00
8.335000000000002629e+00
8.340000000000003411e+00
8.345000000000004192e+00
8.350000000000004974e+00
8.355000000000002203e+00
8.359999999999999432e+00
8.364999999999996660e+00
8.374999999999991118e+00
8.379999999999991900e+00
8.389999999999991687e+00
8.394999999999992468e+00
8.400000000000000355e+00
8.410000000000000142e+00
8.419999999999999929e+00
8.429999999999999716e+00
8.439999999999999503e+00
8.449999999999999289e+00
8.459999999999999076e+00
8.469999999999998863e+00
8.479999999999998650e+00
8.489999999999998437e+00
8.499999999999998224e+00
8.509999999999998010e+00
8.519999999999997797e+00
8.529999999999997584e+00
8.539999999999997371e+00
8.544999999999998153e+00
8.549999999999998934e+00
8.559999999999998721e+00
8.564999999999999503e+00
8.570000000000000284e+00
8.575000000000001066e+00
8.580000000000001847e+00
8.585000000000002629e+00
8.590000000000003411e+00
8.595000000000002416e+00
8.597500000000000142e+00
8.599999999999999645e+00
8.604999999999998650e+00
8.609999999999997655e+00
8.612499999999997158e+00
8.617499999999996163e+00
8.622499999999995168e+00
8.627499999999994174e+00
8.632499999999993179e+00
8.636249999999996874e+00
8.640000000000000568e+00
8.643750000000004263e+00
8.651250000000011653e+00
8.656250000000012434e+00
8.666250000000012221e+00
8.676250000000012008e+00
8.679999999999999716e+00
8.687499999999975131e+00
8.697499999999974918e+00
8.707499999999974705e+00
8.717499999999974492e+00
8.720000000000000639e+00
8.725000000000052935e+00
8.735000000000052722e+00
8.745000000000052509e+00
8.755000000000052296e+00
8.759999999999999787e+00
8.769999999999894769e+00
8.779999999999894555e+00
8.789999999999894342e+00
8.799999999999894129e+00
8.804999999999894911e+00
8.809999999999895692e+00
8.814999999999896474e+00
8.824999999999896261e+00
8.829999999999897042e+00
8.834999999999897824e+00
8.839999999999999858e+00
8.845000000000000639e+00
8.847500000000000142e+00
8.852500000000000924e+00
8.855000000000000426e+00
8.860000000000001208e+00
8.862500000000000711e+00
8.865000000000000213e+00
8.867499999999999716e+00
8.872500000000000497e+00
8.876250000000000639e+00
8.880000000000000782e+00
8.887500000000001066e+00
8.892500000000001847e+00
8.897500000000002629e+00
8.902500000000003411e+00
8.912500000000003197e+00
8.919999999999999929e+00
8.925000000000000711e+00
8.935000000000000497e+00
8.945000000000000284e+00
8.955000000000000071e+00
8.960000000000000853e+00
8.970000000000000639e+00
8.980000000000000426e+00
8.990000000000000213e+00
9.000000000000000000e+00
9.009999999999999787e+00
9.019999999999999574e+00
9.029999999999999361e+00
9.039999999999999147e+00
9.049999999999998934e+00
9.054999999999999716e+00
9.060000000000000497e+00
9.065000000000001279e+00
9.070000000000002061e+00
9.075000000000001066e+00
9.080000000000000071e+00
9.084999999999999076e+00
9.089999999999998082e+00
9.092499999999997584e+00
9.094999999999997087e+00
9.099999999999996092e+00
9.102499999999995595e+00
9.104999999999995097e+00
9.107499999999994600e+00
9.109999999999994102e+00
9.114999999999993108e+00
9.117499999999996163e+00
9.120000000000000995e+00
9.122500000000005826e+00
9.125000000000010658e+00
9.127500000000015490e+00
9.130000000000020322e+00
9.132500000000025153e+00
9.135000000000029985e+00
9.137500000000034817e+00
9.140000000000039648e+00
9.142500000000044480e+00
9.147500000000054143e+00
9.152500000000054925e+00
9.156250000000028422e+00
9.160000000000000142e+00
9.163749999999971863e+00
9.167499999999943583e+00
9.174999999999887024e+00
9.179999999999887805e+00
9.189999999999887592e+00
9.194999999999888374e+00
9.200000000000001066e+00
9.210000000000000853e+00
9.220000000000000639e+00
9.230000000000000426e+00
9.240000000000000213e+00
9.250000000000000000e+00
9.259999999999999787e+00
9.269999999999999574e+00
9.279999999999999361e+00
9.289999999999999147e+00
9.299999999999998934e+00
9.304999999999999716e+00
9.310000000000000497e+00
9.315000000000001279e+00
9.320000000000000284e+00
9.324999999999999289e+00
9.329999999999998295e+00
9.334999999999997300e+00
9.339999999999996305e+00
9.344999999999995310e+00
9.349999999999994316e+00
9.352499999999993818e+00
9.354999999999993321e+00
9.357499999999992824e+00
9.359999999999999432e+00
9.362500000000006040e+00
9.365000000000012648e+00
9.370000000000025864e+00
9.372500000000025366e+00
9.377500000000026148e+00
9.380000000000025651e+00
9.382500000000025153e+00
9.383750000000025793e+00
9.386250000000025295e+00
9.387500000000025935e+00
9.390000000000025437e+00
9.392500000000024940e+00
9.395000000000024443e+00
9.397500000000011511e+00
9.400000000000000355e+00
9.402499999999989200e+00
9.407499999999966889e+00
9.409999999999955733e+00
9.414999999999933422e+00
9.417499999999922267e+00
9.419999999999911111e+00
9.424999999999888800e+00
9.427499999999877645e+00
9.432499999999855333e+00
9.436249999999926530e+00
9.439999999999999503e+00
9.443750000000072475e+00
9.451250000000218421e+00
9.453750000000217923e+00
9.458750000000218705e+00
9.463750000000219487e+00
9.468750000000220268e+00
9.478750000000220055e+00
9.480000000000000426e+00
9.482499999999561169e+00
9.487499999998682654e+00
9.497499999996925624e+00
9.507499999996925411e+00
9.517499999996925197e+00
9.519999999999999574e+00
9.525000000006148326e+00
9.535000000006148113e+00
9.545000000006147900e+00
9.555000000006147687e+00
9.560000000000000497e+00
9.569999999987706119e+00
9.579999999987705905e+00
9.584999999987706687e+00
9.589999999987707469e+00
9.592499999987706971e+00
9.594999999987706474e+00
9.597499999987705976e+00
9.599999999999999645e+00
9.602500000012293313e+00
9.605000000024586981e+00
9.607500000036880650e+00
9.610000000049174318e+00
9.612500000061467986e+00
9.615000000073761655e+00
9.617500000086055323e+00
9.620000000098348991e+00
9.622500000110642659e+00
9.625000000122936328e+00
9.627500000135229996e+00
9.630000000147523664e+00
9.632500000159817333e+00
9.635000000172111001e+00
9.637500000086056673e+00
9.640000000000000568e+00
9.642499999913944464e+00
9.644999999827888360e+00
9.647499999741832255e+00
9.652499999569720046e+00
9.654999999483663942e+00
9.657499999397607837e+00
9.659999999311551733e+00
9.662499999225495628e+00
9.664999999139439524e+00
9.667499999053383419e+00
9.669999998967327315e+00
9.672499998881271210e+00
9.677499998709159001e+00
9.679999999999999716e+00
9.685000002581681144e+00
9.690000002581681926e+00
9.695000002581682708e+00
9.700000002581683489e+00
9.710000002581683276e+00
9.720000000000000639e+00
9.730000000000000426e+00
9.740000000000000213e+00
9.750000000000000000e+00
9.759999999999999787e+00
9.769999999999999574e+00
9.779999999999999361e+00
9.789999999999999147e+00
9.799999999999998934e+00
9.809999999999998721e+00
9.819999999999998508e+00
9.824999999999999289e+00
9.830000000000000071e+00
9.835000000000000853e+00
9.839999999999999858e+00
9.844999999999998863e+00
9.849999999999997868e+00
9.854999999999996874e+00
9.857499999999996376e+00
9.859999999999995879e+00
9.862499999999995381e+00
9.864999999999994884e+00
9.867499999999994387e+00
9.872499999999993392e+00
9.874374999999995239e+00
9.876249999999997087e+00
9.880000000000000782e+00
9.881875000000002629e+00
9.883750000000004476e+00
9.887500000000008171e+00
9.889375000000010019e+00
9.891250000000011866e+00
9.895000000000015561e+00
9.898750000000019256e+00
9.900625000000021103e+00
9.902500000000022951e+00
9.904375000000024798e+00
9.906250000000026645e+00
9.908125000000028493e+00
9.910000000000030340e+00
9.913750000000034035e+00
9.915312500000025508e+00
9.918437500000008455e+00
9.919999999999999929e+00
9.923124999999982876e+00
9.926249999999965823e+00
9.929374999999948770e+00
9.932499999999931717e+00
9.935624999999914664e+00
9.941874999999880558e+00
9.944374999999880060e+00
9.949374999999880842e+00
9.954374999999881624e+00
9.960000000000000853e+00
9.970000000000000639e+00
9.980000000000000426e+00
9.990000000000000213e+00
1.000000000000000000e+01
1.000999999999999979e+01
1.001999999999999957e+01
1.002999999999999936e+01
1.003999999999999915e+01
1.004999999999999893e+01
1.005999999999999872e+01
1.006999999999999851e+01
1.007999999999999829e+01
1.008499999999999908e+01
1.008999999999999986e+01
1.009500000000000064e+01
1.010000000000000142e+01
1.010500000000000220e+01
1.011000000000000298e+01
1.011250000000000249e+01
1.011500000000000199e+01
1.011750000000000149e+01
1.012000000000000099e+01
1.012250000000000050e+01
1.012500000000000000e+01
1.012999999999999901e+01
1.013499999999999801e+01
1.013749999999999751e+01
1.013999999999999702e+01
1.014499999999999602e+01
1.014749999999999552e+01
1.014999999999999503e+01
1.015249999999999453e+01
1.015499999999999403e+01
1.015749999999999353e+01
1.016000000000000014e+01
1.016250000000000675e+01
1.016500000000001336e+01
1.017000000000002657e+01
1.017250000000002608e+01
1.017500000000002558e+01
1.017750000000002508e+01
1.018000000000002458e+01
1.018500000000002537e+01
1.018750000000002487e+01
1.019000000000002437e+01
1.019500000000002515e+01
1.020000000000000107e+01
1.020249999999998991e+01
1.020499999999997698e+01
1.020999999999995289e+01
1.021249999999994174e+01
1.021749999999991765e+01
1.022249999999989356e+01
1.023249999999984539e+01
1.024000000000000021e+01
1.025000000000000000e+01
1.025999999999999979e+01
1.026999999999999957e+01
1.027999999999999936e+01
1.028999999999999915e+01
1.029999999999999893e+01
1.030999999999999872e+01
1.031999999999999851e+01
1.032999999999999829e+01
1.033499999999999908e+01
1.034499999999999886e+01
1.034999999999999964e+01
1.035500000000000043e+01
1.035999999999999943e+01
1.036499999999999844e+01
1.036999999999999744e+01
1.037499999999999645e+01
1.037999999999999545e+01
1.038499999999999446e+01
1.038999999999999346e+01
1.039249999999999297e+01
1.039749999999999197e+01
1.040000000000000036e+01
1.040500000000001712e+01
1.040750000000001663e+01
1.041000000000001613e+01
1.041250000000001563e+01
1.041375000000001627e+01
1.041625000000001577e+01
1.041875000000001528e+01
1.042125000000001478e+01
1.042625000000001556e+01
1.042875000000001506e+01
1.043125000000001457e+01
1.043375000000001407e+01
1.043625000000001357e+01
1.043812500000000654e+01
1.043999999999999950e+01
1.044187499999999247e+01
1.044562499999997840e+01
1.044749999999997137e+01
1.045124999999995730e+01
1.045499999999994323e+01
1.045874999999992916e+01
1.046249999999991509e+01
1.046999999999988695e+01
1.047499999999988773e+01
1.048000000000000043e+01
1.049000000000000021e+01
1.050000000000000000e+01
1.050999999999999979e+01
1.051999999999999957e+01
1.052999999999999936e+01
1.053999999999999915e+01
1.054999999999999893e+01
1.055999999999999872e+01
1.056999999999999851e+01
1.057999999999999829e+01
1.058999999999999808e+01
1.059999999999999787e+01
1.060499999999999865e+01
1.061499999999999844e+01
1.061999999999999922e+01
1.062500000000000000e+01
1.062749999999999950e+01
1.062999999999999901e+01
1.063249999999999851e+01
1.063749999999999929e+01
1.064000000000000057e+01
1.064250000000000185e+01
1.064750000000000441e+01
1.065000000000000391e+01
1.065250000000000341e+01
1.065500000000000291e+01
1.066000000000000369e+01
1.066250000000000320e+01
1.066500000000000270e+01
1.066750000000000220e+01
1.067000000000000171e+01
1.067250000000000121e+01
1.067500000000000071e+01
1.067750000000000021e+01
1.067999999999999972e+01
1.068249999999999922e+01
1.068499999999999872e+01
1.068749999999999822e+01
1.068999999999999773e+01
1.069249999999999723e+01
1.069499999999999673e+01
1.069999999999999574e+01
1.070499999999999474e+01
1.070749999999999424e+01
1.070999999999999375e+01
1.071499999999999275e+01
1.071749999999999758e+01
1.072000000000000064e+01
1.072500000000000675e+01
1.073000000000000753e+01
1.073500000000000831e+01
1.074000000000000909e+01
1.074500000000000988e+01
1.075500000000000966e+01
1.075999999999999979e+01
1.076999999999998003e+01
1.077999999999997982e+01
1.078999999999997961e+01
1.079999999999997939e+01
1.080999999999997918e+01
1.081999999999997897e+01
1.082999999999997875e+01
1.083999999999997854e+01
1.084999999999997833e+01
1.085999999999997812e+01
1.086499999999997890e+01
1.086999999999997968e+01
1.087499999999998046e+01
1.088000000000000078e+01
1.088500000000000156e+01
1.089000000000000234e+01
1.089250000000000185e+01
1.089750000000000263e+01
1.090000000000000213e+01
1.090250000000000163e+01
1.090500000000000114e+01
1.091000000000000192e+01
1.091250000000000142e+01
1.091500000000000092e+01
1.091750000000000043e+01
1.091999999999999993e+01
1.092499999999999893e+01
1.092749999999999844e+01
1.092999999999999794e+01
1.093249999999999744e+01
1.093749999999999645e+01
1.093999999999999595e+01
1.094249999999999545e+01
1.094749999999999446e+01
1.094999999999999396e+01
1.095249999999999346e+01
1.095499999999999297e+01
1.095749999999999247e+01
1.096000000000000085e+01
1.096250000000000924e+01
1.096750000000002601e+01
1.097250000000002679e+01
1.097750000000002757e+01
1.098000000000002707e+01
1.098250000000002657e+01
1.098750000000002736e+01
1.099000000000002686e+01
1.099500000000002764e+01
1.099750000000001293e+01
1.100000000000000000e+01
1.100499999999997414e+01
1.101499999999992241e+01
1.101999999999992319e+01
1.102999999999992298e+01
1.103999999999992276e+01
1.104999999999992255e+01
1.105999999999992234e+01
1.106999999999992212e+01
1.107999999999992191e+01
1.108999999999992170e+01
1.109999999999992149e+01
1.110999999999992127e+01
1.111499999999992205e+01
1.112000000000000099e+01
1.112500000000000178e+01
1.113500000000000156e+01
1.114500000000000135e+01
1.115000000000000213e+01
1.115500000000000114e+01
1.116000000000000014e+01
1.116249999999999964e+01
1.116499999999999915e+01
1.116999999999999815e+01
1.117249999999999766e+01
1.117499999999999716e+01
1.117999999999999616e+01
1.118249999999999567e+01
1.118749999999999467e+01
1.118999999999999417e+01
1.119124999999999304e+01
1.119374999999999254e+01
1.119499999999999318e+01
1.119749999999999268e+01
1.120000000000000107e+01
1.120250000000000945e+01
1.120500000000001783e+01
1.120750000000002622e+01
1.121000000000003460e+01
1.121250000000004299e+01
1.121500000000005137e+01
1.121750000000005976e+01
1.122000000000006814e+01
1.122250000000007653e+01
1.122500000000008491e+01
1.123000000000010168e+01
1.123250000000007631e+01
1.123500000000005095e+01
1.123750000000002558e+01
1.124000000000000021e+01
1.124499999999994948e+01
1.124749999999992411e+01
1.125249999999987338e+01
1.125749999999982265e+01
1.126749999999972118e+01
1.127249999999972196e+01
1.127999999999999936e+01
1.128999999999999915e+01
1.129999999999999893e+01
1.130999999999999872e+01
1.131999999999999851e+01
1.132999999999999829e+01
1.133999999999999808e+01
1.134999999999999787e+01
1.135999999999999766e+01
1.136999999999999744e+01
1.137999999999999723e+01
1.138499999999999801e+01
1.138999999999999879e+01
1.139999999999999858e+01
1.140499999999999936e+01
1.141000000000000014e+01
1.141249999999999964e+01
1.141750000000000043e+01
1.142250000000000121e+01
1.142500000000000071e+01
1.143000000000000149e+01
1.143500000000000050e+01
1.143999999999999950e+01
1.144249999999999901e+01
1.144499999999999851e+01
1.144749999999999801e+01
1.144999999999999751e+01
1.145249999999999702e+01
1.145499999999999652e+01
1.145749999999999602e+01
1.145999999999999552e+01
1.146249999999999503e+01
1.146749999999999403e+01
1.146999999999999353e+01
1.147249999999999304e+01
1.147499999999999254e+01
1.147999999999999154e+01
1.148249999999999105e+01
1.148499999999999055e+01
1.148999999999998956e+01
1.149499999999998856e+01
1.149749999999998806e+01
1.150249999999998707e+01
1.150749999999998607e+01
1.151249999999998508e+01
1.151624999999999233e+01
1.151999999999999957e+01
1.152750000000001407e+01
1.153750000000001386e+01
1.154750000000001364e+01
1.155750000000001343e+01
1.156000000000000050e+01
1.156499999999997463e+01
1.157499999999992291e+01
1.158499999999992269e+01
1.159499999999992248e+01
1.159999999999999964e+01
1.160999999999999943e+01
1.161999999999999922e+01
1.162999999999999901e+01
1.163999999999999879e+01
1.164999999999999858e+01
1.165499999999999936e+01
1.166000000000000014e+01
1.166500000000000092e+01
1.167000000000000171e+01
1.167250000000000121e+01
1.167500000000000071e+01
1.167999999999999972e+01
1.168249999999999922e+01
1.168499999999999872e+01
1.168749999999999822e+01
1.168999999999999773e+01
1.169249999999999723e+01
1.169499999999999673e+01
1.169749999999999623e+01
1.169999999999999574e+01
1.170249999999999524e+01
1.170499999999999474e+01
1.170749999999999424e+01
1.170999999999999375e+01
1.171249999999999325e+01
1.171499999999999275e+01
1.171749999999999226e+01
1.172000000000000064e+01
1.172250000000000902e+01
1.172500000000001741e+01
1.172750000000002579e+01
1.173000000000003418e+01
1.173500000000005095e+01
1.174000000000005173e+01
1.174250000000005123e+01
1.174500000000005073e+01
1.174750000000005024e+01
1.175000000000004974e+01
1.175250000000004924e+01
1.175500000000004874e+01
1.175750000000002515e+01
1.175999999999999979e+01
1.176249999999997442e+01
1.176749999999992369e+01
1.177249999999987295e+01
1.177749999999982222e+01
1.178249999999977149e+01
1.178749999999972076e+01
1.179749999999961929e+01
1.180000000000000071e+01
1.180500000000076355e+01
1.181500000000076334e+01
1.182500000000076312e+01
1.183500000000076291e+01
1.183999999999999986e+01
1.184999999999847375e+01
1.185999999999847354e+01
1.186999999999847333e+01
1.187999999999847311e+01
1.188999999999847290e+01
1.189999999999847269e+01
1.190499999999847347e+01
1.190999999999847425e+01
1.191499999999847503e+01
1.191999999999999993e+01
1.192500000000000071e+01
1.193000000000000149e+01
1.193500000000000227e+01
1.194000000000000306e+01
1.194500000000000384e+01
1.195000000000000462e+01
1.195500000000000185e+01
1.195750000000000135e+01
1.196000000000000085e+01
1.196250000000000036e+01
1.196749999999999936e+01
1.196999999999999886e+01
1.197249999999999837e+01
1.197499999999999787e+01
1.197749999999999737e+01
1.198249999999999638e+01
1.198499999999999588e+01
1.198749999999999538e+01
1.198874999999999602e+01
1.199124999999999552e+01
1.199374999999999503e+01
1.199624999999999453e+01
1.199812499999999815e+01
1.200000000000000000e+01
1.200187500000000185e+01
1.200562500000000554e+01
1.200937500000000924e+01
1.201312500000001293e+01
1.201687500000001663e+01
1.202062500000002032e+01
1.202437500000002402e+01
1.202812500000002771e+01
1.203187500000003141e+01
1.203562500000003510e+01
1.204000000000000092e+01
1.204437499999996675e+01
1.205312499999989839e+01
1.205812499999989917e+01
1.206812499999989896e+01
1.207812499999989875e+01
1.208000000000000007e+01
1.208375000000020272e+01
1.209125000000060801e+01
1.210125000000060780e+01
1.211125000000060759e+01
1.212000000000000099e+01
1.213000000000000078e+01
1.214000000000000057e+01
1.215000000000000036e+01
1.216000000000000014e+01
1.216500000000000092e+01
1.217000000000000171e+01
1.217500000000000249e+01
1.218000000000000327e+01
1.218500000000000405e+01
1.219000000000000483e+01
1.219500000000000384e+01
1.220000000000000107e+01
1.220250000000000057e+01
1.220499999999999829e+01
1.220749999999999602e+01
1.220999999999999375e+01
1.221499999999999098e+01
1.221749999999999048e+01
1.221999999999998820e+01
1.222249999999998593e+01
1.222499999999998366e+01
1.222749999999998138e+01
1.222999999999997911e+01
1.223249999999997684e+01
1.223499999999997456e+01
1.223749999999997229e+01
1.224000000000000021e+01
1.224500000000005606e+01
1.224750000000005556e+01
1.225000000000005507e+01
1.225250000000005457e+01
1.225500000000005407e+01
1.225750000000005357e+01
1.226000000000005308e+01
1.226250000000005258e+01
1.226500000000005208e+01
1.227000000000005286e+01
1.227250000000003993e+01
1.227500000000002700e+01
1.228000000000000114e+01
1.228249999999998820e+01
1.228499999999997527e+01
1.228999999999994941e+01
1.229249999999993648e+01
1.229749999999991061e+01
1.230249999999988475e+01
1.231249999999983302e+01
1.232000000000000028e+01
1.233000000000000007e+01
1.233999999999999986e+01
1.234999999999999964e+01
1.235999999999999943e+01
1.236999999999999922e+01
1.237999999999999901e+01
1.238999999999999879e+01
1.239999999999999858e+01
1.240999999999999837e+01
1.241999999999999815e+01
1.242499999999999893e+01
1.242999999999999972e+01
1.243499999999999872e+01
1.243999999999999950e+01
1.244500000000000028e+01
1.245000000000000107e+01
1.245250000000000057e+01
1.245750000000000135e+01
1.246000000000000085e+01
1.246250000000000036e+01
1.246499999999999986e+01
1.247000000000000064e+01
1.247250000000000192e+01
1.247750000000000270e+01
1.248000000000000043e+01
1.248249999999999815e+01
1.248499999999999588e+01
1.248749999999999361e+01
1.249249999999998906e+01
1.249749999999998451e+01
1.250249999999997996e+01
1.250499999999997769e+01
1.250749999999997542e+01
1.251249999999997087e+01
1.251437499999997804e+01
1.251812499999999240e+01
1.251999999999999957e+01
1.252375000000001393e+01
1.252562500000002110e+01
1.252937500000003546e+01
1.253312500000004981e+01
1.253687500000006416e+01
1.254062500000007851e+01
1.254437500000009287e+01
1.254812500000010722e+01
1.255187500000012157e+01
1.255937500000015028e+01
1.256000000000000050e+01
1.256124999999970093e+01
1.256374999999910180e+01
1.256874999999790354e+01
1.257874999999550703e+01
1.258874999999550681e+01
1.259874999999550660e+01
1.259999999999999964e+01
1.260250000000898574e+01
1.260750000002695792e+01
1.261750000002695771e+01
1.262750000002695749e+01
1.263750000002695728e+01
1.264000000000000057e+01
1.264499999994608714e+01
1.265499999983826029e+01
1.266499999983826008e+01
1.267499999983825987e+01
1.267999999999999972e+01
1.268500000000000050e+01
1.269000000000000128e+01
1.269500000000000206e+01
1.270000000000000284e+01
1.270500000000000362e+01
1.271000000000000441e+01
1.271500000000000341e+01
1.271750000000000114e+01
1.272000000000000064e+01
1.272250000000000014e+01
1.272499999999999964e+01
1.272749999999999915e+01
1.272999999999999865e+01
1.273499999999999766e+01
1.273749999999999716e+01
1.273999999999999666e+01
1.274249999999999616e+01
1.274499999999999567e+01
1.274749999999999517e+01
1.274999999999999467e+01
1.275249999999999417e+01
1.275499999999999368e+01
1.275749999999999318e+01
1.275999999999999979e+01
1.276250000000000639e+01
1.276500000000001300e+01
1.276750000000001961e+01
1.277000000000002622e+01
1.277500000000003944e+01
1.277750000000003894e+01
1.278000000000003844e+01
1.278250000000003794e+01
1.278500000000003745e+01
1.278750000000003695e+01
1.279000000000003645e+01
1.279250000000003595e+01
1.279500000000003546e+01
1.279750000000001720e+01
1.280000000000000071e+01
1.280249999999998423e+01
1.280499999999996774e+01
1.280999999999993477e+01
1.281499999999990180e+01
1.281999999999986883e+01
1.282499999999983586e+01
1.283499999999976993e+01
1.283999999999999986e+01
1.284999999999999964e+01
1.285999999999999943e+01
1.286999999999999922e+01
1.287999999999999901e+01
1.288999999999999879e+01
1.289999999999999858e+01
1.290999999999999837e+01
1.291999999999999815e+01
1.292999999999999794e+01
1.293499999999999872e+01
1.294499999999999851e+01
1.294999999999999929e+01
1.295500000000000007e+01
1.296000000000000085e+01
1.296500000000000163e+01
1.297000000000000242e+01
1.297500000000000320e+01
1.298000000000000398e+01
1.298250000000000348e+01
1.298750000000000426e+01
1.299000000000000377e+01
1.299250000000000327e+01
1.299750000000000405e+01
1.300000000000000000e+01
1.300499999999999190e+01
1.300749999999998785e+01
1.301249999999997975e+01
1.301499999999997570e+01
1.301749999999997165e+01
1.301999999999996760e+01
1.302249999999996355e+01
1.302499999999995950e+01
1.302749999999995545e+01
1.302999999999995140e+01
1.303249999999994735e+01
1.303499999999994330e+01
1.303749999999993925e+01
1.304000000000000092e+01
1.304250000000006260e+01
1.304500000000012427e+01
1.304750000000018595e+01
1.305250000000030930e+01
1.305750000000031008e+01
1.306250000000031086e+01
1.306750000000031164e+01
1.307250000000031243e+01
1.308000000000000007e+01
1.308999999999999986e+01
1.309999999999999964e+01
1.310999999999999943e+01
1.312000000000000099e+01
1.313000000000000078e+01
1.314000000000000057e+01
1.315000000000000036e+01
1.316000000000000014e+01
1.316999999999999993e+01
1.317999999999999972e+01
1.318999999999999950e+01
1.320000000000000107e+01
1.320500000000000185e+01
1.321000000000000263e+01
1.321500000000000341e+01
1.322000000000000419e+01
1.322500000000000497e+01
1.323000000000000576e+01
1.323500000000000298e+01
1.324000000000000021e+01
1.324249999999999972e+01
1.324499999999999744e+01
1.324999999999999467e+01
1.325249999999999417e+01
1.325499999999999190e+01
1.325749999999998963e+01
1.325999999999998735e+01
1.326249999999998508e+01
1.326499999999998280e+01
1.326749999999998053e+01
1.326999999999997826e+01
1.327249999999997598e+01
1.327499999999997371e+01
1.327999999999997094e+01
1.328249999999997044e+01
1.328499999999996817e+01
1.328749999999996589e+01
1.328999999999996362e+01
1.329249999999996135e+01
1.329499999999995907e+01
1.329749999999995680e+01
1.329999999999995453e+01
1.330249999999995225e+01
1.330499999999994998e+01
1.330749999999994770e+01
1.330999999999994543e+01
1.331249999999994316e+01
1.331749999999994039e+01
1.332000000000000028e+01
1.332250000000006018e+01
1.332750000000017998e+01
1.333250000000018076e+01
1.333750000000018154e+01
1.334250000000018233e+01
1.334750000000018311e+01
1.335750000000018289e+01
1.335999999999999943e+01
1.336499999999963251e+01
1.337499999999889866e+01
1.338499999999889845e+01
1.339499999999889823e+01
1.340000000000000036e+01
1.341000000000000014e+01
1.341999999999999993e+01
1.342999999999999972e+01
1.343999999999999950e+01
1.344999999999999929e+01
1.345999999999999908e+01
1.346999999999999886e+01
1.347499999999999964e+01
1.348000000000000043e+01
1.348500000000000121e+01
1.349000000000000199e+01
1.349500000000000277e+01
1.350000000000000355e+01
1.350250000000000306e+01
1.350500000000000256e+01
1.350750000000000206e+01
1.351000000000000156e+01
1.351250000000000107e+01
1.351750000000000185e+01
1.351999999999999957e+01
1.352499999999999503e+01
1.352999999999999048e+01
1.353499999999998593e+01
1.353999999999998138e+01
1.354249999999997911e+01
1.354499999999997684e+01
1.354749999999997456e+01
1.354999999999997229e+01
1.355249999999997002e+01
1.355499999999996774e+01
1.355999999999996319e+01
1.356249999999996092e+01
1.356499999999995865e+01
1.356749999999995637e+01
1.356999999999995410e+01
1.357249999999995183e+01
1.357499999999994955e+01
1.357999999999994500e+01
1.358249999999994273e+01
1.358499999999994046e+01
1.358999999999993591e+01
1.359999999999992681e+01
1.360499999999992760e+01
1.361499999999992738e+01
1.361999999999992816e+01
1.362999999999992795e+01
1.363999999999992774e+01
1.364999999999992752e+01
1.365999999999992731e+01
1.366999999999992710e+01
1.367999999999992689e+01
1.368999999999992667e+01
1.369999999999992646e+01
1.370999999999992625e+01
1.371999999999992603e+01
1.372999999999992582e+01
1.373499999999992660e+01
1.374499999999992639e+01
1.374999999999992717e+01
1.375499999999992795e+01
1.375999999999999979e+01
1.376249999999999929e+01
1.376499999999999879e+01
1.376749999999999829e+01
1.377249999999999908e+01
1.377499999999999858e+01
1.377749999999999808e+01
1.377999999999999758e+01
1.378249999999999709e+01
1.378499999999999659e+01
1.378749999999999609e+01
1.378999999999999559e+01
1.379249999999999510e+01
1.379499999999999460e+01
1.379749999999999410e+01
1.380000000000000071e+01
1.380250000000000732e+01
1.380500000000001393e+01
1.380750000000002053e+01
1.381000000000002714e+01
1.381250000000003375e+01
1.381500000000004036e+01
1.381750000000004697e+01
1.382000000000005357e+01
1.382250000000006018e+01
1.382500000000006679e+01
1.382750000000007340e+01
1.383000000000008001e+01
1.383250000000008662e+01
1.383500000000009322e+01
1.383750000000004654e+01
1.383999999999999986e+01
1.384249999999995318e+01
1.384499999999990649e+01
1.384999999999981313e+01
1.385499999999971976e+01
1.386499999999953303e+01
1.386999999999953381e+01
1.387999999999953360e+01
1.388999999999953339e+01
1.389999999999953317e+01
1.390999999999953296e+01
1.391999999999953275e+01
1.392999999999953253e+01
1.393999999999953232e+01
1.394999999999953211e+01
1.395999999999953189e+01
1.396999999999953168e+01
1.397499999999953246e+01
1.398499999999953225e+01
1.398999999999953303e+01
1.399499999999953381e+01
1.400000000000000000e+01
1.400500000000000078e+01
1.401000000000000156e+01
1.401250000000000107e+01
1.401750000000000185e+01
1.402000000000000135e+01
1.402250000000000085e+01
1.402750000000000163e+01
1.403250000000000242e+01
1.403625000000000256e+01
1.404000000000000092e+01
1.404374999999999929e+01
1.404562499999999758e+01
1.404937499999999595e+01
1.405687499999999268e+01
1.406187499999999346e+01
1.406437499999999297e+01
1.406687499999999247e+01
1.406937499999999197e+01
1.407187499999999147e+01
1.407437499999999098e+01
1.407687499999999048e+01
1.407843749999999616e+01
1.408000000000000007e+01
1.408312500000000789e+01
1.408937500000002352e+01
1.409187500000002302e+01
1.409687500000002380e+01
1.409937500000002331e+01
1.410437500000002409e+01
1.410937500000002487e+01
1.411437500000002565e+01
1.412000000000000099e+01
1.413000000000000078e+01
1.414000000000000057e+01
1.415000000000000036e+01
1.416000000000000014e+01
1.416999999999999993e+01
1.417999999999999972e+01
1.418999999999999950e+01
1.420000000000000107e+01
1.421000000000000085e+01
1.422000000000000064e+01
1.423000000000000043e+01
1.424000000000000021e+01
1.425000000000000000e+01
1.425500000000000078e+01
1.426500000000000057e+01
1.427000000000000135e+01
1.427500000000000213e+01
1.427750000000000163e+01
1.428000000000000114e+01
1.428250000000000064e+01
1.428749999999999964e+01
1.429249999999999865e+01
1.429499999999999815e+01
1.429749999999999766e+01
1.429999999999999716e+01
1.430249999999999666e+01
1.430499999999999616e+01
1.430749999999999567e+01
1.430999999999999517e+01
1.431249999999999467e+01
1.431499999999999417e+01
1.431749999999999368e+01
1.432000000000000028e+01
1.432250000000000689e+01
1.432500000000001350e+01
1.432750000000002011e+01
1.433000000000002672e+01
1.433250000000003332e+01
1.433500000000003993e+01
1.433750000000004654e+01
1.434000000000005315e+01
1.434250000000005976e+01
1.434500000000006636e+01
1.434750000000007297e+01
1.435000000000007958e+01
1.435500000000009280e+01
1.435750000000004611e+01
1.435999999999999943e+01
1.436499999999990607e+01
1.436749999999985938e+01
1.437249999999976602e+01
1.437749999999967265e+01
1.438249999999957929e+01
1.439249999999939256e+01
1.440000000000000036e+01
1.441000000000000014e+01
1.441999999999999993e+01
1.442999999999999972e+01
1.443999999999999950e+01
1.444999999999999929e+01
1.445999999999999908e+01
1.446999999999999886e+01
1.447999999999999865e+01
1.448999999999999844e+01
1.449999999999999822e+01
1.450499999999999901e+01
1.451499999999999879e+01
1.451999999999999957e+01
1.452500000000000036e+01
1.453000000000000114e+01
1.453500000000000192e+01
1.454000000000000270e+01
1.454250000000000220e+01
1.454500000000000171e+01
1.454750000000000121e+01
1.455000000000000071e+01
1.455500000000000149e+01
1.455750000000000099e+01
1.456000000000000050e+01
1.456250000000000000e+01
1.456499999999999950e+01
1.456999999999999851e+01
1.457249999999999801e+01
1.457499999999999751e+01
1.457749999999999702e+01
1.457999999999999652e+01
1.458249999999999602e+01
1.458499999999999552e+01
1.458749999999999503e+01
1.458999999999999453e+01
1.459249999999999403e+01
1.459499999999999353e+01
1.459749999999999304e+01
1.459874999999999545e+01
1.459999999999999964e+01
1.460250000000000803e+01
1.460500000000001641e+01
1.461000000000003318e+01
1.461250000000003268e+01
1.461750000000003347e+01
1.462000000000003297e+01
1.462500000000003375e+01
1.462750000000003325e+01
1.463250000000003403e+01
1.464000000000000057e+01
1.464500000000000135e+01
1.465500000000000114e+01
1.466500000000000092e+01
1.467500000000000071e+01
1.467999999999999972e+01
1.468999999999999773e+01
1.469999999999999751e+01
1.470999999999999730e+01
1.471999999999999709e+01
1.472999999999999687e+01
1.473999999999999666e+01
1.474999999999999645e+01
1.475999999999999623e+01
1.476499999999999702e+01
1.476999999999999780e+01
1.477999999999999758e+01
1.478499999999999837e+01
1.478999999999999915e+01
1.479249999999999865e+01
1.479499999999999815e+01
1.479999999999999893e+01
1.480249999999999844e+01
1.480499999999999794e+01
1.480749999999999744e+01
1.480999999999999694e+01
1.481249999999999645e+01
1.481749999999999723e+01
1.481999999999999673e+01
1.482249999999999623e+01
1.482499999999999574e+01
1.482749999999999524e+01
1.483249999999999602e+01
1.483437499999999787e+01
1.483624999999999972e+01
1.483812499999999979e+01
1.483999999999999986e+01
1.484187499999999993e+01
1.484562500000000007e+01
1.484750000000000014e+01
1.484937500000000021e+01
1.485125000000000028e+01
1.485312500000000036e+01
1.485500000000000043e+01
1.485875000000000057e+01
1.486250000000000071e+01
1.486625000000000085e+01
1.486812500000000092e+01
1.487000000000000099e+01
1.487375000000000114e+01
1.487687500000000185e+01
1.488000000000000078e+01
1.488312499999999972e+01
1.488624999999999865e+01
1.488937499999999758e+01
1.489249999999999652e+01
1.489562499999999545e+01
1.489874999999999439e+01
1.490499999999999226e+01
1.491499999999999204e+01
1.491999999999999993e+01
1.492999999999999972e+01
1.493999999999999950e+01
1.494999999999999929e+01
1.495999999999999908e+01
1.496999999999999886e+01
1.497999999999999865e+01
1.498999999999999844e+01
1.499999999999999822e+01
