1.380514390766620636e-01
3.658538579475134611e-02
2.639382588677108288e-02
1.629453990608453751e-02
1.404404931236058474e-02
1.254195487126708031e-02
1.202152075711637735e-02
1.197897840756922960e-02
1.153959042858332396e-02
1.149745041038841009e-02
1.161100645549595356e-02
1.157890795730054379e-02
1.170283975079655647e-02
1.156009722035378218e-02
1.122320431750267744e-02
1.112250483129173517e-02
1.118519727606326342e-02
1.118677086196839809e-02
1.057637494523078203e-02
1.011342846322804689e-02
9.846895234659314156e-03
9.439211338758468628e-03
9.021509846206754446e-03
8.663442335091531277e-03
8.651410927996039391e-03
8.085613721050322056e-03
7.620953954756259918e-03
7.139713037759065628e-03
7.513179909437894821e-03
6.255279819015413523e-03
6.093064148444682360e-03
6.600441702175885439e-03
5.812604562379419804e-03
5.443868576548993587e-03
5.027104692999273539e-03
5.059368617366999388e-03
5.051746731624007225e-03
5.067233811132609844e-03
4.718594485893845558e-03
4.643711377866566181e-03
4.744990204926580191e-03
4.685156978666782379e-03
4.597864637617021799e-03
4.164765792666003108e-03
4.234436404658481479e-03
4.037237085867673159e-03
4.068164533236995339e-03
4.141260636970400810e-03
3.816827695118263364e-03
3.918988688383251429e-03
3.871414810419082642e-03
4.346749861724674702e-03
3.770952229388058186e-03
3.708489093696698546e-03
3.334442299092188478e-03
3.333229513373225927e-03
3.136400366201996803e-03
3.281651181168854237e-03
3.382846189197152853e-03
3.372321341885253787e-03
3.137165418593212962e-03
3.015372873051092029e-03
3.271663183113560081e-03
3.129407297819852829e-03
3.161815489875152707e-03
2.861271670553833246e-03
2.623106935061514378e-03
2.985974395414814353e-03
2.907837217207998037e-03
2.863007073756307364e-03
2.859950356651097536e-03
2.905750094214454293e-03
3.130905533907935023e-03
2.896702935686334968e-03
3.460107865976169705e-03
3.215354110579937696e-03
3.640897135483101010e-03
3.078087524045258760e-03
2.492680709110572934e-03
2.749165811110287905e-03
2.705277584027498960e-03
2.629510592669248581e-03
2.363319275900721550e-03
2.447071514325216413e-03
2.521991671528667212e-03
2.697272226214408875e-03
2.762523101409897208e-03
2.905372617533430457e-03
2.633323252666741610e-03
2.540529909310862422e-03
2.344420179724693298e-03
2.305203815922141075e-03
2.172897482523694634e-03
2.720268646953627467e-03
3.706386312842369080e-03
3.417668165639042854e-03
3.158278472255915403e-03
3.367320634424686432e-03
3.437073784880340099e-03
3.068324818741530180e-03
2.702696394408121705e-03
2.567658841144293547e-03
2.236457861727103591e-03
2.399687175056897104e-03
2.470968145644292235e-03
2.381773840170353651e-03
2.010891490499489009e-03
1.853016030509024858e-03
1.836102703236974776e-03
1.845137783675454557e-03
1.759454506100155413e-03
1.749000701238401234e-03
1.754899931256659329e-03
1.825331346481107175e-03
1.737853192025795579e-03
1.774125150404870510e-03
1.837880728999152780e-03
1.891367879579775035e-03
1.910694234538823366e-03
1.893941327580250800e-03
1.944515999639406800e-03
1.951511163497343659e-03
1.866649574367329478e-03
1.736647944198921323e-03
1.862283665104769170e-03
1.869834275566972792e-03
1.771174182067625225e-03
1.853603011113591492e-03
2.064623811747878790e-03
1.691329118330031633e-03
1.843663107138127089e-03
1.752494892571121454e-03
1.670717203523963690e-03
1.706324532278813422e-03
1.640166476136073470e-03
1.661140777287073433e-03
1.737875732942484319e-03
1.877656497526913881e-03
1.772363815689459443e-03
1.774348551407456398e-03
1.660770649323239923e-03
1.710921889753080904e-03
1.663099188590422273e-03
1.682220536167733371e-03
1.886586571345105767e-03
1.778478792402893305e-03
1.764426735462620854e-03
1.698082211078144610e-03
1.960868292371742427e-03
1.789842179277911782e-03
1.843799604102969170e-03
1.950232530361972749e-03
1.870455613243393600e-03
1.778054109308868647e-03
1.651542130275629461e-03
1.603744225576519966e-03
1.491477858508005738e-03
1.453236851375550032e-03
1.458157392335124314e-03
1.512524395366199315e-03
1.502973726019263268e-03
1.459892766433767974e-03
1.453679898986592889e-03
1.431161494110710919e-03
1.448430964956060052e-03
1.586288562975823879e-03
1.452418306143954396e-03
1.408207230269908905e-03
1.542581187095493078e-03
1.502911312854848802e-03
1.501544960774481297e-03
1.469157054089009762e-03
1.414670681697316468e-03
1.426650735083967447e-03
1.410077718901447952e-03
1.419444772182032466e-03
1.408211872330866754e-03
1.440628780983388424e-03
1.404788607032969594e-03
1.489709349698387086e-03
1.513188544777221978e-03
1.448266644729301333e-03
1.388329255860298872e-03
1.379728360916487873e-03
1.487448433181270957e-03
1.406708237482234836e-03
1.408876312780193985e-03
1.467921072617173195e-03
1.565021666465327144e-03
1.402051188051700592e-03
1.433826531865634024e-03
1.436517428373917937e-03
1.408163807354867458e-03
1.407442163326777518e-03
1.346824356005527079e-03
1.379307679599151015e-03
1.415175065631046891e-03
1.412922851159237325e-03
1.435935002518817782e-03
1.442023625713773072e-03
1.382321803248487413e-03
1.344271004199981689e-03
1.441392232663929462e-03
1.392251157085411251e-03
1.369785721180960536e-03
1.408919823006726801e-03
1.377163163851946592e-03
1.396020976244471967e-03
1.392865116940811276e-03
1.410798795404843986e-03
1.474752250942401588e-03
1.472726653446443379e-03
1.531052897917106748e-03
1.492207840783521533e-03
1.417813589796423912e-03
1.410031691193580627e-03
1.385241121170111001e-03
1.408178010024130344e-03
1.319304195931181312e-03
1.323602991760708392e-03
1.322831143625080585e-03
1.292698070756159723e-03
1.374305749777704477e-03
1.414662459865212440e-03
1.333097767201252282e-03
1.454440876841545105e-03
1.378596134600229561e-03
1.333990818238817155e-03
1.365921329124830663e-03
1.322185824392363429e-03
1.378791945171542466e-03
1.268707230337895453e-03
1.422462330083362758e-03
1.458334954804740846e-03
1.417247622157447040e-03
1.485536806285381317e-03
1.314941007876768708e-03
1.379648674628697336e-03
1.544395039672963321e-03
1.446698748623020947e-03
1.400612614816054702e-03
1.390147648635320365e-03
1.383291149977594614e-03
1.411605597240850329e-03
1.406250972650013864e-03
1.423211549990810454e-03
1.295534908422268927e-03
1.205973909236490726e-03
1.216093296534381807e-03
1.378811983158811927e-03
1.217245153384283185e-03
1.230048219440504909e-03
1.211652313941158354e-03
1.233042086823843420e-03
1.212883682455867529e-03
1.194979282445274293e-03
1.154463112470693886e-03
1.296579386689700186e-03
1.209498441312462091e-03
1.227401822688989341e-03
1.292781264055520296e-03
1.277948278584517539e-03
1.265329032321460545e-03
1.238134485902264714e-03
1.203325417009182274e-03
1.247825857717543840e-03
1.226897162268869579e-03
1.167297930805943906e-03
1.197617835714481771e-03
1.208069515996612608e-03
1.223816332640126348e-03
1.177662619738839567e-03
1.175413766759447753e-03
1.206073255161754787e-03
1.184202075819484890e-03
1.131392345996573567e-03
1.187731744721531868e-03
1.239535296917892992e-03
1.143832123489119112e-03
1.253547859960235655e-03
1.138069157605059445e-03
1.219647194375284016e-03
1.150505864643491805e-03
1.196433819131925702e-03
1.233571252669207752e-03
1.185899716801941395e-03
1.145280111813917756e-03
1.146005699411034584e-03
1.164228699053637683e-03
1.128017785958945751e-03
1.211622497066855431e-03
1.253420326975174248e-03
1.182812426122836769e-03
1.212121191201731563e-03
1.163049222668632865e-03
1.123564346926286817e-03
1.235281873960047960e-03
1.180643375846557319e-03
1.200717873871326447e-03
1.136013073846697807e-03
1.178607679321430624e-03
1.152944343630224466e-03
1.182942913146689534e-03
1.147239105193875730e-03
1.118099171435460448e-03
1.172608666820451617e-03
1.141797649324871600e-03
1.180004983325488865e-03
1.173877462861128151e-03
1.194350101286545396e-03
1.171398485894314945e-03
1.222413906361907721e-03
1.136129198130220175e-03
1.176535253762267530e-03
1.124821224948391318e-03
1.213487063068896532e-03
1.161371415946632624e-03
1.117372812586836517e-03
1.178250895463861525e-03
1.147841205238364637e-03
1.240214958670549095e-03
1.119620952522382140e-03
1.109322154661640525e-03
1.177623707917518914e-03
1.123213049140758812e-03
1.126864837715402246e-03
1.194216922158375382e-03
1.163067383458837867e-03
1.154423531261272728e-03
1.112106343498453498e-03
1.100954163121059537e-03
1.110683588194660842e-03
1.126544724684208632e-03
1.131692464696243405e-03
1.159881081548519433e-03
1.098457913030870259e-03
1.183414395200088620e-03
1.237550735822878778e-03
1.114290294935926795e-03
1.179955550469458103e-03
1.175499521195888519e-03
1.146746275480836630e-03
1.117358027840964496e-03
1.156686033937148750e-03
1.118521453463472426e-03
1.244914761628024280e-03
1.178006292320787907e-03
1.133018580731004477e-03
1.113088568672537804e-03
1.084769013687036932e-03
1.134314079536125064e-03
1.145177157013677061e-03
1.146954993600957096e-03
1.125541806686669588e-03
1.087664626538753510e-03
1.082824543118476868e-03
1.169563678558915854e-03
1.144594731158576906e-03
1.167746624560095370e-03
1.099576969863846898e-03
1.102743597584776580e-03
1.099805245758034289e-03
1.090260848286561668e-03
1.097560190828517079e-03
1.127570081735029817e-03
1.075698703061789274e-03
1.101262067095376551e-03
1.129601791035383940e-03
1.147987393778748810e-03
1.128716947278007865e-03
1.105627365177497268e-03
1.133169324020855129e-03
1.147637813119217753e-03
1.122528599807992578e-03
1.111098783439956605e-03
1.083652969100512564e-03
1.207691413583233953e-03
1.117029431043192744e-03
1.097459724405780435e-03
1.120987813919782639e-03
1.136632054112851620e-03
1.133706406108103693e-03
1.129763593780808151e-03
1.134686419391073287e-03
1.136540959123522043e-03
1.228151886607520282e-03
1.151797463535331190e-03
1.166292335256002843e-03
1.086320800823159516e-03
1.073936902685090899e-03
1.128472984419204295e-03
1.146398572018370032e-03
1.110122801037505269e-03
1.080918504158034921e-03
1.193639254779554904e-03
1.089993471396155655e-03
1.093432205379940569e-03
1.104479102650657296e-03
1.107194824726320803e-03
1.165165216661989689e-03
1.114331884309649467e-03
1.086182630388066173e-03
1.117333391448482871e-03
1.052928870194591582e-03
1.111668505473062396e-03
1.101864661904983222e-03
1.065776217728853226e-03
1.054163876688107848e-03
1.098511653253808618e-03
1.072657410986721516e-03
1.102428257581777871e-03
1.168180155218578875e-03
1.180545150418765843e-03
1.079393899999558926e-03
1.139950443757697940e-03
1.084497940610162914e-03
1.068095691152848303e-03
1.098958266084082425e-03
1.149036805145442486e-03
1.166512593044899404e-03
1.087058175471611321e-03
1.222049264470115304e-03
1.167160633485764265e-03
1.123126945458352566e-03
1.161279040388762951e-03
1.110688564949668944e-03
1.135653219535015523e-03
1.190507115097716451e-03
1.103430418879725039e-03
1.147804025094956160e-03
1.104422583011910319e-03
1.056525652529671788e-03
1.074370302376337349e-03
1.133376368670724332e-03
1.081197391613386571e-03
1.110327400965616107e-03
1.099218730814754963e-03
1.071744714863598347e-03
1.127145616919733584e-03
1.127720708609558642e-03
1.060913738911040127e-03
1.048484933562576771e-03
1.157559105195105076e-03
1.097469328669831157e-03
1.077221342711709440e-03
1.159994382760487497e-03
1.087596348952502012e-03
1.088930206606164575e-03
1.046822260832414031e-03
1.101059649954549968e-03
1.113902835641056299e-03
1.052761741448193789e-03
1.059419693774543703e-03
1.093892351491376758e-03
1.010993481031619012e-03
1.035591383697465062e-03
1.067773700924590230e-03
1.159720995929092169e-03
1.028266531648114324e-03
1.058515365002676845e-03
1.080279442248865962e-03
1.116247774916701019e-03
1.076629472663626075e-03
1.048602964146994054e-03
1.083624709281139076e-03
1.033713255310431123e-03
1.135269732913002372e-03
1.158989936811849475e-03
1.039937022142112255e-03
1.047103913151659071e-03
1.098313354304991663e-03
1.057251472957432270e-03
1.077009743312373757e-03
1.114213286200538278e-03
1.093467697501182556e-03
1.129033335018903017e-03
1.166943198768422008e-03
1.065479198587127030e-03
1.055187429301440716e-03
1.031013860483653843e-03
1.055500659276731312e-03
1.046637727995403111e-03
1.070928745320998132e-03
1.070615559001453221e-03
1.069538848241791129e-03
1.040753581037279218e-03
1.054954496794380248e-03
1.053723055520094931e-03
1.046924342517741024e-03
1.141678076237440109e-03
1.089957062504254282e-03
1.150000811321660876e-03
1.071203630999661982e-03
1.048573045409284532e-03
1.085476324078626931e-03
1.037748210364952683e-03
1.063654461177065969e-03
1.055913286108989269e-03
1.045683762640692294e-03
1.045410826918669045e-03
