1.000000000000000000e+00
9.999929601988817307e-01
9.999772954472888609e-01
9.999670548735164477e-01
9.999602335195210134e-01
9.999445166999222367e-01
9.999302180129222561e-01
9.999236137373683775e-01
9.999115973673809998e-01
9.998969094290384163e-01
9.998896279560973710e-01
9.998813670926868236e-01
9.998680790038650956e-01
9.998590753375745654e-01
9.998510935316702319e-01
9.998374145047479455e-01
9.998258073599641804e-01
9.998176327318228918e-01
9.998049222407252579e-01
9.997918622344809103e-01
9.997841871733456065e-01
9.997748124375590573e-01
9.997628856334073166e-01
9.997546163194470648e-01
9.997465848758492202e-01
9.997353252271770074e-01
9.997255238659060739e-01
9.997166932617402857e-01
9.997051128835624523e-01
9.996941789218821706e-01
9.996856315151387840e-01
9.996757241528440030e-01
9.996652444965294926e-01
9.996573128887320525e-01
9.996495264296533234e-01
9.996401901034536186e-01
9.996315850872687925e-01
9.996234802909177430e-01
9.996141247379517480e-01
9.996047003914213525e-01
9.995960288055596443e-01
9.995868638457887645e-01
9.995777923299700163e-01
9.995700304584762552e-01
9.995602909852061568e-01
9.995241503299826524e-01
9.994776868167560835e-01
9.994282846687405630e-01
9.993768922278857270e-01
9.993230919291915537e-01
9.992663128085852442e-01
9.992073030451714688e-01
9.991457362266958908e-01
9.990804436220243057e-01
9.990118862229997454e-01
9.989405650267499936e-01
9.988658947343331818e-01
9.987882247290572613e-01
9.987083590562720881e-01
9.986261278615515824e-01
9.985417593668397540e-01
9.984558609094157378e-01
9.983679375461439465e-01
9.982776386791990531e-01
9.981855083149574481e-01
9.980913847326168264e-01
9.979947503572230705e-01
9.978961426172798799e-01
9.977960669927710136e-01
9.976944591232931314e-01
9.975917890969220325e-01
9.974885389746489528e-01
9.973845685973683484e-01
9.972800971831037309e-01
9.971754491541113818e-01
9.970702114356329027e-01
9.969545923587859182e-01
9.968341917367556926e-01
9.967121925399307081e-01
9.965883566760203038e-01
9.964631392247375041e-01
9.963389132327162834e-01
9.962173999383173717e-01
9.960986601511935268e-01
9.959825150763758073e-01
9.958686545288395475e-01
9.957560987074887127e-01
9.956438407601098106e-01
9.955310990232195678e-01
9.954171386174283098e-01
9.953021645987599753e-01
9.951876062626018316e-01
9.950746221098779598e-01
9.949635327252578376e-01
9.948550061877862172e-01
9.947498861535724046e-01
9.946476873666112439e-01
9.945469371226618449e-01
9.944466073383690929e-01
9.943460395721993583e-01
9.942445035910506546e-01
9.941418315230197145e-01
9.940384768356321787e-01
9.939349246846395092e-01
9.938321176046625016e-01
9.937312194689157385e-01
9.936321645209214015e-01
9.935342145487376930e-01
9.934372812750227322e-01
9.933408492692608061e-01
9.932434880229896734e-01
9.931445360478595719e-01
9.930442854286964938e-01
9.929429904114757122e-01
9.928413668323324837e-01
9.927406912406619988e-01
9.926417575931339998e-01
9.925452025313068471e-01
9.924519570514058753e-01
9.923620498865759476e-01
9.922746758031368852e-01
9.921897610029941639e-01
9.921075884746882734e-01
9.920279214153645553e-01
9.919510602655619014e-01
9.918781930742470720e-01
9.918103191639692229e-01
9.917483657271414232e-01
9.916934494059037597e-01
9.916459603576156523e-01
9.916057476029730422e-01
9.915729575021009490e-01
9.915473663464626775e-01
9.915282032182552996e-01
9.915154307263635003e-01
9.915097720164102180e-01
9.915118769632675910e-01
9.915227667601618222e-01
9.915441215463630664e-01
9.915775409625264825e-01
9.916244946285738271e-01
9.916865935289900236e-01
9.917650926898966546e-01
9.918609602105054046e-01
9.919755956345605030e-01
9.921105654344768432e-01
9.922672168308543927e-01
9.924473029797346024e-01
9.926530831313512548e-01
9.928866075530420332e-01
9.931496738431319082e-01
9.934342022381430493e-01
9.937248421927544761e-01
9.940476580980094345e-01
9.944034435707893582e-01
9.947927355252833559e-01
9.952158860407365193e-01
9.956731533473069939e-01
9.961646379164594833e-01
9.966902794533321064e-01
9.969632986008732933e-01
9.968829820777459494e-01
9.968050635260660153e-01
9.967292340079580981e-01
9.966570254741692336e-01
9.965901907020774386e-01
9.964894491644353813e-01
9.961803845176255834e-01
9.951320712749653907e-01
9.940541950682760808e-01
9.929502494682745928e-01
9.918244286272884791e-01
9.906812681937340326e-01
9.895254931191274084e-01
9.883620543090594346e-01
9.871959608348238602e-01
9.860320941153049024e-01
9.848752531953932632e-01
9.837302489238833880e-01
9.826019297678761921e-01
9.814952109437835581e-01
9.804150450838420294e-01
9.793662863065244473e-01
9.783536181129670606e-01
9.773814150702628822e-01
9.764535635955112758e-01
9.755732818021988217e-01
9.747431420849100858e-01
9.739651826136231927e-01
9.732408623348628440e-01
9.725711106718757382e-01
9.719564970123222292e-01
9.713972949133610202e-01
9.708934096073975617e-01
9.704443324299937279e-01
9.700490635141094664e-01
9.697059756591728252e-01
9.694128018410488323e-01
9.691666368023343914e-01
9.689638601502916782e-01
9.688002096842752708e-01
9.686764143736807942e-01
9.685947854860503803e-01
9.685430232578188248e-01
9.685081117011545837e-01
9.684920064086636193e-01
9.684883091190985560e-01
9.684800554741949119e-01
9.684607760738778159e-01
9.684247971621228190e-01
9.683612582607048491e-01
9.682718145508779628e-01
9.681595583912844249e-01
9.680122833772961677e-01
9.678255760069810476e-01
9.676088474314458177e-01
9.673556829637581789e-01
9.670498929045086012e-01
9.666926931029518055e-01
9.662874276098343262e-01
9.658255177725120211e-01
9.653073037965805847e-01
9.647412990230608276e-01
9.641272491429092595e-01
9.634704862465088837e-01
9.627859409511403399e-01
9.620746425622657139e-01
9.613342725408924316e-01
9.605798865397507935e-01
9.598207129201892229e-01
9.590519293107937493e-01
9.582830028924100851e-01
9.575314197659274829e-01
9.568031001863557261e-01
9.561088636450699729e-01
9.554673280460194151e-01
9.548867547520785148e-01
9.543752394445205178e-01
9.539491676275623222e-01
9.536139375786766292e-01
9.533666226718273684e-01
9.532155103657508066e-01
9.531682113365421705e-01
9.532193702704349070e-01
9.533684811217987276e-01
9.536216876995465830e-01
9.539757188548249056e-01
9.544255631959425168e-01
9.549710144050551630e-01
9.556035692758861888e-01
9.563106702037282858e-01
9.570864648426881116e-01
9.579200361553541487e-01
9.587930449847230641e-01
9.596949169195859719e-01
9.606186167637221773e-01
9.615496586815078794e-01
9.624752373348136603e-01
9.633879535097187308e-01
9.642762516498787351e-01
9.651268300315954951e-01
9.659295425873317686e-01
9.666712215537500708e-01
9.673367460225538172e-01
9.679163660384340062e-01
9.684010512913413526e-01
9.687785424020872727e-01
9.690412530025714899e-01
9.691871586956226636e-01
9.692123240241486970e-01
9.691131911684447431e-01
9.688906129504741838e-01
9.685457257433738310e-01
9.680797941930250339e-01
9.674975700045074234e-01
9.668049364776387655e-01
9.660084811276162808e-01
9.651194090173078610e-01
9.641519267230942436e-01
9.631198008166892421e-01
9.620385250356682239e-01
9.609266565890228762e-01
9.598024167234516790e-01
9.586823936664344847e-01
9.575834762647652543e-01
9.565225141296190836e-01
9.555151059675505154e-01
9.545763729270866360e-01
9.537210219557126223e-01
9.529625053232380072e-01
9.523138850047782045e-01
9.517880231354614029e-01
9.513954654646472608e-01
9.511439031486911277e-01
9.510398103494752675e-01
9.510879949035656589e-01
9.512898763463623064e-01
9.516442435925086540e-01
9.521486748979719472e-01
9.527990431484004707e-01
9.535890989303810183e-01
9.545111328220491353e-01
9.555557247796699905e-01
9.567112202626540940e-01
9.579644338317724328e-01
9.593003103512817153e-01
9.607007331823866902e-01
9.621457013733096808e-01
9.636148745175133756e-01
9.650866305002560042e-01
9.665378486527831381e-01
9.679459918852428846e-01
9.692894445024039518e-01
9.705467257068856046e-01
9.716975251404226244e-01
9.727229878417917863e-01
9.736050070453835525e-01
9.743272589570515230e-01
9.748759543711269515e-01
9.752388780054660478e-01
9.754058543760399935e-01
9.753705306617104220e-01
9.751299034244217401e-01
9.746834324659623405e-01
9.740341750409351462e-01
9.731889976199147307e-01
9.721573342001117446e-01
9.709513319006362053e-01
9.695860368895535819e-01
9.680781679637785464e-01
9.664464810683210949e-01
9.647123165217067475e-01
9.628985723406277009e-01
9.610293206025284363e-01
9.591303366574753797e-01
9.572290550017363842e-01
9.553532257544519180e-01
9.535308036957123035e-01
9.517896488197764571e-01
9.501566244020976937e-01
9.486573831757313391e-01
9.473162560997727688e-01
9.461556091743393848e-01
9.451954973068118493e-01
9.444540533071436039e-01
9.439468546222892220e-01
9.436861356396570866e-01
9.436811531250995921e-01
9.439380219383628479e-01
9.444587521675675834e-01
9.452411940466851625e-01
9.462793183430138200e-01
9.475629132863206960e-01
9.490776211258852291e-01
9.508054818373657957e-01
9.527249503087780180e-01
9.548110769136006759e-01
9.570363110423149022e-01
9.593705480162688648e-01
9.617809316318647328e-01
9.642332195577052456e-01
9.666924137279261364e-01
9.691222510512739197e-01
9.714859809495537402e-01
9.737475019048429381e-01
9.758711158053341439e-01
9.778227621862181085e-01
9.795705057051579123e-01
9.810849691700508357e-01
9.823395584571478212e-01
9.833111879859040005e-01
9.839805743750792422e-01
9.843322802034648600e-01
9.843549901822539194e-01
9.840419140575829005e-01
9.833909014661578185e-01
9.824044921019265963e-01
9.810901109881968729e-01
9.794601709388469635e-01
9.775320587072690026e-01
9.753279883593791721e-01
9.728747723660784441e-01
9.702035644744892995e-01
9.673496152363353362e-01
9.643514325673386844e-01
9.612505042270272915e-01
9.580904732094068788e-01
9.549170037778095255e-01
9.517775604751057550e-01
9.487190079504136397e-01
9.457879289958722735e-01
9.430301588491361020e-01
9.404900418294243059e-01
9.382094907633202752e-01
9.362274092669453651e-01
9.345790084425525945e-01
9.332951158005492465e-01
9.324016146831959340e-01
9.319191008402232246e-01
9.318624411163609622e-01
9.322405058797489374e-01
9.330560682594016830e-01
9.343056437050021312e-01
9.359793685503843275e-01
9.380609725571941171e-01
9.405279928045251481e-01
9.433520164770115013e-01
9.464988447762401336e-01
9.499288605969982147e-01
9.535978704709973108e-01
9.574572458491297233e-01
9.614538726284378445e-01
9.655308513383337177e-01
9.696304058756115563e-01
9.736924212217387131e-01
9.776564025112772782e-01
9.814619570057305786e-01
9.850501119488159762e-01
9.883639078022578017e-01
9.913492866422121130e-01
9.936158108244337317e-01
9.930874144951027382e-01
9.925594048673137548e-01
9.920423816266092931e-01
9.915601727421918810e-01
9.911234764618167548e-01
9.907397435937721486e-01
9.904157414441553398e-01
9.901574342518412175e-01
9.899698806716804578e-01
9.898571704053796827e-01
9.890244848840034075e-01
9.854072791285588551e-01
9.813649192024724854e-01
9.769486199453092379e-01
9.722164495607265033e-01
9.672327283031786349e-01
9.620671011240738979e-01
9.567929978291778159e-01
9.514880925196976813e-01
9.462310068268117158e-01
9.410994291486460828e-01
9.361710725380064657e-01
9.315225170413961031e-01
9.272277105763688798e-01
9.233564665971785157e-01
9.199733654997068744e-01
9.171368845228139444e-01
9.148985217120120250e-01
9.133020126598486721e-01
9.123826380592418017e-01
9.121666313674245963e-01
9.126706652679126286e-01
9.139014725539693629e-01
9.158555911963383034e-01
9.185191834542946188e-01
9.218679981215270880e-01
9.258673831273824817e-01
9.304724634631301727e-01
9.356284266724117504e-01
9.412708857944392937e-01
9.473274332731279612e-01
9.537184117128798544e-01
9.603582979793255925e-01
9.671518324651023901e-01
9.740013047686554293e-01
9.808052887264078201e-01
9.874614873840587004e-01
9.938687890900627098e-01
9.956174565869851945e-01
9.947027295620591847e-01
9.909296847850324053e-01
9.873006957758011515e-01
9.842136082268778674e-01
9.817259296559072146e-01
9.798873938764983693e-01
9.787389756095732363e-01
9.783120621206594647e-01
9.786277588319954868e-01
9.796963397644772309e-01
9.815168758361274559e-01
9.840770427016983790e-01
9.861728816064208036e-01
9.861079582257495924e-01
9.861791880078498718e-01
9.863880112657378296e-01
9.867197986312749025e-01
9.807828262343991632e-01
9.725217173023744666e-01
9.639356825292576536e-01
9.551484489155521729e-01
9.462921352868669533e-01
9.374955833188806098e-01
9.288895253424458431e-01
9.206068270187928171e-01
9.127764777305300559e-01
9.055218954186842195e-01
8.989598454642031555e-01
8.931985071329234804e-01
8.883359981576981479e-01
8.844586764233399734e-01
8.816393880179916875e-01
8.799361991797501892e-01
8.793922220638877851e-01
8.800359819153423802e-01
8.818815353705004023e-01
8.849278802165043700e-01
8.891576797388851539e-01
8.945359252709103037e-01
9.010095048199173728e-01
9.085079867590665215e-01
9.169444293866838569e-01
9.262161692745199959e-01
9.362048161953373526e-01
9.467773016558076460e-01
9.577919463189868976e-01
9.690953613101388475e-01
9.805193479197548134e-01
9.918916820493797193e-01
9.977874896252988401e-01
9.891915646074974644e-01
9.809981214117371451e-01
9.733384418682428096e-01
9.663405616801670206e-01
9.601237784319144319e-01
9.547979943233065869e-01
9.504600310152779841e-01
9.471937900945212041e-01
9.450696523289958684e-01
9.441427496725391943e-01
9.444517755597138242e-01
9.460179494620253315e-01
9.488443019874315265e-01
9.529152956273780894e-01
9.581967282595280633e-01
9.646350584335066092e-01
9.721563556768764158e-01
9.802413142781162270e-01
9.807860918195449029e-01
9.815565314191820878e-01
9.822687378356050880e-01
9.679936204191210702e-01
9.533470981976005509e-01
9.385566558908625678e-01
9.238406963642614711e-01
9.094283292977544120e-01
8.955439551542015986e-01
8.824096052797125722e-01
8.702561120247822579e-01
8.593243161924248863e-01
8.498150648553333131e-01
8.418540173290272044e-01
8.341070115019126874e-01
8.293131206767410113e-01
8.266272232686910915e-01
8.257107629559314876e-01
8.264918968058544424e-01
8.289633410184272799e-01
8.331409495553033784e-01
8.390510720905524078e-01
8.494542285071459142e-01
8.595687026289601240e-01
8.715033996728470678e-01
8.851472172030326879e-01
9.002886901578804890e-01
9.166944073154580375e-01
9.341376411088985199e-01
9.523757705544932950e-01
9.711540410750167940e-01
9.901832283812319613e-01
9.929487637816726275e-01
9.785457964327169966e-01
9.646417627014615137e-01
9.508710324314894047e-01
9.379096001013932371e-01
9.260244470526919347e-01
9.154164486007216883e-01
9.062687094111884223e-01
8.987450526318268018e-01
8.929882412088618882e-01
8.891167350742370523e-01
8.872219795832819722e-01
8.873702848726465753e-01
8.896025983398515580e-01
8.939348193872599380e-01
9.003540244039731633e-01
9.088157548737348934e-01
9.192400591479318317e-01
9.315133689675920703e-01
9.454884270229829690e-01
9.609885699627592759e-01
9.719977193708918550e-01
9.736035867610859373e-01
9.755570815018832498e-01
9.519749434551109113e-01
9.272833740363892741e-01
9.027060182054242876e-01
8.786528483527655808e-01
8.556540546409540093e-01
8.337104792058142033e-01
8.151356546290471350e-01
7.996973097635331484e-01
7.872258364744515458e-01
7.775303387254869358e-01
7.703602400926101712e-01
7.654543561893984993e-01
7.625923255276241264e-01
7.616201429587807770e-01
7.624571771314552215e-01
7.650922980258221262e-01
7.695829287367701443e-01
7.760584181657271818e-01
7.847250650570859465e-01
7.958615300691591621e-01
8.097940606175462186e-01
8.268523936335894220e-01
8.566999798127069576e-01
8.829714968913436879e-01
9.115414093474000223e-01
9.416375523673178316e-01
9.727598274256717970e-01
9.847279203014097648e-01
9.714698194898179207e-01
9.473299961824919180e-01
9.240598026656551278e-01
9.020506123914775465e-01
8.804891188896943888e-01
8.606888482587314870e-01
8.386504759850128554e-01
8.224452855749331270e-01
8.101149161564819012e-01
8.010874300204775533e-01
7.950571410227393887e-01
7.917952063844141408e-01
7.911599945235548992e-01
7.931237367567214314e-01
7.977748342947774685e-01
8.053172274025335309e-01
8.160446199004440793e-01
8.302718513149852653e-01
8.626990294735933373e-01
8.852827217839284168e-01
9.106868398331686709e-01
9.384602228255544132e-01
9.584819461633311555e-01
9.616725113654210899e-01
9.523950959210952805e-01
9.112126911571744037e-01
8.702940421296214701e-01
8.312872277383974717e-01
7.964133900715341108e-01
7.678690440751180235e-01
7.461447694192578917e-01
7.301896295054123298e-01
7.183011672773560452e-01
7.093290890867679499e-01
7.027487816538862120e-01
6.982677704780470007e-01
6.956663986877500427e-01
6.947870095327538520e-01
6.955424973030146507e-01
6.979164085505843440e-01
7.019639763914474750e-01
7.078154820315398776e-01
7.156771602623663853e-01
7.258203636829101413e-01
7.385747660634676137e-01
7.544405432799841105e-01
7.744611097633005148e-01
8.003999889489485930e-01
8.725643680469532537e-01
9.214944559809884472e-01
9.650155899745079813e-01
9.704836371514623528e-01
9.382788152989959274e-01
8.980951234268684802e-01
8.597942454963565240e-01
8.237081226269288292e-01
7.903372770111718459e-01
7.649513802695353526e-01
7.468044118415725352e-01
7.337767470025436944e-01
7.242418264207624023e-01
7.173157183334794018e-01
7.125766134455630008e-01
7.098033940257663099e-01
7.088965463596759164e-01
7.098420943078758150e-01
7.127077757678288439e-01
7.176390416111235737e-01
7.248716658810849811e-01
7.347620397985525909e-01
7.479593920659787232e-01
7.657268740373709415e-01
7.899542404984055688e-01
8.703382960426967463e-01
9.191745300044117384e-01
9.382115924041777300e-01
9.443268040480436998e-01
8.890553925529470769e-01
8.231427491753859904e-01
7.637539634319935322e-01
7.211471529521651380e-01
6.940790564560799236e-01
6.747178094346731880e-01
6.606256530814327288e-01
6.503175711606531406e-01
6.427556992463725472e-01
6.373562334846420985e-01
6.337590188963877491e-01
6.317270923788999015e-01
6.310990459024308219e-01
6.317731379360337352e-01
6.336990225128684706e-01
6.368797714178382474e-01
6.413753937549395712e-01
6.473142153056617998e-01
6.549110624761129706e-01
6.645177289204494686e-01
6.767156933651133910e-01
6.924673239023048099e-01
7.133670580541142670e-01
7.410057594433991923e-01
8.868717600387828748e-01
9.373465605932468359e-01
9.461692463548059262e-01
8.875095187463757362e-01
8.228568850678933400e-01
7.674241095635685461e-01
7.328763485597737937e-01
7.096016978574286593e-01
6.920711960936424267e-01
6.785995789636919406e-01
6.678680478006058241e-01
6.592583970558181239e-01
6.524682823563231482e-01
6.473724332584743779e-01
6.439272250390656316e-01
6.421436787048532269e-01
6.420518983683030090e-01
6.437057459816770688e-01
6.471709760857542459e-01
6.525462267306887387e-01
6.599777626278269249e-01
6.696877211690500653e-01
6.820162585000445477e-01
6.976965541013773198e-01
7.181990797413956296e-01
8.359356058322555683e-01
8.991338254382406081e-01
9.090270563228785017e-01
8.593739057544362847e-01
7.532807475860670010e-01
6.810037130251939130e-01
6.453540704111079274e-01
6.228668150259804026e-01
6.070345135322725572e-01
5.954876195980222109e-01
5.871062077871909146e-01
5.812095108051815728e-01
5.773189958749164186e-01
5.750750006621865307e-01
5.741852802452037663e-01
5.744179329307592674e-01
5.755904531082840503e-01
5.775766516894181857e-01
5.803048820665734908e-01
5.837645941333715616e-01
5.880117210030708641e-01
5.931785038642930497e-01
5.994907191943955604e-01
6.072936874650674000e-01
6.171078811574337575e-01
6.296988923998168008e-01
6.461349409444928638e-01
6.686243429055099829e-01
8.917647112965474410e-01
9.056591741425559228e-01
8.129362040445685667e-01
7.199493985785027084e-01
6.814380438625110559e-01
6.619921476884798039e-01
6.501592831524904970e-01
6.321853479581092117e-01
6.133936536914542659e-01
5.980958976948520522e-01
5.857675703323308447e-01
5.761209488562588632e-01
5.689679099909161764e-01
5.641922296590723418e-01
5.616990105938887146e-01
5.614462200913348244e-01
5.634101716418558059e-01
5.676301693909330259e-01
5.741769488250507703e-01
5.831992304967589247e-01
5.949126891574337828e-01
6.081058994595962552e-01
6.220296256341870667e-01
6.382592235290671656e-01
6.572714825373521252e-01
8.374697180798456042e-01
8.527193903914257467e-01
8.148964992659289974e-01
6.542988680265565682e-01
6.037423598061180119e-01
5.897772785542463314e-01
5.783012380830856447e-01
5.685912489696363092e-01
5.604062683302092340e-01
5.535567644256257358e-01
5.478584127054392239e-01
5.432529316356907723e-01
5.395691005887587322e-01
5.367739487192493275e-01
5.347256015582828592e-01
5.333760942061790411e-01
5.326082867930683751e-01
5.323663657005510697e-01
5.325408507381413914e-01
5.330857861108466711e-01
5.338986320884081538e-01
5.357925701742671798e-01
5.329012599408832207e-01
5.291966238601616412e-01
5.278266357021937916e-01
5.291355689054347833e-01
5.327963447114528739e-01
5.391148512266500381e-01
5.478724667382181002e-01
5.559673861281597684e-01
5.586867870604953490e-01
5.622011469591478017e-01
5.671235143048516392e-01
5.742170330187049698e-01
5.846163330673291858e-01
8.235254662225220956e-01
8.395760602154667129e-01
7.015671028807790588e-01
6.708272838181803532e-01
6.514571600986872602e-01
6.372760158464891855e-01
6.267057463166446629e-01
6.186777177666875627e-01
6.127104936147627079e-01
6.008280723128550660e-01
5.857789308318969157e-01
5.720946972378799789e-01
5.595084526578046891e-01
5.480757557922260048e-01
5.376172176474764974e-01
5.281837724848528204e-01
5.196551898794080637e-01
5.060144656039790023e-01
4.994739132495059630e-01
4.945704047315481744e-01
4.900792732505518945e-01
4.866714179636973392e-01
4.820246289529838690e-01
4.796070728594143961e-01
4.795283849167438217e-01
4.814498584067219422e-01
4.856739085943845846e-01
4.919597542281031188e-01
5.008187963719384905e-01
5.121260525934892005e-01
5.263850042536669660e-01
5.435003876247007648e-01
5.639862117352472115e-01
5.879997088005882722e-01
7.699258887385634909e-01
7.834271029629156224e-01
7.367465525330628706e-01
6.571086424958344496e-01
6.187537683764580132e-01
5.921760762941976619e-01
5.718482263138722210e-01
5.557266626133522402e-01
5.426436592089506350e-01
5.322561514215897738e-01
5.281076459155737979e-01
5.209739026337776302e-01
5.169122859117453173e-01
5.138930340392884322e-01
5.118389700743535276e-01
5.105028766287216246e-01
5.100876399799483263e-01
5.101961047452387987e-01
5.110206286540182052e-01
5.122381029444298406e-01
5.121013137525770587e-01
5.043319407428337176e-01
4.971907571722114505e-01
4.862203477424911213e-01
4.730363663088591464e-01
4.621007404465020119e-01
4.587659212068214698e-01
4.537001871663544073e-01
4.525257597301488022e-01
4.520359992358819468e-01
4.542030667741551175e-01
4.587765611450217995e-01
4.660444641380140918e-01
4.763029391446816363e-01
4.896994601232670385e-01
5.063416280547419213e-01
5.258350970592965412e-01
5.432821810822614506e-01
5.417472099459796908e-01
5.427339654689099513e-01
7.641074303238160059e-01
7.700878171680355377e-01
7.760351142896898535e-01
7.037469468624789615e-01
6.645321875897328701e-01
6.396602104715647386e-01
6.305883968810320761e-01
6.156005404611025744e-01
6.068681850530316391e-01
6.002638772177550930e-01
5.876302062482676725e-01
5.718923502134023451e-01
5.571137493201993030e-01
5.495354113338257740e-01
5.365509976306563900e-01
5.294218003827158014e-01
5.232460949571865472e-01
5.116634542593010426e-01
5.052734039930083521e-01
4.949816523052748551e-01
4.844549009635836789e-01
4.764178286885865088e-01
4.689795216140539291e-01
4.620581861669459944e-01
4.557338850531466035e-01
4.499873814829626895e-01
4.447635733078820763e-01
4.400407333996988468e-01
4.359936924952728665e-01
4.322609548691635495e-01
4.292397108062380728e-01
4.265512076710314959e-01
4.228476924354125921e-01
4.204355002259775875e-01
4.192183083440848557e-01
4.191210324364592621e-01
4.206507870356909207e-01
4.237407831589495855e-01
4.255042683876507636e-01
4.302189373141701023e-01
4.364505574506454266e-01
4.443761089178556167e-01
4.545841173134564372e-01
4.677079134335858090e-01
4.838948375030631133e-01
5.031575178250085045e-01
5.252675645172206753e-01
7.360002730728441023e-01
7.406946109949432699e-01
7.502148188066765089e-01
6.502400452581454937e-01
6.076635571637838407e-01
5.772350272666847415e-01
5.655369728521806305e-01
5.444918763445386611e-01
5.357246632636468719e-01
5.279518248217149878e-01
5.209672389274877524e-01
5.144428835244568843e-01
5.088799295448404036e-01
5.037738523246414468e-01
4.994689553950643068e-01
4.956445716793280165e-01
4.925695191401278650e-01
4.899775226483774060e-01
4.880260278939580476e-01
4.865904553879052963e-01
4.856989918859993538e-01
4.853309068989167807e-01
4.854385676325256860e-01
4.860280336053757755e-01
4.870424084565633249e-01
4.884811776593641075e-01
4.859130857896804545e-01
4.781998101058431150e-01
4.707272745608869768e-01
4.636544638579411792e-01
4.568794345797865808e-01
4.504270867651377630e-01
4.444104579481343853e-01
4.387232741725051177e-01
4.334390098680050984e-01
4.244904754347170184e-01
4.164840485079547294e-01
4.104400193415340126e-01
4.027381731046560942e-01
4.001206796374064956e-01
3.991488714051936171e-01
3.990806381260714741e-01
4.018873866215190160e-01
4.056644615755799488e-01
4.114415956520743878e-01
4.184335251043714843e-01
4.282752775155060920e-01
4.411502423552396968e-01
4.582834557529801844e-01
4.791910685886118237e-01
5.033309795415198407e-01
5.290245114575300445e-01
7.301830966382164556e-01
7.343376940552481802e-01
7.391040913454433037e-01
7.437244710386786695e-01
7.318037411685239801e-01
7.028948788202524778e-01
6.820202222913102075e-01
6.651514974663107482e-01
6.510020187434005789e-01
6.390558463953250889e-01
6.286382572084037168e-01
6.196825651751723951e-01
6.118211827573296624e-01
6.050757075488709669e-01
5.991752073290963487e-01
5.937379138664370393e-01
5.806350603441504665e-01
5.680487463954351224e-01
5.558389428538534904e-01
5.440088702840315538e-01
5.325094276365549550e-01
5.213726990699516506e-01
5.105271740631888155e-01
5.000484127799114109e-01
4.899236825432820019e-01
4.801651161532498047e-01
4.708578151215006558e-01
4.619652194743779638e-01
4.535472526770096269e-01
4.456150605423641609e-01
4.381635662470967363e-01
4.312261924149222159e-01
4.247975281834584504e-01
4.188824322956299362e-01
4.134908405157997069e-01
4.086105481208416879e-01
4.008294565484727401e-01
3.969243886055829895e-01
3.940151788426249357e-01
3.914266239476825726e-01
3.892321112256755256e-01
3.864440208084541362e-01
3.845232778437254195e-01
3.839754049212232290e-01
3.838817704660213992e-01
3.816883598490167229e-01
3.813845482170704071e-01
3.835566150576304456e-01
3.870357148178472095e-01
3.881601774760516932e-01
3.902890039275765943e-01
3.952877321195930604e-01
4.019397383701823201e-01
4.114095766184099889e-01
4.180136367191824021e-01
4.334241143906963911e-01
4.513353469906674076e-01
4.694139663570534027e-01
4.905637546911689739e-01
6.835808015810378446e-01
7.225985525294040812e-01
7.268969757976603274e-01
7.312519246440006837e-01
7.359193441192949381e-01
6.524532414649992784e-01
6.308162624820584652e-01
6.121641043309166141e-01
5.959849465115470979e-01
5.815826942204013195e-01
5.688726022206651578e-01
5.573116306882784921e-01
5.468928318072459049e-01
5.374448708723585932e-01
5.288514448470879037e-01
5.210602563109768548e-01
5.140391825023985506e-01
5.077316147884336495e-01
5.020982843653968297e-01
4.971782162196428656e-01
4.928803457207741046e-01
4.892611883950215845e-01
4.862691120676510548e-01
4.839345795521467486e-01
4.822102703035325844e-01
4.811585214616118655e-01
4.806827981735503075e-01
4.808589049802566850e-01
4.815704996036119234e-01
4.815714131507836115e-01
4.723356263987562031e-01
4.633994600848164724e-01
4.547918314937330897e-01
4.465844489852913712e-01
4.387525273359315636e-01
4.313991478120598466e-01
4.244988051799997719e-01
4.180549655784454588e-01
4.120839223716228350e-01
4.065687689521851333e-01
4.015299427010701749e-01
3.969841500264383871e-01
3.896874482602887824e-01
3.836234504187915895e-01
3.796393339995596250e-01
3.770341713372933334e-01
3.760045025911478156e-01
3.773815666707717731e-01
3.790083676656525458e-01
3.839107606012644447e-01
3.892679042831306280e-01
3.952085242344975935e-01
4.015629552051535600e-01
4.097768397118422001e-01
4.208929447639064847e-01
4.364181007496836240e-01
4.565222664135830666e-01
4.808204826806581345e-01
5.074716241812885498e-01
7.233147384888916065e-01
7.270216493389873857e-01
7.306543799797140526e-01
7.348979051841659782e-01
7.081569319550778951e-01
6.834028171197580326e-01
6.650186781485084575e-01
6.497675460083314203e-01
6.366327831209664945e-01
6.254048657254795973e-01
6.153966705856530606e-01
6.067046585792846836e-01
5.989202611041760660e-01
5.921620381124714783e-01
5.861309545890246442e-01
5.809419324273402685e-01
5.764147095868193960e-01
5.645677265638026077e-01
5.518925757899427742e-01
5.395652077675017200e-01
5.275103883820247974e-01
5.158037056401162390e-01
5.043523516983021704e-01
4.932492722402634922e-01
4.824954968116066389e-01
4.721014161581069124e-01
4.538483935736810637e-01
4.434053414750745437e-01
4.390506906415831412e-01
4.312718508290279140e-01
4.267316211407559123e-01
4.198383515180102998e-01
4.159482318994518479e-01
4.126675097267440417e-01
4.066663920540267707e-01
4.009461508444405742e-01
3.959254678163447450e-01
3.912669340849026511e-01
3.842591147002194507e-01
3.807404802971402491e-01
3.782307754379521936e-01
3.761510409341657368e-01
3.743346677854383353e-01
3.724826340756348109e-01
3.716207784579143580e-01
3.715576195886861055e-01
3.717032993841166699e-01
3.723624179275695223e-01
3.728320104485418618e-01
3.759910620842580875e-01
3.809702323066411767e-01
3.836390672717248096e-01
3.888825736380747689e-01
3.944254306114690078e-01
4.012285594729320670e-01
4.107689573298871633e-01
4.245235229559576329e-01
4.390099548058332690e-01
4.558595360095634708e-01
4.762926393857097040e-01
6.639079345638824181e-01
7.195871869648005070e-01
7.235073189279399575e-01
7.273716439368353992e-01
7.319479081914593843e-01
6.558178123759779155e-01
6.329813152442769209e-01
6.136627040399815769e-01
5.799082275866780378e-01
5.669589618467028025e-01
5.553294576891197876e-01
5.446301681427031527e-01
5.349743641299167241e-01
5.261336964143873418e-01
5.181391171348939118e-01
5.108428423541914176e-01
5.042365451127074349e-01
4.983527820547342113e-01
4.930534678283734484e-01
4.884324441867110012e-01
4.843990070112171309e-01
4.810367090175170501e-01
4.782481528367913959e-01
4.761652120196879778e-01
4.746655580127623342e-01
4.738276659123721313e-01
4.735862231337292783e-01
4.739628339168932003e-01
4.749356663238268883e-01
4.728808192256550025e-01
4.637011716215583834e-01
4.548708111476690297e-01
4.463668316660787672e-01
4.382693405342129589e-01
4.305718844465181161e-01
4.233278116163823324e-01
4.165792695799224177e-01
4.102722217783067449e-01
4.044225514013107259e-01
3.990251098665998919e-01
3.941152826758633210e-01
3.896881379758513342e-01
3.827212219047071429e-01
3.770377357463578494e-01
3.734746317303528351e-01
3.710019942098196077e-01
3.734453825584705955e-01
3.744585589396294267e-01
3.772616593493008930e-01
3.836803474057515206e-01
3.903949621322862495e-01
3.968644961612707855e-01
4.002001728300878525e-01
4.075138336904272074e-01
4.174234346021317155e-01
4.312458000517899182e-01
4.497533556453101600e-01
4.728560802664785734e-01
4.990130965155360476e-01
5.250275670433992570e-01
7.253795766077785201e-01
7.293566087154387256e-01
7.332867205087080231e-01
7.355657582955882345e-01
7.379868964875626602e-01
7.234888897014029041e-01
6.969303655592431479e-01
6.569157515709665995e-01
6.429156455354320121e-01
6.315343897206937562e-01
6.216008936718516731e-01
6.128075730417207323e-01
6.053560737898154853e-01
5.987313984707599568e-01
5.930289370084265155e-01
5.832264606970217757e-01
5.703411608833470758e-01
5.575292869466451640e-01
5.453522618338439987e-01
5.332578429237699869e-01
5.215261953367252845e-01
5.101132463998602207e-01
4.989402173611403035e-01
4.880896318391038657e-01
4.776620549282982187e-01
4.674868258175426949e-01
4.578402132454627571e-01
4.486321442622921984e-01
4.398616401780406360e-01
4.316855193348573816e-01
4.239866522297521811e-01
4.168106880460903940e-01
4.102270029334170731e-01
4.041451248029176990e-01
3.986321456011707176e-01
3.936980322946694866e-01
3.892778036807219011e-01
3.825254737924435045e-01
3.770712757421142980e-01
3.749444559967264334e-01
3.724102237939257432e-01
3.712986050504655799e-01
3.706331289435572107e-01
3.682966408765220301e-01
3.665511815837052545e-01
3.663996692167891256e-01
3.693206907590630417e-01
3.746118440359128554e-01
3.775582950633492030e-01
3.835242565474822896e-01
3.892093352333592660e-01
3.961009308547748242e-01
4.048338063914668217e-01
4.173779001206382455e-01
4.344440767746186038e-01
4.524394033776421020e-01
4.717097798167583234e-01
6.425822638005209697e-01
7.055612692631142435e-01
7.225834303160686423e-01
7.269626482386642996e-01
7.312235158837390170e-01
6.954602953835690160e-01
6.640709548035090837e-01
6.396984614628422605e-01
6.194524143168295138e-01
6.021056657844943150e-01
5.870797336950666079e-01
5.602830107476329813e-01
5.496522784487248847e-01
5.399575250523248604e-01
5.313243212780930369e-01
5.232221921546885701e-01
5.162124227793549736e-01
5.097499469362889446e-01
5.040563471505798976e-01
4.990069085090390599e-01
4.946411893067826915e-01
4.909105095318095358e-01
4.878084814084767129e-01
4.854161458082289493e-01
4.835818579744224910e-01
4.824714755592675597e-01
4.818866866105110391e-01
4.819982856092066559e-01
4.826077032586469917e-01
4.783769163185072060e-01
4.690481862108113464e-01
4.599840846062689392e-01
4.512168341875184563e-01
4.428681427570169693e-01
4.348893673130972970e-01
4.273331337082793002e-01
4.202788121854184045e-01
4.136320047209858242e-01
4.074540124126905249e-01
4.017475380391656303e-01
3.964452513471266593e-01
3.916354312442454355e-01
3.872944289395575668e-01
3.804603513539965842e-01
3.748994970673824034e-01
3.713802868388862422e-01
3.692409273230509714e-01
3.687365626298442778e-01
3.713422754516390034e-01
3.768263791429805609e-01
3.837281883491140411e-01
3.908651503529058102e-01
3.979799870223577618e-01
4.055143155429591917e-01
4.152692376615439995e-01
4.283462899772281229e-01
4.457232656290552320e-01
4.675130161897634862e-01
4.928281787488272281e-01
5.195957869281796482e-01
7.249858579765787736e-01
7.286765195226881930e-01
7.324365190755243171e-01
7.366943774210473750e-01
7.356280320703484366e-01
7.049946569017294662e-01
6.821282857117003662e-01
6.638680999249143566e-01
6.345862236298103198e-01
6.232243100671153169e-01
6.140654851595275243e-01
6.057964266888720140e-01
5.985436795308634039e-01
5.923832391553647270e-01
5.869064502179851539e-01
5.788612067899554514e-01
5.659866838423573965e-01
5.424543420452910825e-01
5.291533830698171847e-01
5.182088197533276652e-01
5.066871982942836583e-01
5.006628481749805237e-01
4.905413559918611055e-01
4.798762255752653250e-01
4.698691368838234239e-01
4.602032584853828490e-01
4.510618165344276731e-01
4.422029071639173026e-01
4.340792383367023666e-01
4.280053573657304766e-01
4.224135551517350096e-01
4.172169591627027385e-01
4.079841121346610144e-01
4.032380971075209541e-01
3.992262178186540833e-01
3.954924189005779023e-01
3.919147001340551051e-01
3.888538517559366192e-01
3.859952595525944496e-01
3.833811302885526962e-01
3.794261939282277951e-01
3.760278559877006654e-01
3.736596488224318002e-01
3.716098910716075232e-01
3.711320295072646491e-01
3.701764646889922905e-01
3.685275573099373037e-01
3.708258787519448929e-01
3.754224013595054421e-01
3.785325939675929785e-01
3.846014643701564095e-01
3.908146012209376408e-01
3.978334133015433149e-01
4.065326083274805602e-01
4.186718824255521998e-01
4.349825934859217202e-01
4.502074327534389409e-01
4.688813921106645410e-01
4.906994302780848805e-01
7.216669253856785593e-01
7.258080014772556599e-01
7.300632010327346988e-01
7.303329073777117264e-01
6.462507516502888905e-01
6.250642860230076758e-01
6.069653597768903674e-01
5.911356199226468489e-01
5.630706578124193840e-01
5.519367466587600246e-01
5.418394524945151502e-01
5.326565957563834663e-01
5.241685010120276100e-01
5.167135126532809153e-01
5.097663660309075251e-01
5.037194875399864102e-01
4.982134055216974056e-01
4.934757569568553048e-01
4.892985429539526421e-01
4.857943196572202527e-01
4.829036365674094777e-01
4.806546594913607140e-01
4.790258687944017324e-01
4.780029365131066577e-01
4.776508148008458132e-01
4.778228473523152831e-01
4.786546438524560965e-01
4.765100202362372306e-01
4.673761472583368159e-01
4.585417995107050615e-01
4.500203281637632502e-01
4.418645143343165049e-01
4.341256775012136693e-01
4.268074625847770309e-01
4.199199972041167683e-01
4.134773464949835775e-01
4.075096514280532878e-01
4.020046314364723039e-01
3.969712488047382193e-01
3.923589993402862852e-01
3.849304950953895688e-01
3.786726219656672554e-01
3.745500094632008836e-01
3.718657490077823535e-01
3.708528545336888804e-01
3.724264597202457949e-01
3.770125476740572301e-01
3.836277016456477451e-01
3.906599551319794861e-01
3.978773201062163478e-01
4.054750097663993857e-01
4.150064981218364868e-01
4.276291101618134860e-01
4.444968461145843985e-01
4.654496943944257947e-01
4.900402861353994610e-01
5.163729176694487055e-01
7.273367412297528922e-01
7.315839382101555488e-01
7.356318768799563479e-01
7.310908931583671722e-01
7.016024939937210991e-01
6.804337537743665454e-01
6.468061782514707980e-01
6.343654523496977671e-01
6.242044292627713098e-01
6.151358681270360229e-01
6.071704070711686496e-01
6.004523264789487502e-01
5.944586433553389337e-01
5.880893431048123121e-01
5.749136440068760567e-01
5.621873510841151056e-01
5.496620340919458059e-01
5.377002244293995759e-01
5.258243245237405050e-01
5.143552035110475762e-01
5.031860002719122926e-01
4.922763576652752771e-01
4.817463639026729472e-01
4.716274470547781594e-01
4.618221328207013920e-01
4.525630154679942119e-01
4.437214896346208803e-01
4.353592160668491307e-01
4.275839493962561577e-01
4.202724312662483031e-01
4.135065205837411551e-01
4.073091974825156503e-01
4.015929460418016794e-01
3.964456510560573355e-01
3.918347404127232037e-01
3.877151649702353375e-01
3.814606236936258221e-01
3.784216701868226007e-01
3.762846046355430296e-01
3.744902164659343891e-01
3.730480634421272090e-01
3.716122178274541832e-01
3.710243704009579258e-01
3.691069563835638334e-01
3.668221830617703350e-01
3.661586656111066040e-01
3.677746898689032706e-01
3.718070776775040942e-01
3.745797857441344747e-01
3.803991761658401249e-01
3.866004379405021951e-01
3.935121126566790695e-01
4.021755532850335713e-01
4.139530221173783331e-01
4.298800002932206543e-01
4.470777458823432249e-01
4.651147538364764911e-01
4.863223798859128144e-01
7.202672573762607389e-01
7.241832330946385010e-01
7.281180141160293884e-01
7.324668056095294810e-01
6.575634665902818643e-01
6.338862602149947234e-01
6.141505184843734089e-01
5.970651564926533483e-01
5.670341094120801007e-01
5.552464040274229795e-01
5.445055033410098888e-01
5.347550185062737160e-01
5.257476419910105392e-01
5.177211927747303877e-01
5.102931354114953466e-01
5.037179028984620777e-01
4.976910857472487959e-01
4.924493670145876911e-01
4.877508954899192339e-01
4.837282528522984237e-01
4.803269014809327664e-01
4.775452860118675757e-01
4.753986730232083180e-01
4.738714435251017987e-01
4.730175499724261212e-01
4.727146046192781115e-01
4.730885064040167842e-01
4.739630946499950315e-01
4.745233738343039853e-01
4.654343391283009002e-01
4.566831865252799494e-01
4.482766942574950009e-01
4.402349430015126686e-01
4.325999836446103863e-01
4.254072176870938304e-01
4.186596291621237920e-01
4.124065537435468998e-01
4.066197143731536956e-01
4.012954331088867677e-01
3.964172416443602631e-01
3.919908646008841702e-01
3.848824601573642701e-01
3.790322892785757958e-01
3.752211576207230559e-01
3.728119802581389974e-01
3.719459834816536414e-01
3.728273924701372422e-01
3.770016954199607029e-01
3.831255345030972759e-01
3.899000343151647896e-01
3.969495301189221448e-01
4.044467764370580087e-01
4.136209908902125920e-01
4.258556100691719415e-01
4.421664793383812131e-01
4.627788892994094683e-01
4.871139581417560649e-01
5.133679709225341670e-01
7.259379169591549941e-01
7.299840216073643084e-01
7.339092557994101318e-01
7.383698079640530487e-01
7.198072167780328323e-01
6.940811075864841140e-01
6.739361228553354399e-01
6.575105666395701931e-01
6.438124791084103293e-01
6.319850412032170794e-01
6.218144787225891035e-01
6.129443549813625713e-01
6.052434843535324793e-01
5.985047587707653660e-01
5.926966260831961764e-01
5.845403674522351434e-01
5.593677709451149171e-01
5.456507711465901078e-01
5.339590383628436410e-01
5.220067962871779432e-01
5.157229955717823611e-01
5.050016644574270019e-01
4.938158564205411549e-01
4.832845300807432354e-01
4.729631029498559958e-01
4.632581182900484817e-01
4.537360626578779144e-01
4.448959202709905636e-01
4.383549801648347621e-01
4.322222369096281880e-01
4.264855387618146643e-01
4.210367210334088894e-01
4.158080254770471496e-01
4.109808472446554450e-01
4.064793526943509261e-01
4.021550616193951821e-01
3.982480884821101852e-01
3.946399086300083070e-01
3.912343048383971622e-01
3.881942306885704519e-01
3.833396705244292435e-01
3.789995427775553205e-01
3.759241839958603615e-01
3.735702160115336734e-01
3.722527073845748324e-01
3.715378301198527522e-01
3.711884934327797092e-01
3.687126531399548268e-01
3.670916190747052221e-01
3.681805273647854593e-01
3.715094164875729077e-01
3.744804821223255420e-01
3.799676164663540745e-01
3.859715837324095289e-01
3.924984113496596261e-01
4.006344134948943148e-01
4.116972151701537297e-01
4.269495824090023817e-01
4.443952302490941642e-01
4.620855245000634048e-01
4.829221645984573819e-01
7.061733504968091824e-01
7.223852649630732037e-01
7.268720503265322375e-01
7.312287675804846065e-01
6.977698105824315933e-01
6.657507039424687134e-01
6.411227438396931433e-01
6.206682749963902124e-01
6.030905487972363366e-01
5.879281319221041358e-01
5.744422677585006021e-01
5.623730723480445670e-01
5.515036330541875920e-01
5.417251683678392382e-01
5.327867630968019519e-01
5.247890348915307257e-01
5.175469227899477387e-01
5.110403472008676617e-01
5.052835955095578147e-01
5.001701270942611188e-01
4.957527014652500785e-01
4.919708068895016218e-01
4.888528071275457521e-01
4.863606669714850006e-01
4.845737437984398710e-01
4.833807000174304425e-01
4.828556131200303358e-01
4.829363290042523738e-01
4.836124841162151022e-01
4.788409317565984202e-01
4.694339371620444568e-01
4.603676796626667844e-01
4.516428024162307264e-01
4.432802131474636864e-01
4.353158833897236013e-01
4.278182444582589450e-01
4.207438227385611462e-01
4.141558100778438001e-01
4.080395415742886223e-01
4.023611431061076549e-01
3.971740418570713360e-01
3.924228058342775771e-01
3.846647494500116671e-01
3.783869956250921485e-01
3.740167437250119242e-01
3.705093525531413801e-01
3.707637974010222215e-01
3.746628735431452029e-01
3.805787159771803485e-01
3.873655130778527189e-01
3.941283906612323418e-01
4.014540539781437656e-01
4.099662081462411289e-01
4.214113634191309354e-01
4.368544884600402689e-01
4.567900744066335506e-01
4.806835318922169642e-01
5.070050960073743118e-01
7.174338620713480719e-01
7.247439506000972198e-01
7.285033976158135083e-01
7.323049788394175863e-01
7.365807285486273281e-01
7.389992025223718342e-01
7.078506375704837206e-01
6.843876062798628368e-01
6.657693761346361594e-01
6.504685059737626007e-01
6.374413107451620819e-01
6.262481065995939566e-01
6.165185711412415337e-01
6.080866769946405848e-01
6.006527101782885847e-01
5.942385611109805010e-01
5.886390637656804259e-01
5.686570103435638623e-01
5.547988214771926163e-01
5.428638521183775101e-01
5.200244036976722217e-01
5.071537961806200645e-01
4.967336825006270495e-01
4.856652988522160430e-01
4.752578044145820413e-01
4.655209269323626886e-01
4.559845936843754943e-01
4.469431432491849376e-01
4.384743067611883149e-01
4.305264761031242227e-01
4.228524236276767767e-01
4.160993877893497395e-01
4.095763152928504902e-01
3.991673470748058894e-01
3.936351772099304647e-01
3.894706680688340139e-01
3.857001209813295528e-01
3.823670273930374064e-01
3.796075104523889965e-01
3.772828166318766829e-01
3.741857411300402170e-01
3.727145311664880611e-01
3.721175830879392965e-01
3.714264812120233739e-01
3.703927131321606003e-01
3.687614386428848534e-01
3.694764651674822820e-01
3.731025634588099327e-01
3.754587397603015853e-01
3.811790031455180028e-01
3.867826353320525379e-01
3.933237754402037489e-01
4.006101483644329830e-01
4.111597837179634118e-01
4.250808782580514089e-01
4.416690667338291076e-01
4.588251179292816562e-01
4.794305189639064824e-01
6.832747019692371193e-01
7.254272366542771078e-01
7.303776827540563454e-01
7.342409000754733794e-01
6.619363207583326414e-01
6.389700565935724219e-01
6.198428393018732274e-01
5.861038416959619690e-01
5.605117587257691936e-01
5.504559530852198845e-01
5.411207521240439799e-01
5.327959233705847897e-01
5.251285204497595505e-01
5.184308967116081357e-01
5.122635066754215316e-01
5.069435825927672834e-01
5.022089484395152459e-01
4.982059501322300132e-01
4.948167070072750362e-01
4.920729599802043941e-01
4.900077720029901718e-01
4.885168558398882976e-01
4.877257867588845053e-01
4.875360009550477880e-01
4.879695404760587829e-01
4.840208478533881142e-01
4.745406325876975195e-01
4.652642527678677031e-01
4.563494866248856141e-01
4.477419498560264444e-01
4.395171519273023963e-01
4.317403897118746725e-01
4.243330611863446178e-01
4.174200480464350105e-01
4.109323759459264092e-01
4.049307347908960852e-01
3.993616246820988480e-01
3.942777028158182540e-01
3.896540457108839672e-01
3.821665477145968493e-01
3.760961927801766969e-01
3.718601764339046767e-01
3.693451818294002376e-01
3.683427206925939945e-01
3.686867029841936483e-01
3.722477753179098126e-01
3.779934960291630452e-01
3.847309289125906973e-01
3.916915005709377673e-01
3.987912078908453783e-01
4.069593142579980283e-01
4.177222664920640649e-01
4.322944883692130258e-01
4.512153288082952352e-01
4.742902503780619394e-01
5.000872836925245313e-01
7.236158974784318021e-01
7.271492178142714424e-01
7.307521093198728890e-01
7.348159480679790079e-01
7.372434508662795150e-01
7.205070669242914505e-01
6.932426105450533171e-01
6.724269861956840844e-01
6.393868636876435252e-01
6.269316949216414692e-01
6.167290659838884359e-01
6.076867773650304061e-01
5.996184079553708024e-01
5.928063642187212379e-01
5.866757136430679198e-01
5.814489432848657380e-01
5.755566404858883933e-01
5.628522978336961691e-01
5.502205734924919822e-01
5.274206811056323385e-01
5.143661140883651894e-01
5.036134612792027010e-01
4.925006670953092081e-01
4.865904756176536727e-01
4.767774936904877747e-01
4.712029451657439028e-01
4.618097600191930496e-01
4.522524198662767336e-01
4.435521996435461967e-01
4.350857002310461463e-01
4.272150414565256682e-01
4.200261213788973880e-01
4.130999932243845651e-01
4.069656398770182260e-01
4.012583727625927410e-01
3.960496006839706595e-01
3.914934818313419718e-01
3.842674921772928354e-01
3.783855999866327369e-01
3.760641531658195924e-01
3.741733829648116738e-01
3.719964983569637451e-01
3.709705868658592642e-01
3.710451668689256910e-01
3.703398874313242883e-01
3.693541590152669141e-01
3.714074692374317865e-01
3.754802460831585531e-01
3.814955276112312887e-01
3.872923779046199000e-01
3.938254006670132146e-01
4.010974429503280647e-01
4.112054511105976973e-01
4.246772945015377942e-01
4.394713669791699973e-01
4.559491516772236630e-01
4.760117373567744337e-01
6.633217948031694400e-01
7.201441616183876793e-01
7.240745230344723948e-01
7.279555323230684216e-01
7.323101520102123230e-01
6.559392408089441684e-01
6.326979691001122230e-01
6.132035650364644486e-01
5.962112778126141821e-01
5.665340714145944423e-01
5.547823673165837022e-01
5.440935481191601086e-01
5.344925449106305848e-01
5.255059628807270400e-01
5.176067824568990616e-01
5.102241561438484174e-01
5.037339507156037843e-01
4.977486561131421738e-01
4.925617473349407360e-01
4.879070716783266426e-01
4.839025221132141064e-01
4.805604731093535698e-01
4.777767725844633273e-01
4.757130941589328144e-01
4.741729557292569397e-01
4.733629431512676455e-01
4.730269990889294229e-01
4.734255948124208579e-01
4.742616451165628799e-01
4.738499586138454345e-01
4.647078160566369132e-01
4.559461403063084228e-01
4.474941314382455126e-01
4.394037272743704925e-01
4.317582267547314112e-01
4.245351988941613031e-01
4.177773151407667696e-01
4.114868282775399622e-01
4.056668119367639602e-01
3.958971782225357283e-01
3.907459401932556475e-01
3.870517750545986457e-01
3.806174580478991487e-01
3.756823886306758231e-01
3.726852431021544509e-01
3.709455493079144572e-01
3.709416766602579574e-01
3.738873029894079769e-01
3.795534695926712776e-01
3.862295038729582353e-01
3.932569145067039695e-01
4.003289582456053819e-01
4.083765185201067016e-01
4.187860060834751597e-01
4.328346281614084412e-01
4.511855328801905873e-01
4.738907697380846384e-01
4.994443814071462540e-01
5.239820594168225210e-01
7.258156022485976466e-01
7.298834032039148711e-01
7.338143223025236361e-01
7.382504374947453929e-01
7.184763719481400690e-01
6.930260378993956527e-01
6.731894574994996550e-01
6.568459898897454075e-01
6.302671483899100480e-01
6.197365992770200727e-01
6.112428089451532598e-01
6.035987117315613215e-01
5.968866261284493380e-01
5.912430979931210251e-01
5.829592196684494354e-01
5.699102591994633649e-01
5.571603721772262485e-01
5.449927451264801048e-01
5.328098061992215806e-01
5.212757124779011653e-01
5.098152288212289829e-01
4.987031320042798477e-01
4.879804899228377124e-01
4.775537849425277592e-01
4.674981589953103311e-01
4.579829683294451836e-01
4.487941255718703171e-01
4.401924029669130878e-01
4.320962452213516491e-01
4.244518700286717960e-01
4.174216103608849870e-01
4.108927952301205111e-01
4.048786362588069343e-01
3.994688606249697238e-01
3.945364777949929569e-01
3.901527296120863575e-01
3.834353804419786682e-01
3.801051110502547403e-01
3.777777386447476737e-01
3.757531511624150888e-01
3.740900443299446376e-01
3.729354644070992930e-01
3.720368278952616570e-01
3.714543024927108306e-01
3.696051831883588323e-01
3.680314741783987098e-01
3.673837499280986352e-01
3.695799046980585700e-01
3.725311910277615546e-01
3.780904881603129875e-01
3.837305667735749770e-01
3.899970217026129116e-01
3.969214121310739585e-01
4.065062442308045032e-01
4.194330327926237834e-01
4.369794129846491515e-01
4.527631609108100363e-01
4.719211558001775719e-01
6.433288059340133147e-01
7.057119992237335104e-01
7.226894663659820806e-01
7.270822794238602782e-01
7.313555674166637433e-01
6.983517994456031053e-01
6.662165799722193915e-01
6.414738229075057641e-01
6.208755701409962580e-01
6.032939178999568997e-01
5.880848696477770643e-01
5.744440033913883470e-01
5.624087899672527424e-01
5.514873903983872339e-01
5.416800956244630649e-01
5.327870697823924306e-01
5.247636971488230939e-01
5.175356240623451010e-01
5.110248536622948867e-01
5.052627987359354922e-01
5.001218309642644355e-01
4.957250195397902570e-01
4.919217502986239499e-01
4.888404755218602737e-01
4.863589092028525185e-01
4.845789462291530403e-01
4.833759066907938884e-01
4.828504094440126404e-01
4.828896292793279921e-01
4.835464976084791200e-01
4.790076589232260540e-01
4.696006636298585835e-01
4.605268743121073705e-01
4.517734652257663353e-01
4.434047823905814534e-01
4.354398133389539294e-01
4.279088561874808128e-01
4.208263700522465456e-01
4.142072996355027348e-01
4.080378767326602318e-01
4.023376595616384721e-01
3.971176433741643863e-01
3.923576408519862668e-01
3.846264745560294962e-01
3.783031424712031132e-01
3.738640664599838237e-01
3.701250598671004255e-01
3.695756193258684652e-01
3.702850802693268828e-01
3.741397462227050164e-01
3.801898677201175358e-01
3.869601695992580526e-01
3.905661699011181431e-01
3.974699360450775765e-01
4.052538535177890311e-01
4.152727825881261658e-01
4.286044004274598973e-01
4.463399412019443124e-01
4.684552406671012581e-01
4.938679579045764378e-01
5.205967836598449638e-01
7.249564437984604703e-01
7.286649173548245262e-01
7.324774352623031337e-01
7.367746358474321910e-01
7.372200917443085810e-01
7.062968553872964739e-01
6.832544839145626714e-01
6.648619167916846040e-01
6.353826653866889718e-01
6.239575151128496922e-01
6.147232652683590759e-01
6.063960244588901816e-01
5.990744827481069290e-01
5.928451198155297863e-01
5.873124693929502316e-01
5.796327152900541124e-01
5.666952991077106594e-01
5.543149030430137847e-01
5.419598091617212621e-01
5.197447546545158614e-01
5.069468800997150026e-01
4.964293211134193640e-01
4.856036846655721884e-01
4.798371330482429920e-01
4.703293673071399783e-01
4.626654792072558697e-01
4.556837321369655580e-01
4.428877200403309455e-01
4.362298251301463536e-01
4.250858243225306698e-01
4.192832162295598852e-01
4.099037604425773695e-01
4.050463786585625781e-01
4.008591339040491475e-01
3.971394756629261225e-01
3.934080942137193060e-01
3.903159766540499342e-01
3.850698241107214925e-01
3.804036920242810926e-01
3.771613565988722883e-01
3.741717221291864792e-01
3.724617409835984105e-01
3.721619351283476651e-01
3.689015917641775832e-01
3.711751891624331945e-01
3.727981651315485090e-01
3.789512891738243683e-01
3.840456780978649953e-01
3.908560492939279762e-01
3.970342741293392264e-01
4.063775996696525339e-01
4.180009217071942729e-01
4.350535482327446690e-01
4.506052360454836370e-01
4.695027692846922562e-01
4.914166027368273015e-01
7.214961643135895386e-01
7.257286529557661625e-01
7.300082534834826387e-01
7.325942894841707131e-01
6.471715813037314247e-01
6.258013201713610307e-01
6.077523670539394240e-01
5.917883399579610959e-01
5.637204501987557181e-01
5.525764325681021827e-01
5.423717819784031891e-01
5.331824684344219634e-01
5.246411756908403445e-01
5.171390522391279276e-01
5.101911237716957315e-01
5.041307239567763832e-01
4.985521501930164634e-01
4.938354000643067621e-01
4.895922116668831037e-01
4.860711706950732736e-01
4.831599145221134872e-01
4.808498749877587741e-01
4.792138427936997735e-01
4.781532268952483067e-01
4.778019154818340386e-01
4.779369586814181114e-01
4.787689996068759113e-01
4.770555389270880742e-01
4.679450943948127439e-01
4.590358061503473364e-01
4.505143382991576018e-01
4.423713315991299466e-01
4.345968494776437652e-01
4.272829789578670434e-01
4.203739109222394132e-01
4.139254194689138688e-01
4.079504989688295113e-01
4.024404639904658465e-01
3.973748510833879366e-01
3.927840095238702700e-01
3.853816221229754424e-01
3.791610883475933225e-01
3.750732532580358103e-01
3.723921955825890695e-01
3.713963198575384594e-01
3.730016619324288407e-01
3.776313069191528093e-01
3.840674697941222071e-01
3.909235403033816114e-01
3.979769688938434302e-01
4.053885409287563135e-01
4.147936040178070716e-01
4.274177327129253801e-01
4.442884284834584530e-01
4.652819959926771110e-01
4.900144512278742370e-01
5.164622600188565338e-01
7.271948149113641735e-01
7.314321191730073224e-01
7.354395672224190994e-01
7.328885155390947315e-01
7.029726277155639025e-01
6.815636291450815065e-01
6.476036993018425836e-01
6.350685949481333914e-01
6.248277783468668689e-01
6.156892097776949235e-01
6.076610157777656562e-01
6.008800148679480646e-01
5.948285166650110201e-01
5.889458829931540906e-01
5.757370373364407712e-01
5.629773917439226949e-01
5.504227031649074897e-01
5.384256560369028444e-01
5.265123196726918531e-01
5.150009584198088630e-01
5.037938845558103118e-01
4.928572311219250324e-01
4.822957342087839105e-01
4.721375013590441982e-01
4.622882800770248823e-01
4.529817707251600489e-01
4.440952737906585512e-01
4.356879149640501270e-01
4.278689429590006310e-01
4.205192645649667993e-01
4.137225127872580233e-01
4.074999214682942239e-01
4.017641260673532333e-01
3.965971269593511761e-01
3.919651677020235536e-01
3.878251071659248317e-01
3.815460648261185250e-01
3.775184301598739633e-01
3.747443337154622300e-01
3.727666134932359765e-01
3.715880683654533834e-01
3.711574110082493938e-01
3.688487904070151813e-01
3.668390317761200947e-01
3.674506666124695564e-01
3.698638056003301089e-01
3.747833063988799118e-01
3.807253532058735290e-01
3.868478461186091732e-01
3.936373784427731337e-01
4.022274763592489921e-01
4.138664143843063248e-01
4.297081305142085861e-01
4.470716373667531496e-01
4.651188305801860490e-01
4.863418149962350778e-01
7.202336800846202980e-01
7.276840462344952298e-01
7.320088015069639020e-01
7.228061867713433397e-01
6.396760883015384369e-01
6.183533178738658265e-01
6.006141749808556751e-01
5.848672664863669990e-01
5.709882074834609078e-01
5.587907407747046973e-01
5.476784603878988023e-01
5.376575929481894889e-01
5.285471285059254454e-01
5.203356350484250603e-01
5.128020058675297754e-01
5.061057673528549516e-01
5.000057946334535153e-01
4.946452650802125595e-01
4.898799687311249929e-01
4.857555769172193783e-01
4.822489097943496450e-01
4.794009037111225946e-01
4.771296720103231359e-01
4.755419776024521483e-01
4.745769234872441178e-01
4.742234575162994070e-01
4.744826080671772361e-01
4.753358962740018567e-01
4.754402898624230933e-01
4.663548362227789013e-01
4.575263973374540938e-01
4.490859931319208243e-01
4.410321998557711898e-01
4.333339907090930088e-01
4.260869653239942045e-01
4.192801668598760134e-01
4.129299596141860484e-01
4.070784324867864346e-01
4.016966436087731074e-01
3.967647171357937541e-01
3.923163116206388468e-01
3.851180450221018958e-01
3.791624939263899541e-01
3.753020999330896612e-01
3.724476105218292310e-01
3.720222036776152374e-01
3.747983669050488631e-01
3.799657174754019762e-01
3.867266632948128113e-01
3.902211415507224057e-01
3.973063115341793350e-01
4.047787252662329860e-01
4.139356210729325802e-01
4.259429888443856949e-01
