0.000000000000000000e+00
-4.151440279407573239e-10
-1.719610940594042517e-09
-3.986547080881318209e-09
-8.204379164108871766e-09
-1.579059489558618459e-08
-2.730569472384646240e-08
-4.379815415899615314e-08
-6.697823468905919271e-08
-9.744544053104216257e-08
-1.351627317101589157e-07
-1.811180309131513570e-07
-2.369754862467193419e-07
-3.041885102072103260e-07
-3.835643523414507195e-07
-4.758633396868704682e-07
-5.836000569207275692e-07
-7.101953521577345490e-07
-8.575268634135519573e-07
-1.028032575598019923e-06
-1.226530174117161605e-06
-1.456456253078115675e-06
-1.720070099800615871e-06
-2.022396884686500328e-06
-2.368049381836231911e-06
-2.759181813846426657e-06
-3.200452653241069160e-06
-3.697548892735565605e-06
-4.253251817212225401e-06
-4.871664144084875917e-06
-5.558399957479360256e-06
-6.316216999702928206e-06
-7.148370539624623266e-06
-8.060485176189191334e-06
-9.056028449572090666e-06
-1.013722963538628614e-05
-1.130825275694890808e-05
-1.257292888752711856e-05
-1.393388581626321625e-05
-1.539478422674566823e-05
-1.695941757604971491e-05
-1.863048483628808715e-05
-2.041138941748282316e-05
-2.230571208495908011e-05
-2.431550243330155071e-05
-2.644308930486298796e-05
-2.869119980340911191e-05
-3.106089472742986523e-05
-3.355315883829115489e-05
-3.616979905856353047e-05
-3.891097610863934975e-05
-4.177575475414975530e-05
-4.476413007604217544e-05
-4.787538664285067555e-05
-5.110734908289323117e-05
-5.445831194553410047e-05
-5.792616545341879535e-05
-6.150716776558667984e-05
-6.519800359473897609e-05
-6.899573851260904368e-05
-7.289586943808211623e-05
-7.689375752767882021e-05
-8.098571779348777238e-05
-8.516710194314674738e-05
-8.943247661958427452e-05
-9.377712055772707053e-05
-9.819582075900571295e-05
-1.026824188830669085e-04
-1.072312311794811746e-04
-1.118364843806963783e-04
-1.164916542100487165e-04
-1.211904578730175737e-04
-1.259265036401125792e-04
-1.306927678757323070e-04
-1.354826688537418705e-04
-1.402898272203320401e-04
-1.451071384262416658e-04
-1.499277063078820573e-04
-1.547451561318320960e-04
-1.595528041053196353e-04
-1.643442509312787098e-04
-1.691138341698846751e-04
-1.738558905361173637e-04
-1.785651659020576578e-04
-1.832374538873670028e-04
-1.878687352642032795e-04
-1.924550561129488005e-04
-1.969934391965106918e-04
-2.014814342825821088e-04
-2.059165958422694298e-04
-2.102973253659049229e-04
-2.146228339090733924e-04
-2.188923690626849716e-04
-2.231057780863141828e-04
-2.272638359246636184e-04
-2.313674710554019154e-04
-2.354179458050099124e-04
-2.394172408192874054e-04
-2.433673432203314175e-04
-2.472702357903316592e-04
-2.511284365746639918e-04
-2.549444246198442812e-04
-2.587203544732343918e-04
-2.624586434675354671e-04
-2.661615995166495964e-04
-2.698308275101247511e-04
-2.734676160242137930e-04
-2.770726756971981239e-04
-2.806453286516265777e-04
-2.841837940323017420e-04
-2.876852770426095371e-04
-2.911451554961155277e-04
-2.945570599784475344e-04
-2.979132481694236152e-04
-3.012040041240521856e-04
-3.044175958002078583e-04
-3.075408554957527701e-04
-3.105587919110568075e-04
-3.134543427214601095e-04
-3.162091248424594167e-04
-3.188035513299907115e-04
-3.212165685159580337e-04
-3.234263836171696362e-04
-3.254110671881020925e-04
-3.271484843391359422e-04
-3.286168168252443780e-04
-3.297951744732449566e-04
-3.306634156003447492e-04
-3.312022076509986684e-04
-3.313933330110830949e-04
-3.312191896932589860e-04
-3.306622124238678970e-04
-3.297047133925984667e-04
-3.283280847270167078e-04
-3.265116075322458972e-04
-3.242317803707442814e-04
-3.214614846818382205e-04
-3.181687954439303082e-04
-3.143163624070417989e-04
-3.098610858602898863e-04
-3.047537615031587085e-04
-2.989394884676976243e-04
-2.923586314440819673e-04
-2.849476559049858365e-04
-2.766404544141554274e-04
-2.673702404591160619e-04
-2.570710598796139006e-04
-2.456791009436913435e-04
-2.331342495505108110e-04
-2.193812807159811328e-04
-2.043706699180261328e-04
-1.880595259240071130e-04
-1.704122231958864360e-04
-1.514006324690677263e-04
-1.310045378335444053e-04
-1.092119193039720396e-04
-8.601871727246822904e-05
-6.142866708557885569e-05
-3.545326829975037819e-05
-8.111467725871050454e-06
2.057055667767297732e-05
5.055926439133024189e-05
8.181359590959209546e-05
1.142845753781024414e-04
1.479145405520316506e-04
1.826365036041223161e-04
2.183736241569805532e-04
2.550385789417535529e-04
2.925333169263833973e-04
3.307493616764279297e-04
3.695682580711910680e-04
4.088622793270186716e-04
4.484955375500562064e-04
4.883251313124360336e-04
5.282023639709265000e-04
5.679742523836534256e-04
6.074850266784109472e-04
6.465776353863177377e-04
6.850956543947319104e-04
7.228853803957649513e-04
7.597978266662049887e-04
7.956908605015625222e-04
8.304313551583690414e-04
8.638969513784098197e-04
8.959775172721302439e-04
9.265763330856056738e-04
9.556107648069209941e-04
9.830126377128494460e-04
1.008728581163568193e-03
1.032720222324083614e-03
1.054964353948643430e-03
1.075453338892275439e-03
1.094195556046977840e-03
1.111215722267437514e-03
1.126555188119209667e-03
1.140272038345242463e-03
1.152440800944347756e-03
1.163151894842171571e-03
1.172510840881518801e-03
1.180637180264283541e-03
1.187663304770973909e-03
1.193732172820467655e-03
1.198995952722478825e-03
1.203617000631992647e-03
1.207765758085640019e-03
1.211617328520810935e-03
1.215351176248400354e-03
1.219149100066149478e-03
1.223190689820144233e-03
1.227650971119896789e-03
1.232697287160840508e-03
1.238483708117320932e-03
1.245149290395683927e-03
1.252820055283761268e-03
1.261608294951489448e-03
1.271607955832609578e-03
1.282890265739031546e-03
1.295502397560009678e-03
1.309467153917759320e-03
1.324781875069250704e-03
1.341418802629988334e-03
1.359325633072160869e-03
1.378424129050826938e-03
1.398612428503603726e-03
1.419768784574928101e-03
1.441747232907592468e-03
1.464374366053662049e-03
1.487454721650943680e-03
1.510770491686934044e-03
1.534078388746779910e-03
1.557115848324960817e-03
1.579603359763589749e-03
1.601243990684405412e-03
1.621735813977597581e-03
1.640781755937293241e-03
1.658090558555664696e-03
1.673387147353319138e-03
1.686421609760716759e-03
1.696966644776322017e-03
1.704823792497544427e-03
1.709834260223999170e-03
1.711876665494245411e-03
1.710868460256925391e-03
1.706777513679320684e-03
1.699622481476938205e-03
1.689468889663582130e-03
1.676434901156277722e-03
1.660688936918683920e-03
1.642438945025842490e-03
1.621932209318568095e-03
1.599452858024824056e-03
1.575307545851745280e-03
1.549819380610753224e-03
1.523329047968053924e-03
1.496187209326578808e-03
1.468749615652941267e-03
1.441381663752785416e-03
1.414454935437747980e-03
1.388338504204985951e-03
1.363398991917781676e-03
1.339997490063903410e-03
1.318478525451994730e-03
1.299166079023683033e-03
1.282362051209895047e-03
1.268337697063046197e-03
1.257330017868379165e-03
1.249543601848324744e-03
1.245144670173875274e-03
1.244255279429083705e-03
1.246954939444699538e-03
1.253276746488943792e-03
1.263199669474017461e-03
1.276647583154265006e-03
1.293486485194903727e-03
1.313518681488508918e-03
1.336486154259876585e-03
1.362077061613250909e-03
1.389928063639175653e-03
1.419632279523984136e-03
1.450750827304397731e-03
1.482818413594007680e-03
1.515350350345267497e-03
1.547853111638174692e-03
1.579828797075501440e-03
1.610778664817397524e-03
1.640212853800133725e-03
1.667657827806940090e-03
1.692660630732719220e-03
1.714797972048377013e-03
1.733685500324729347e-03
1.748983004975551182e-03
1.760401566940749101e-03
1.767710095788799663e-03
1.770735394668702077e-03
1.769361817391841389e-03
1.763533035554641117e-03
1.753250423594291622e-03
1.738571409719684348e-03
1.719611865918691798e-03
1.696547259008511326e-03
1.669612427951160409e-03
1.639103835792095083e-03
1.605379956258708380e-03
1.568857429177909464e-03
1.530007092910630907e-03
1.489348689328565296e-03
1.447442073345912850e-03
1.404878689026290263e-03
1.362273391937145932e-03
1.320254059543101441e-03
1.279452524563003644e-03
1.240498087070446807e-03
1.204009200591174555e-03
1.170584037248741972e-03
1.140792098358418914e-03
1.115163805695666395e-03
1.094178473283590825e-03
1.078254202827785444e-03
1.067738230780147530e-03
1.062897483149910418e-03
1.063913066160082502e-03
1.070877701683193347e-03
1.083793774759767839e-03
1.102574229846120697e-03
1.127045748199060563e-03
1.156950971218673966e-03
1.191951405280764365e-03
1.231632033907792889e-03
1.275504791805166360e-03
1.323011964399876386e-03
1.373532109219253441e-03
1.426386951420358486e-03
1.480849426572347985e-03
1.536154891960280888e-03
1.591513266371819913e-03
1.646120434881055044e-03
1.699170651548971090e-03
1.749868559752149055e-03
1.797438863098374398e-03
1.841135918229423523e-03
1.880253631578533095e-03
1.914133934782012584e-03
1.942175934422695231e-03
1.963846860543993697e-03
1.978692246302555385e-03
1.986345633961588558e-03
1.986538913605146329e-03
1.979110708200421988e-03
1.964011969140018552e-03
1.941310108247000467e-03
1.911190057384815760e-03
1.873951668044869859e-03
1.830006151550369600e-03
1.779871663433795458e-03
1.724166788061295323e-03
1.663603572947909863e-03
1.598980452545195607e-03
1.531173079675369857e-03
1.461123463430436106e-03
1.389828123063721827e-03
1.318323739172347180e-03
1.247670638221300664e-03
1.178936018565692823e-03
1.113176708291910158e-03
1.051421612555139724e-03
9.946556540024076732e-04
9.438052102266550206e-04
8.997244027084755824e-04
8.631832323833179979e-04
8.348573271893121490e-04
8.153177147181521478e-04
8.050209267295263841e-04
8.043001637085811766e-04
8.133569823888643722e-04
8.322541422084296474e-04
8.609109260463457215e-04
8.991007128668831528e-04
9.464509437688720193e-04
1.002446410209722897e-03
1.066435141435303048e-03
1.137635899347305300e-03
1.215147651458920418e-03
1.297960615644311701e-03
1.384967985163897694e-03
1.474978888616780039e-03
1.566732898704322917e-03
1.658915544861635366e-03
1.750175409056686174e-03
1.839143419858552987e-03
1.924453566125354292e-03
2.004764560952543555e-03
2.078782247487134024e-03
2.145281472552360708e-03
2.203126523127330212e-03
2.251290134018475979e-03
2.288870493483120827e-03
2.315105818952984881e-03
2.329387091745802833e-03
2.331269133938719887e-03
2.320479725115507427e-03
2.296926988936115639e-03
2.260704961557635697e-03
2.212096606203394107e-03
2.151574011234049563e-03
2.079795668054231026e-03
1.997600291511994215e-03
1.905997128043340240e-03
1.806153264433294934e-03
1.699378227771189149e-03
1.587106364062779726e-03
1.470877842035527667e-03
1.352318596534853555e-03
1.233119149379332006e-03
1.115012519527241834e-03
9.997512037337790911e-04
8.890829330271079632e-04
7.847253729131058913e-04
6.883401835867676002e-04
6.015067106120174957e-04
5.256959822283866933e-04
4.622459522771077715e-04
4.123384902834027928e-04
3.769785631421341968e-04
3.569762016838406407e-04
3.529313746434226346e-04
3.652216565008360532e-04
3.939928264903979488e-04
4.391523261378807528e-04
5.003653872059967691e-04
5.770541633117959660e-04
6.684002997907448384e-04
7.733511081596168178e-04
8.906296805557511716e-04
1.018749193535619822e-03
1.156031142919430269e-03
1.300627207695122115e-03
1.450544415773197563e-03
1.603672864567537567e-03
1.757815276056738912e-03
1.910718008399930543e-03
2.060103038432173437e-03
2.203700456396384504e-03
2.339281343160286124e-03
2.464690776560199241e-03
2.577880574057134569e-03
2.676941531084581216e-03
2.760134715381684471e-03
2.825921021947737366e-03
2.872988302081234957e-03
2.900275462044891832e-03
2.906992851295323466e-03
2.892638564724060810e-03
2.857010587983023486e-03
2.800214677655183792e-03
2.722668001321611794e-03
2.625098762590977533e-03
2.508541840109829342e-03
2.374330307587200952e-03
2.224082790747053829e-03
2.059686529197270882e-03
1.883275947548067363e-03
1.697206802232364238e-03
1.504026136088470458e-03
1.306438308882415782e-03
1.107267650646819078e-03
9.094185399476311478e-04
7.158336314185203631e-04
5.294509330989529165e-04
3.531604568556404901e-04
1.897609639044576071e-04
4.191722500934650796e-05
-8.788168705426128329e-05
-1.973625657010653900e-04
-2.845061916280717715e-04
-3.475827031556837782e-04
-3.851834507907605566e-04
-3.962486573563355754e-04
-3.800902074664791377e-04
-3.364089906829747373e-04
-2.653064947121165250e-04
-1.672904852706298922e-04
-4.327470224335096624e-05
1.054273002101068337e-04
2.771139751791444682e-04
4.697131280099130744e-04
6.808046256663348450e-04
9.076483297194448295e-04
1.147217195852234025e-03
1.396235393402936106e-03
1.651221136267463918e-03
1.908533822033154888e-03
2.164424893703643070e-03
2.415091607749865043e-03
2.656732786461462985e-03
2.885605632821224096e-03
3.098082605897486096e-03
3.290707406925720471e-03
3.460249259775597178e-03
3.603754700329084033e-03
3.718596155415391721e-03
3.802516669610895520e-03
3.853670129579369382e-03
3.870656336252505537e-03
3.852550316932903257e-03
3.798925266331070784e-03
3.709868546370250104e-03
3.585990326739805622e-03
3.428424612019147829e-03
3.238822549928533408e-03
3.019338094155227335e-03
2.772606227305351567e-03
2.501714006490832545e-03
2.210164738724023498e-03
1.901835618255412518e-03
1.580929150489062416e-03
1.251918729129612674e-03
9.194888401453698212e-04
5.884704718737373587e-04
2.637725366201951194e-04
-4.968972951039521218e-05
-3.470682645097065283e-04
-6.236563000286101310e-04
-8.749617554508416946e-04
-1.096778563494292319e-03
-1.285254703511792222e-03
-1.436955828711120303e-03
-1.548923507425493994e-03
-1.618727267634016437e-03
-1.644509748027112419e-03
-1.625024320413531731e-03
-1.559664626011142766e-03
-1.448485542286559631e-03
-1.292215143783420920e-03
-1.092257308843242337e-03
-8.506847570016891867e-04
-5.702224149564165618e-04
-2.542211289331617317e-04
9.337811996002936328e-05
4.680892324465303774e-04
8.649348792500395665e-04
1.278508804888729266e-03
1.703045978260438187e-03
2.132499900697713835e-03
2.560626254457903841e-03
2.981071935695326844e-03
3.387468162385183241e-03
3.773526315241041307e-03
4.133134884829647165e-03
4.460455740332425895e-03
4.750017870491131909e-03
4.996806825067579699e-03
5.196348278625575676e-03
5.344784116605993084e-03
5.438886568111911228e-03
5.476269315057623842e-03
5.455291994524602561e-03
5.375122649909587491e-03
5.235795457179472784e-03
5.038194679159814504e-03
4.784081056308781346e-03
4.476063274321140199e-03
4.117656559515475538e-03
3.713044315978203651e-03
3.267238301395440289e-03
2.785968314043135458e-03
2.275580544880704929e-03
1.742999188566537886e-03
1.195608017122898282e-03
6.411790092426671462e-04
8.774631849176404562e-05
-4.564941825665668959e-04
-9.833213475097149058e-04
-1.484606552478796295e-03
-1.952437850575189718e-03
-2.379228309189125416e-03
-2.757843708502180809e-03
-3.081733493457063967e-03
-3.345053683545137335e-03
-3.542747612860934481e-03
-3.670621417788354039e-03
-3.725425229920326792e-03
-3.704935187288739985e-03
-3.608001171765219672e-03
-3.434573660358791747e-03
-3.185713128107987499e-03
-2.863582978091294088e-03
-2.471450674553662529e-03
-2.013676259109318037e-03
-1.495666415817210621e-03
-9.237990325101069072e-04
-3.053794019875273494e-04
3.514336701600622175e-04
1.037735902340732215e-03
1.743991818160568448e-03
2.460145372338592203e-03
3.175783410866478591e-03
3.880286952320303930e-03
4.562966359751403911e-03
5.213228793497508458e-03
5.820768659269081637e-03
6.375678619700204421e-03
6.868762530434085155e-03
7.291545493766771364e-03
7.636428863091252774e-03
7.896857891344206959e-03
8.067417502100297441e-03
8.143937620104037961e-03
8.123544533082586658e-03
8.004732827123849093e-03
7.787387655839832744e-03
7.472818215224862233e-03
7.063751795540249186e-03
6.564309978519805924e-03
5.979975378663987540e-03
5.317557692606018210e-03
4.585130634277108028e-03
3.791958712810598528e-03
2.948473786686738388e-03
2.065916337472897390e-03
1.156441053190776893e-03
2.329058948340884127e-04
-6.913142801967268793e-04
-1.602482867487578207e-03
-2.486770607294468312e-03
-3.330456689392565905e-03
-4.120152822189816419e-03
-4.843010640736074464e-03
-5.486959029028189161e-03
-6.040914808859372369e-03
-6.494911541497478714e-03
-6.840434204990145789e-03
-7.070393627969156179e-03
-7.179290769792006678e-03
-7.163331699764382068e-03
-7.020461977418450406e-03
-6.750422181987762379e-03
-6.354734653807080427e-03
-5.836727109251599842e-03
-5.201534552901320926e-03
-4.456070910167325531e-03
-3.608953378696679731e-03
-2.670460834104374914e-03
-1.652339812942000457e-03
-5.678107632794517686e-04
5.685654106240665842e-04
1.741096649193261351e-03
2.933116698431824897e-03
4.127245234929145454e-03
5.305634117633937358e-03
6.450249821853786328e-03
7.543083276413262844e-03
8.566657430582205399e-03
9.504210527245713150e-03
1.034002399775812465e-02
1.105972917413023532e-02
1.165053773749604067e-02
1.210148557612105921e-02
1.240360327945252972e-02
1.255003745295433897e-02
1.253609642408637717e-02
1.235931037643967986e-02
1.201946720620655253e-02
1.151861626661889772e-02
1.086104280074617554e-02
1.005322594614732092e-02
9.103771814190095638e-03
8.023387103050973884e-03
6.824834493019535896e-03
5.522840512338186847e-03
4.133982431468812523e-03
2.676581827280610261e-03
1.170624349927355638e-03
-3.627852601310810267e-04
-1.901339413670423591e-03
-3.421983369128112594e-03
-4.901329280357955009e-03
-6.316016484248835293e-03
-7.643171716202623069e-03
-8.860759047173011327e-03
-9.948296470231520958e-03
-1.088700310366186481e-02
-1.166023111223629324e-02
-1.225377981584836913e-02
-1.265605094389736854e-02
-1.285822947256842416e-02
-1.285435320204775418e-02
-1.264134579623975643e-02
-1.221896463354561063e-02
-1.158977486634795925e-02
-1.075907149039698023e-02
-9.734836462008454247e-03
-8.527710524716011070e-03
-7.150972856326844734e-03
-5.620502054431606234e-03
-3.954745105484967077e-03
-2.174635313712743132e-03
-3.035168882740138995e-04
1.633076387977801594e-03
3.607673641583698104e-03
5.591143531411648000e-03
7.553169110779659086e-03
9.462724765414574218e-03
1.128893142269871835e-02
1.300152377136943455e-02
1.457156658410948928e-02
1.597218893754174737e-02
1.717911674719897058e-02
1.817116572173680181e-02
1.893059132169040357e-02
1.944337574407278488e-02
1.969929431103543960e-02
1.969188027162032534e-02
1.941832853832730840e-02
1.887932195989944564e-02
1.807882142620102425e-02
1.702391987938149664e-02
1.572473973333959191e-02
1.419437858701684887e-02
1.244892994890139590e-02
1.050752640197527739e-02
8.392386042416599690e-03
6.128874305858209720e-03
3.745569271817162770e-03
1.274193512019875787e-03
-1.250608198225763119e-03
-3.791629374120937274e-03
-6.309754552730422079e-03
-8.764563793217425292e-03
-1.111515997148508281e-02
-1.332161275604650669e-02
-1.534556854590625810e-02
-1.715148666511819020e-02
-1.870756137661662086e-02
-1.998639470244749361e-02
-2.096554579147898861e-02
-2.162778260632058219e-02
-2.196110888746788045e-02
-2.195855316044917349e-02
-2.161779451459975090e-02
-2.094073403259222657e-02
-1.993307810327693205e-02
-1.860403198864447188e-02
-1.696609184120879271e-02
-1.503497651861224367e-02
-1.282973268904325816e-02
-1.037298521581086694e-02
-7.691296274951082979e-03
-4.815500499469009890e-03
-1.780977946234994216e-03
1.372610275551345432e-03
4.600111832998348728e-03
7.852850797847182179e-03
1.107861648060683331e-02
1.422284017118653765e-02
1.723046077263694006e-02
2.004717538061231985e-02
2.262161470840362565e-02
2.490672889100297230e-02
2.686139694051696558e-02
2.845159111217719639e-02
2.965104477580334311e-02
3.044133092017613229e-02
3.081156660757364274e-02
3.075769775161702260e-02
3.028148680281453342e-02
2.938942857050941965e-02
2.809187603414542780e-02
2.640229502648233639e-02
2.433679711853080699e-02
2.191411176261514118e-02
1.915584058273780629e-02
1.608710317537837345e-02
1.273743317452243756e-02
9.141695789909093026e-03
5.340795127383614685e-03
1.382374194210135186e-03
-2.678935067395762058e-03
-6.783114738877668928e-03
-1.086131331220761484e-02
-1.484223664719505099e-02
-1.865246765330754244e-02
-2.221822078184853069e-02
-2.547040580618063765e-02
-2.834580112025500420e-02
-3.079034619703217152e-02
-3.276073250719953311e-02
-3.422577824238139804e-02
-3.516620012473064411e-02
-3.557388165135419444e-02
-3.544995728372176552e-02
-3.480299662348242812e-02
-3.364675806931588520e-02
-3.199815275378394691e-02
-2.987573554367030718e-02
-2.729939528420978825e-02
-2.429042809560842328e-02
-2.087214331801257733e-02
-1.707115790333377237e-02
-1.291886408015014559e-02
-8.453529595622556042e-03
-3.722537114824619586e-03
1.216113654940971251e-03
6.296664210969605928e-03
1.143714430387533267e-02
1.654861486073571503e-02
2.153408469173917830e-02
2.395843575100282605e-02
2.631345542750500657e-02
2.858553779768773298e-02
3.076243161077681781e-02
3.283241225073168373e-02
3.478441484763097197e-02
3.660798635734897888e-02
3.829395356865290118e-02
3.983381719704863488e-02
4.122055121704547992e-02
4.244848957446849952e-02
4.351298884294324543e-02
4.441112947486654944e-02
4.514056065825252512e-02
4.570069294538793570e-02
4.609164601984075404e-02
4.635556886213351713e-02
4.597325795497557432e-02
4.496889734587119353e-02
4.336748499814035984e-02
4.119799503212877301e-02
3.848826777559369305e-02
3.526533114839906086e-02
3.155322541120417212e-02
2.737477493244336660e-02
2.275489005204795606e-02
1.772570330373622605e-02
1.232918560499733640e-02
6.618629657994043805e-03
6.572251441139085205e-04
-5.478035383547328468e-03
-1.169947938550868101e-02
-1.789328071517489599e-02
-2.096037104681310048e-02
-2.397650946401488209e-02
-2.692212414612756358e-02
-2.978183290730425370e-02
-3.253784287885722049e-02
-3.517416862387678228e-02
-3.767352274589126637e-02
-4.002031007118506817e-02
-4.219896944481502793e-02
-4.419666479970577044e-02
-4.600234223848648218e-02
-4.760665328393995366e-02
-4.900374970914889855e-02
-5.018872457279253269e-02
-5.188351797244798030e-02
-5.243129892590447233e-02
-5.277084336902673756e-02
-5.290048422458757532e-02
-5.282865808806424396e-02
-5.208879050098673413e-02
-5.062805704278550145e-02
-4.849525212135911978e-02
-4.573390513246144290e-02
-4.237816114791141675e-02
-3.845621850551163984e-02
-3.399072227018683917e-02
-2.899999556161256611e-02
-2.350776922180553702e-02
-1.754401890307232675e-02
-1.114728268715968473e-02
-4.371139194051269425e-03
2.701934181752294658e-03
9.983730535199328987e-03
1.735766328351022111e-02
2.105966433876186455e-02
2.473714420495558633e-02
2.836848221512115048e-02
3.193286491687654521e-02
3.540805393123475781e-02
3.877038517056080602e-02
4.199544602371928920e-02
4.355436004751276485e-02
4.652959381268804984e-02
4.864001578368387646e-02
5.063513776266871658e-02
5.250494220080856311e-02
5.424375991512474932e-02
5.584358435397009102e-02
5.729951523608847047e-02
5.860724842102176674e-02
5.976330661354619517e-02
6.076867088428242192e-02
6.162114063738967362e-02
6.232296911196519990e-02
6.315102999337630918e-02
6.362060272647317161e-02
6.315489800706303170e-02
6.260408053670982187e-02
6.087196274309505939e-02
5.972687342764938095e-02
5.690339100937188976e-02
5.343210223084766952e-02
4.936058118859301680e-02
4.471682592262873901e-02
3.951746684614784733e-02
3.377493149063401368e-02
2.750452934743873035e-02
2.072865620403094994e-02
1.348747944821554641e-02
5.839021163185251564e-03
-2.128147126937038943e-03
-1.030336962317328180e-02
-1.445330767209430239e-02
-1.861014770635156107e-02
-2.275251045433974301e-02
-2.686533353726404394e-02
-3.092546634833162611e-02
-3.293553894814300192e-02
-3.687295493852142669e-02
-3.975898166751031665e-02
-4.257101559061796797e-02
-4.529267171114363666e-02
-4.791377090746262724e-02
-5.041857671852535694e-02
-5.162842634544139581e-02
-5.393739107803190852e-02
-5.504012789029653213e-02
-5.610779026689512866e-02
-5.811315345612836497e-02
-5.905928579824753361e-02
-6.082128538997331330e-02
-6.240737138782220805e-02
-6.360078753147442587e-02
-6.466421536171512718e-02
-6.560199163607423334e-02
-6.641206415708676702e-02
-6.709449281203899718e-02
-6.765585757444649018e-02
-6.809187672294639282e-02
-6.841002659904477090e-02
-6.860985106611874884e-02
-6.869579952989471328e-02
-6.867245618667143503e-02
-6.830356008847512927e-02
-6.764184954877656974e-02
-6.680831193054423411e-02
-6.449722316980940895e-02
-6.143942857550007547e-02
-5.771348004051362474e-02
-5.561791168833168236e-02
-5.097839101483988417e-02
-4.577318960149422827e-02
-4.001481674653736831e-02
-3.369328356810293718e-02
-2.679949995261760032e-02
-1.934568023352156024e-02
-1.137362223224201198e-02
-2.963929061146963924e-03
5.774182246775364999e-03
1.025100948148340192e-02
1.926240113473217525e-02
2.380141613751002652e-02
2.832321731759921551e-02
3.280364770908694716e-02
3.502799752099864522e-02
3.940426280700707468e-02
4.156438987023156062e-02
4.369681606663447515e-02
4.579447985256717563e-02
4.785689764912916949e-02
4.987649243044338376e-02
5.185002345927931799e-02
5.377478255576268601e-02
5.564378594587592042e-02
5.745418193720159411e-02
5.919991447128733486e-02
6.087752232654642520e-02
6.248145186171166071e-02
6.400838876776632214e-02
6.545480133229239494e-02
6.681679266110514270e-02
6.809160293169322364e-02
6.927675762296121864e-02
7.037080022268898949e-02
7.137178875845331949e-02
7.227980806161046767e-02
7.309416085619863113e-02
7.381510020296765118e-02
7.444332799167460712e-02
7.497970796010929029e-02
7.542508419551241516e-02
7.578096576674808738e-02
7.604944548798768522e-02
7.632301579506750588e-02
7.627524166902523162e-02
7.592640918298955433e-02
7.438980597609638756e-02
7.326599074285201907e-02
7.038457454635441146e-02
6.866773474617622608e-02
6.472750682394835808e-02
6.018121381125201425e-02
5.508542045134318804e-02
4.946222003384729421e-02
4.330591059449799551e-02
3.659639255695645160e-02
2.931543109704226602e-02
2.146281907859035748e-02
1.307820598995590791e-02
4.243888232007803074e-03
-4.908621105995495532e-03
-9.581501351227554933e-03
-1.428066390200223752e-02
-1.898539835799575512e-02
-2.367984353008033283e-02
-2.602321142931864062e-02
-2.835787041894036881e-02
-3.067969659609814589e-02
-3.298827438991824845e-02
-3.528081063857600730e-02
-3.755379886161109432e-02
-3.980534903118378848e-02
-4.203038185962415518e-02
-4.422689255121926150e-02
-4.639013397593123172e-02
-4.851603375251165723e-02
-5.060025563311806862e-02
-5.263751715879708831e-02
-5.462368283771745076e-02
-5.655322492218387703e-02
-5.842130423420006935e-02
-6.022294933493026192e-02
-6.195314190296061230e-02
-6.360711438719972299e-02
-6.517995390508903031e-02
-6.666706406369365956e-02
-6.806435473827485150e-02
-6.936870896729843694e-02
-7.057761450413602144e-02
-7.168948065041853834e-02
-7.270281761199735848e-02
-7.361714014241771409e-02
-7.443176217195181243e-02
-7.514686354891998710e-02
-7.576261668178055353e-02
-7.628000980945419396e-02
-7.701588558592434297e-02
-7.724984962091391294e-02
-7.739495525318629277e-02
-7.745076199918679571e-02
-7.742110666275640873e-02
-7.710937308411200397e-02
-7.649423150508710689e-02
-7.585135065977084701e-02
-7.506090299031943636e-02
-7.308073992884155101e-02
-6.972436342355597949e-02
-6.568131996441554932e-02
-6.105211603621396588e-02
-5.981426537214463990e-02
-5.724341206733788573e-02
-5.172228597337211187e-02
-4.569410938057230642e-02
-3.912856162396633614e-02
-3.563228671071279330e-02
-2.817708464211973740e-02
-2.010742310229482813e-02
-1.144638465910772195e-02
-2.287706253648754805e-03
2.446645816653344237e-03
7.248335964691230392e-03
1.209562202936374092e-02
1.696567034495463991e-02
2.184278346821152267e-02
2.670573842802446626e-02
2.913209973679478301e-02
3.154800353398582585e-02
3.395019872083236689e-02
3.633728907343782705e-02
3.870588522525925113e-02
4.105365462014566591e-02
4.337704355034281006e-02
4.567273253851050763e-02
4.793778025226394512e-02
5.016737754620456680e-02
5.235782836688655795e-02
5.450423840379999690e-02
5.660172209442349001e-02
5.864506634354865744e-02
6.062848104309723207e-02
6.254689990954437340e-02
6.439424871412399720e-02
6.616581501455479075e-02
6.785579190636921443e-02
6.945953438784234490e-02
7.097238771435250559e-02
7.239067501277454686e-02
7.371170523609839320e-02
7.493291968623165544e-02
7.605279377762751147e-02
7.706957236005344825e-02
7.798219600844187582e-02
7.878995934127679124e-02
7.949273839468386227e-02
8.009074009343218614e-02
8.058527742344533118e-02
8.097828245989738272e-02
8.127215560925285520e-02
8.146915384946086525e-02
8.157138028076121872e-02
8.158111364267445209e-02
8.132910540803592325e-02
8.074979552983545250e-02
7.987251360631048014e-02
7.872448152598889026e-02
7.733307011599618863e-02
7.390767668362729914e-02
7.192363543479869670e-02
6.750242504820264111e-02
6.255923754905451384e-02
5.714113102519366438e-02
5.125831468767087090e-02
4.488511818639161904e-02
3.797174881053116263e-02
3.047636754069791426e-02
2.237481074302480680e-02
1.368107794985055220e-02
4.477549198798592110e-03
-5.075585575506597752e-03
-9.956489098507685306e-03
-1.485789429024299974e-02
-1.975111507584100326e-02
-2.461810360849019108e-02
-2.704326865607307312e-02
-2.945508620394491489e-02
-3.184972715785820002e-02
-3.422661108110525846e-02
-3.658380938920705733e-02
-3.891812386919877437e-02
-4.122870067866827443e-02
-4.351082254150454715e-02
-4.576272685869549328e-02
-4.798023990813710116e-02
-5.015948133666028180e-02
-5.229717948426830521e-02
-5.438810311155557048e-02
-5.642844184861012247e-02
-5.841239370286627902e-02
-6.033545082636745938e-02
-6.219264286581692447e-02
-6.397905426571438847e-02
-6.568975753290139108e-02
-6.731961849400958098e-02
-6.886373222628371094e-02
-7.164843711632619405e-02
-7.291293530878172058e-02
-7.351180077891970865e-02
-7.462594085729903903e-02
-7.514416239587946855e-02
-7.610271775934404626e-02
-7.654087479699568652e-02
-7.695380544827980229e-02
-7.770248756601581819e-02
-7.834069638006084524e-02
-7.888038113628294268e-02
-7.931399490123079710e-02
-7.987198641216594619e-02
-8.001098547947589623e-02
-8.005642500463046318e-02
-8.001192083227678942e-02
-7.987647246488080444e-02
-7.934911459434418335e-02
-7.896737420251402628e-02
-7.798372992599041098e-02
-7.738772505194657647e-02
-7.601226783132576659e-02
-7.260042394809505806e-02
-6.846621485612396085e-02
-6.373993023419965986e-02
-6.119284265325745237e-02
-5.576414982177439750e-02
-4.989893194950294208e-02
-4.357323126181135431e-02
-3.672643250621081268e-02
-2.929194148294107791e-02
-2.122482343536213206e-02
-1.252683923892558560e-02
-3.264781122128601522e-03
1.547782479900872447e-03
6.445811974371675433e-03
1.139915109378844722e-02
1.637606667063442809e-02
2.135127595564197470e-02
2.630227410146472600e-02
2.876954789281903346e-02
3.122412390321378101e-02
3.607292381173050205e-02
3.847712422268311644e-02
4.085910949093267408e-02
4.321607783038757672e-02
4.554363635292256463e-02
4.783908342279388076e-02
5.009917734692533736e-02
5.232115779031139974e-02
5.449979808247874813e-02
5.663034070084237148e-02
5.870877316959494108e-02
6.072877775148893126e-02
6.268612453677838148e-02
6.457569877984616069e-02
6.639174611561396433e-02
6.812872520392390663e-02
6.978021910791966376e-02
7.134199356178723417e-02
7.281012882414882037e-02
7.418267403015235684e-02
7.545759900850543267e-02
7.663199431216270729e-02
7.770365033259635235e-02
7.867043469377345277e-02
7.953185919293277728e-02
8.028747865581613297e-02
8.093727694102775816e-02
8.148162727065902389e-02
8.192168157134890882e-02
8.226029376148279171e-02
8.249985500565540364e-02
8.264215884638786980e-02
8.268894039173310673e-02
8.264183072872421931e-02
8.227196959005089738e-02
8.156983517888437285e-02
8.056828287995859705e-02
7.777176516357975355e-02
7.410000976071476342e-02
7.306671064670071380e-02
7.087867286041377168e-02
6.608950289269459322e-02
6.083693685899192738e-02
5.516671778536671317e-02
5.217888521333347712e-02
4.586020644998042850e-02
3.903420535407901848e-02
3.164656616748001694e-02
2.365557691159232007e-02
1.504901827549439894e-02
5.886060027047508580e-03
-3.687987541479780928e-03
-8.596309893975310340e-03
-1.352921320562764512e-02
-1.846643810314753734e-02
-2.093440766823780746e-02
-2.339468868993525158e-02
-2.584245122363549793e-02
-2.827560826281674822e-02
-3.307405158774239656e-02
-3.545531059144359232e-02
-3.781552729616786956e-02
-4.014680695939466110e-02
-4.245026317073827965e-02
-4.471997871227177679e-02
-4.695409811029658403e-02
-4.915192594108516722e-02
-5.130647551656175587e-02
-5.341680032944062795e-02
-5.547664475513673643e-02
-5.748180996018747990e-02
-5.942790305231852171e-02
-6.130966655613741961e-02
-6.312438982832728473e-02
-6.486588038265282685e-02
-6.653063584144004727e-02
-6.811396860463077296e-02
-6.961090445474875377e-02
-7.101689270096687989e-02
-7.232793994309899555e-02
-7.354162653873318189e-02
-7.465532241804277713e-02
-7.566894207415733598e-02
-7.658120689396458181e-02
-7.739160299002470489e-02
-7.809935833388241544e-02
-7.870408118507955797e-02
-7.920549795463378839e-02
-7.960505354630931230e-02
-8.009484145012284173e-02
-8.020851638654630245e-02
-8.013447283075707250e-02
-7.971900487614300146e-02
-7.939021468511860136e-02
-7.849398870771839842e-02
-7.793731065546125047e-02
-7.662412074389557404e-02
-7.330486319488423164e-02
-6.922550722037097704e-02
-6.452145585823063079e-02
-6.197591916109902038e-02
-5.655863438968272705e-02
-5.072845630635047787e-02
-4.446775148454049781e-02
-3.772649699546107294e-02
-3.043784565945468687e-02
-2.254172280467442099e-02
-1.402066280583857960e-02
-4.916431235772530592e-03
-1.669374247923607424e-04
4.685822485774332295e-03
9.610327472500349716e-03
1.457570213534941685e-02
1.955796247493855888e-02
2.453081495724964908e-02
2.701258560410465387e-02
2.948247704795891114e-02
3.193670112487762697e-02
3.437475351955077835e-02
3.679443224085675312e-02
4.155409191121483409e-02
4.390526412741337092e-02
4.622763099536743997e-02
4.851626494710099130e-02
5.076675850116069838e-02
5.297452858943371701e-02
5.513469233991899476e-02
5.724538242260100718e-02
5.930000100959444825e-02
6.129601358511522352e-02
6.322747094660131906e-02
6.508826981444605642e-02
6.687336515109591761e-02
6.857666184861867242e-02
7.019390789587909296e-02
7.172049407025633816e-02
7.315403817364132810e-02
7.449199395915231947e-02
7.573208085909075016e-02
7.687198436225922693e-02
7.791000168486032773e-02
7.884457688216653382e-02
7.967458465119831024e-02
8.039986420623310148e-02
8.101988908712161319e-02
8.153571712189991438e-02
8.194887744498859095e-02
8.226187670236274896e-02
8.247682761656285888e-02
8.259618338962664008e-02
8.262132929085877486e-02
8.255407874590468820e-02
8.214808602213014010e-02
8.141464449326593633e-02
8.038554194528439723e-02
7.908652177313653386e-02
7.754177274935490638e-02
7.380299884971974755e-02
6.936930304265701008e-02
6.438970922245343398e-02
5.895364583647867002e-02
5.310673145300385395e-02
4.683812131938790840e-02
4.008729700742778845e-02
3.280145241895168762e-02
2.494065815055744595e-02
1.647811537393542927e-02
7.449506683303861246e-03
-2.024468501173328720e-03
-6.897433013984104362e-03
-1.181417895337551378e-02
-1.674946736152251384e-02
-2.167213863482162980e-02
-2.413026025391582299e-02
-2.657624359663619124e-02
-2.900612352237422198e-02
-3.141950845596477165e-02
-3.616473257840632088e-02
-3.851348895138937550e-02
-4.083712554955253732e-02
-4.312720146091812007e-02
-4.538381965270617963e-02
-4.760233500754305902e-02
-4.977981309090792617e-02
-5.191513122280996817e-02
-5.400044903578514466e-02
-5.798397942833705132e-02
-5.990301925223754514e-02
-6.176015267558832011e-02
-6.354432674064264264e-02
-6.441026892757577282e-02
-6.608132231245764099e-02
-6.766718669672144859e-02
-6.917206385217786191e-02
-7.058471644172174819e-02
-7.190403935171499339e-02
-7.312905483566420339e-02
-7.425309801536526810e-02
-7.503517504647636005e-02
-7.575924012220147663e-02
-7.642718776534215830e-02
-7.758683309869215949e-02
-7.808464844909293601e-02
-7.852637276697872759e-02
-7.891125301583787333e-02
-7.923889362526628788e-02
-7.950949047376013046e-02
-7.972481440598268299e-02
-7.988438313685695957e-02
-8.004072643282110489e-02
-7.999296618390619451e-02
-7.975307464125461210e-02
-7.870862383209306645e-02
-7.821416524000469883e-02
-7.701667864971779853e-02
-7.389273910993676697e-02
-6.996661625529831952e-02
-6.537442663049762570e-02
-6.286799396900720482e-02
-5.750687501767948184e-02
-5.171971689110684695e-02
-4.550564432258199371e-02
-3.883131494218228230e-02
-3.162705091159493526e-02
-2.384035946499174843e-02
-1.543923033840437047e-02
-6.449554211630698780e-03
3.018119565673793494e-03
7.899528337757040497e-03
1.283664071666439609e-02
1.780581369729450358e-02
2.277491248792546177e-02
2.772172456378306851e-02
3.018583437093176960e-02
3.263531975117694300e-02
3.506749675164504837e-02
3.985777175453535798e-02
4.222618966343012759e-02
4.456868520743072215e-02
4.688007694719691087e-02
4.915587572004009864e-02
5.139333296747576607e-02
5.358770678734280091e-02
5.573523683801770434e-02
5.782807249137655869e-02
5.986240993944644262e-02
6.183334280758417262e-02
6.373680735375099327e-02
6.556844037945087911e-02
6.732337840943429519e-02
6.899597751252276034e-02
7.058131678652425356e-02
7.207526317567898577e-02
7.347348709095959107e-02
7.477299434533304923e-02
7.597155027273568006e-02
7.706925147544581300e-02
7.806518204307297260e-02
7.895928098129709194e-02
7.975009017507116160e-02
8.043689207286619514e-02
8.102047582360036304e-02
8.150174525869506581e-02
8.188242560704205031e-02
8.216359758561657400e-02
8.234775216529398312e-02
8.243783580277840028e-02
8.243660635612087839e-02
8.216368869108470196e-02
8.155861667599249853e-02
8.064566801643376082e-02
7.945051871703831536e-02
7.800408425003278745e-02
7.445424143673069761e-02
7.017420879478644680e-02
6.530206200810978467e-02
5.995313828507160825e-02
5.418125166943114912e-02
4.798572753837597460e-02
4.132715719544506616e-02
3.414269757983059983e-02
2.639066700692487347e-02
1.806000506187566482e-02
9.167811087957352875e-03
-1.921828610451162809e-04
-9.856464346945830249e-03
-1.477341084804576973e-02
-1.969965123945746632e-02
-2.460523421682335454e-02
-2.705269353020878231e-02
-2.948609252648995774e-02
-3.427906766297479646e-02
-3.665526736504245986e-02
-3.900899464501547675e-02
-4.133406229631165357e-02
-4.362952166626724720e-02
-4.588959375610553865e-02
-4.811119274453940636e-02
-5.029201564495034554e-02
-5.242464963610773965e-02
-5.450888722849880907e-02
-5.653850697668379860e-02
-5.850949951273247407e-02
-6.041759303778559964e-02
-6.225729123371039758e-02
-6.402547877601030835e-02
-6.571606104189603448e-02
-6.732603155185347410e-02
-6.885061363792324696e-02
-7.028588957458919984e-02
-7.162830747519942365e-02
-7.287492477261850454e-02
-7.402313820936173849e-02
-7.507115714872907020e-02
-7.601884813533366092e-02
-7.686522428362210779e-02
-7.761076991752180465e-02
-7.825539106256292066e-02
-7.879958789033562894e-02
-7.924351100570370399e-02
-7.958882850312165580e-02
-7.997861959456309400e-02
-8.003816309056650813e-02
-8.000808929677143133e-02
-7.988930536171702512e-02
-7.968578843065125816e-02
-7.903091306869761135e-02
-7.859190576609983991e-02
-7.750001065274461642e-02
-7.614586003333316533e-02
-7.455985749760793424e-02
-7.077835509342163267e-02
-6.631563722692336571e-02
-6.386430347783669803e-02
-5.858773851011784412e-02
-5.286220406127269122e-02
-4.669647831458855619e-02
-4.006178653085845642e-02
-3.290903084152360658e-02
-2.518788678309423837e-02
-1.686388351278296158e-02
-7.958030662404420863e-03
1.436283972569724196e-03
6.287053734225040921e-03
1.120049825817587101e-02
1.615142516205504697e-02
2.111251055993966508e-02
2.606248905781788708e-02
2.853200473891873840e-02
3.098863871249382326e-02
3.343000357548435442e-02
3.824439629783221717e-02
4.062736382770694432e-02
4.298639319589073887e-02
4.531732114230473119e-02
4.761595913560083548e-02
4.987909420674548067e-02
5.210253135161035248e-02
5.428224382504309026e-02
5.641238740844708999e-02
5.848893732219182656e-02
6.050795788813843196e-02
6.246360941706340097e-02
6.435112692114824950e-02
6.616521637496330932e-02
6.790036403988038149e-02
6.955152666376500370e-02
7.111356328346310485e-02
7.258174670011938168e-02
7.395278413227746039e-02
7.522438605050152383e-02
7.639549453664984391e-02
7.746438610199495034e-02
7.843046290208155469e-02
7.929307312017966347e-02
8.005157080173022632e-02
8.070616741727014432e-02
8.125664257232320664e-02
8.170447798435101494e-02
8.205074204171713959e-02
8.229832049171366404e-02
8.245010540230141016e-02
8.250879988170049806e-02
8.247735706976787318e-02
8.214502890522600020e-02
8.148363857172055691e-02
8.052010746326686286e-02
7.928378878198637236e-02
7.780417780568765762e-02
7.517555935976706627e-02
7.101263207262289989e-02
6.623994114276549050e-02
6.097216377935554821e-02
5.526358763775167382e-02
4.912768878622875840e-02
4.253150975102046316e-02
3.541311173408956403e-02
2.773021987306898903e-02
1.946221199158610846e-02
1.062482768317631748e-02
1.308791671689253384e-03
-8.334486972542029873e-03
-1.324546989603671808e-02
-1.817095795794240048e-02
-2.308289118588754615e-02
-2.553521378479118101e-02
-2.797535570428781940e-02
-3.039984579505838544e-02
-3.280683260208405727e-02
-3.519409189293105922e-02
-3.755969501752031564e-02
-3.990148090458291164e-02
-4.221491635015493793e-02
-4.449726891338703222e-02
-4.674476760222504718e-02
-4.895317889075284645e-02
-5.111932057219884667e-02
-5.527852262171541187e-02
-5.729404148026986943e-02
-5.925260928066352489e-02
-6.114272016768949186e-02
-6.206392021616334576e-02
-6.384699490340245420e-02
-6.554954677254103135e-02
-6.717477143570688147e-02
-6.871210353544580929e-02
-7.016031264594062289e-02
-7.151760926511620264e-02
-7.277581089973209072e-02
-7.365897882693858700e-02
-7.448429508666427890e-02
-7.525288438330941798e-02
-7.596464673188180194e-02
-7.661830167907225653e-02
-7.721475946073778907e-02
-7.775364498253813095e-02
-7.823598713614925149e-02
-7.866025141902095730e-02
-7.902905725034321816e-02
-7.934096074358480688e-02
-7.959741254869003024e-02
-7.994039486972846775e-02
-8.007285942805628109e-02
-8.000375300877607398e-02
-7.974108333764387546e-02
-7.938315436663363756e-02
-7.890267767034617186e-02
-7.830726012666176794e-02
-7.679009578995812935e-02
-7.530340385267586534e-02
-7.169744915355345805e-02
-6.738451218016622279e-02
-6.469627823403921452e-02
-5.951742103939672984e-02
-5.387908899789173311e-02
-4.780099841769712421e-02
-4.125906028975052237e-02
-3.419906399125396262e-02
-2.656377704795217370e-02
-1.831465119310142498e-02
-9.469583980744910798e-03
-1.250165427076688272e-04
4.708262331324685086e-03
9.612146380711342891e-03
1.456109994124656602e-02
1.952369356467549902e-02
2.447993740326446718e-02
2.695482518271235042e-02
2.941973952173597764e-02
3.187135758111819123e-02
3.430733447287664939e-02
3.672446527931916976e-02
3.912056524551503489e-02
4.149448362554121472e-02
4.384203161617544059e-02
4.616163129668095222e-02
4.844888406186880631e-02
5.069904110999808033e-02
5.290779418340484097e-02
5.507084542291877660e-02
5.718424695814954689e-02
5.924303170903141152e-02
6.124203949332034103e-02
6.317646190841631759e-02
6.504083033512007839e-02
6.683044274463723067e-02
6.853933362430442155e-02
7.016157898591694753e-02
7.169190858441618075e-02
7.312721639387276262e-02
7.446511038086102430e-02
7.570363857671570662e-02
7.684104721763472534e-02
7.787588897326006010e-02
7.880672413360007011e-02
7.963332704973152820e-02
8.035494286565036948e-02
8.097175310679613491e-02
8.148462765676739439e-02
8.189492310229901095e-02
8.220518412391582264e-02
8.241747549494465863e-02
8.253487390743505236e-02
8.255963976547792127e-02
8.233354877052954934e-02
8.176740656031276921e-02
8.088859503002680806e-02
7.830227953665071239e-02
7.576492266252346508e-02
7.171282675703469223e-02
6.703171288792349192e-02
6.184946307694880185e-02
5.622817558926085368e-02
5.018023554091584348e-02
4.368314615355844976e-02
3.667402451161125981e-02
2.909793475473365296e-02
2.093202598862397776e-02
1.218336737558160798e-02
2.929898896430779224e-03
-1.857648716616702982e-03
-6.713679687621271729e-03
-1.161383043691001024e-02
-1.653085794549421714e-02
-2.144204521860135909e-02
-2.389496705727823730e-02
-2.633722817561642837e-02
-2.876541831246727174e-02
-3.117796794496925303e-02
-3.357271367824743447e-02
-3.594716729608680300e-02
-3.830011564066900659e-02
-4.062613898173909888e-02
-4.292374413170464698e-02
-4.518888256094569927e-02
-4.741756876769554624e-02
-4.960650462083915357e-02
-5.382231094367045249e-02
-5.587157691432181189e-02
-5.786806611833035519e-02
-6.163828335356557470e-02
-6.343787884211483930e-02
-6.516501783252290347e-02
-6.680709489236150156e-02
-6.836557001296228453e-02
-6.982985788946946548e-02
-7.120174324194215865e-02
-7.248121533180373888e-02
-7.365902756095123183e-02
-7.474209784980379023e-02
-7.572333947945658617e-02
-7.660251123089424630e-02
-7.738032552256195185e-02
-7.860996810285368619e-02
-7.908375677566310824e-02
-7.945852528596372699e-02
-7.973415289464357014e-02
-7.991388148088131305e-02
-7.999931526503535617e-02
-7.999188772384988044e-02
-7.970866750350814878e-02
-7.944230809220462208e-02
-7.909941418838592475e-02
-7.818301989856224488e-02
-7.699175634764549025e-02
-7.555479340802613575e-02
-7.201928033024271314e-02
-6.776031931090115146e-02
-6.540703859068988657e-02
-6.032421816661524133e-02
-5.477896769573305930e-02
-4.880104976177493392e-02
-4.236774451494835364e-02
-3.542793128217711085e-02
-2.791871559323875693e-02
-1.979656642298197045e-02
-1.105092456292593173e-02
-1.771725554987285548e-03
3.038235034596379822e-03
1.281588544615211260e-02
1.778551643662352674e-02
2.276013892499831673e-02
2.771486912388727158e-02
3.018202425556016158e-02
3.263372212832860164e-02
3.746844180518452139e-02
4.221221503199889397e-02
4.455339621891493684e-02
4.686494918983373503e-02
4.913990385984087078e-02
5.137485527918995987e-02
5.356751464284761205e-02
5.571279468052482003e-02
5.780719931489387842e-02
5.984454752099259423e-02
6.182115126287172913e-02
6.372958337818604435e-02
6.556538282337123769e-02
6.732420388392269806e-02
6.900193201520239683e-02
7.059387300096746365e-02
7.209591569552695201e-02
7.350318125488446153e-02
7.481229096237314302e-02
7.602162385559470270e-02
7.713004550350115174e-02
7.813584896549792547e-02
7.903726948708096611e-02
7.983365052155594332e-02
8.052484057477560242e-02
8.111179835679993566e-02
8.159578207764028868e-02
8.197820652791956708e-02
8.226167845704408788e-02
8.244832693056043660e-02
8.254056461745556961e-02
8.254026246312098913e-02
8.226628339392877409e-02
8.165790656070079367e-02
8.074054027555065127e-02
7.954076603763547693e-02
7.808668544911323561e-02
7.640505713216826089e-02
7.245140206304914732e-02
6.785602646015671813e-02
6.273700358837930313e-02
5.716463697809002348e-02
5.117502668026463475e-02
4.475150217154327120e-02
3.782822117850569155e-02
3.035195165452768060e-02
2.229530552494247975e-02
1.365234463278791437e-02
4.483968688779415949e-03
-5.066244599040297530e-03
-9.964762420224537731e-03
-1.489399825905537121e-02
-1.982039161785492665e-02
-2.228372200414957885e-02
-2.473785892340448281e-02
-2.717994126382140135e-02
-2.960859149814311711e-02
-3.439536300130083962e-02
-3.677005330115280801e-02
-3.912267406011726845e-02
-4.144684530171294928e-02
-4.374179809539144315e-02
-4.600205271559479336e-02
-4.822467519639273004e-02
-5.040736465076819245e-02
-5.254330618464374963e-02
-5.463071742771018896e-02
-5.666410080278481282e-02
-6.052167139043791722e-02
-6.236930674791345275e-02
-6.414831835168581520e-02
-6.584751794087514987e-02
-6.666868285599722443e-02
-6.824430938364925425e-02
-6.899851555545526149e-02
-7.044030700914642729e-02
-7.178601496965725248e-02
-7.303335436932155422e-02
-7.418484776027729766e-02
-7.523117479494924320e-02
-7.617971962208217040e-02
-7.702373346701514578e-02
-7.776706092441246221e-02
-7.840882750923947042e-02
-7.894829237167627634e-02
-7.938832170249240927e-02
-7.995706615647547866e-02
-8.014808618338464807e-02
-8.011071623014702492e-02
-7.998658198320658663e-02
-7.947802824670834043e-02
-7.865650447157351843e-02
-7.754822831516421100e-02
-7.618268300640332336e-02
-7.458470629616942293e-02
-7.078176968910183942e-02
-6.629263458212342197e-02
-6.124974623894721693e-02
-5.574839336918968602e-02
-4.982025542526471312e-02
-4.343881029012631317e-02
-3.655864980455354046e-02
-2.912794964379063212e-02
-2.110041793778768757e-02
-1.245241433082287623e-02
-3.241590055060596196e-03
1.546295427165088722e-03
6.418752335603332242e-03
1.135280737188508297e-02
1.632055828374990095e-02
2.129893484427058253e-02
2.626180687771447961e-02
2.873615365350031675e-02
3.119739770895332831e-02
3.364133255307859977e-02
3.846110700278364963e-02
4.084629554559719017e-02
4.320776613313969533e-02
4.553807308233645545e-02
4.783553914792192108e-02
5.009517919310880335e-02
5.231432199209738038e-02
5.448987818868845923e-02
5.661516242014608818e-02
5.868692899836916443e-02
6.069991149475157527e-02
6.264998837601376547e-02
6.453158649554062432e-02
6.633931340264638543e-02
6.806704171687827376e-02
6.970905822569589683e-02
7.126127347917921018e-02
7.272031199851236583e-02
7.408449050736137798e-02
7.535151635859406449e-02
7.651957042131087017e-02
7.758645257011596852e-02
7.855049047477995205e-02
7.941114939213349266e-02
8.016737045991893795e-02
8.081916092670715646e-02
8.136663053278130053e-02
8.181144521887492860e-02
8.215512818187648003e-02
8.240042643431741420e-02
8.259623735758227225e-02
8.256169782070560403e-02
8.243973217124880848e-02
8.193233953789282042e-02
8.110906217721712552e-02
7.999878252781809918e-02
7.862799470179687722e-02
7.701885331320600103e-02
7.317783251205801920e-02
6.866476825297558595e-02
6.361503036196575200e-02
5.810901072976200343e-02
5.218108004327517979e-02
4.581825208545579203e-02
3.896286107783290820e-02
3.156757887967288206e-02
2.359215327576843699e-02
1.502521776421796539e-02
5.920969527137060449e-03
-3.590201947376740754e-03
-8.471289040148741872e-03
-1.338489081190990387e-02
-1.830905246233404185e-02
-2.321615408626894264e-02
-2.566633314558103285e-02
-2.810426279151827939e-02
-3.052539907465205357e-02
-3.293008168794696322e-02
-3.765721896390283874e-02
-3.999824480070932053e-02
-4.231425173874367451e-02
-4.459562705874831751e-02
-4.684187128135499506e-02
-4.904800654645879998e-02
-5.121022242806394509e-02
-5.332742814479939086e-02
-5.539021739066304906e-02
-5.739810009890358028e-02
-5.934452020569914305e-02
-6.122518546584150567e-02
-6.303775014924047071e-02
-6.477579917397108256e-02
-6.643691697248987893e-02
-6.801445988075686955e-02
-6.950518965272431404e-02
-7.090404552734980159e-02
-7.220752426760564113e-02
-7.341273388492067231e-02
-7.451860430688687920e-02
-7.552412571670566455e-02
-7.642864421189744795e-02
-7.723225203928361926e-02
-7.793407265823537600e-02
-7.853479048781920879e-02
-7.903417222719491542e-02
-7.943365769679965049e-02
-7.992575354333925075e-02
-8.003538740808682772e-02
-8.005447223670143775e-02
-7.998477940089898652e-02
-7.982941184117992028e-02
-7.958991066106999024e-02
-7.926868434478850922e-02
-7.839059118703077533e-02
-7.722925752247464248e-02
-7.581968260201192578e-02
-7.418780032610944319e-02
-7.033056996402306527e-02
-6.699057637110607255e-02
-6.204897736856526680e-02
-5.663745764259608267e-02
-5.079200781515392366e-02
-4.450413175987445041e-02
-3.772387788062071812e-02
-3.039829908061587177e-02
-2.248705588733542274e-02
-1.397222029747382036e-02
-4.893460555650245951e-03
-1.639231044740385875e-04
4.664909709798573285e-03
9.565749147003949071e-03
1.450866087524826410e-02
1.947177563653780530e-02
2.443094628888860254e-02
2.690796755096292597e-02
2.937442315561593006e-02
3.182646718424766985e-02
3.426384656480360030e-02
3.668382347192027798e-02
3.908490530933726032e-02
4.146321298149193563e-02
4.381498110695145054e-02
4.613749038812452880e-02
4.842619945701836376e-02
5.067806996226290744e-02
5.288794962355071461e-02
5.505253407277144184e-02
5.716722533443337889e-02
5.922780236841214407e-02
6.122898286924902816e-02
6.316474498589247366e-02
6.502933472866630205e-02
6.681675354207393391e-02
6.852190231355434480e-02
7.013995438592786347e-02
7.166757602913140235e-02
7.310219265437938041e-02
7.444099785154072169e-02
7.568170241366255213e-02
7.682147988034970787e-02
7.785853673560737265e-02
7.879159801228675930e-02
7.961996726874712160e-02
8.034341056684685123e-02
8.096192008787662930e-02
8.147655836901382398e-02
8.188886794329879038e-02
8.220095629633980550e-02
8.241467234185650970e-02
8.253208635164456519e-02
8.255532099465322238e-02
8.232447025570639731e-02
8.175674547672065473e-02
8.088223638788079317e-02
7.830615573486439385e-02
7.751480201308043327e-02
7.576903440712291771e-02
7.170468508255220530e-02
6.702180610268571037e-02
6.183243171887126133e-02
5.906857992226862558e-02
5.322244742809682794e-02
4.693953054966697874e-02
4.017001829841640448e-02
3.286734465700600488e-02
2.498552245601426761e-02
1.650370469534209739e-02
7.471993259421179541e-03
-1.986762330423287679e-03
-6.848388815038857977e-03
-1.175161983451178394e-02
-1.667166170690978499e-02
-2.157950646282602927e-02
-2.403072057959620977e-02
-2.647031575020489941e-02
-2.889445211068255095e-02
-3.130286408133822751e-02
-3.604058581407704881e-02
-3.838658602795504832e-02
-4.070807416361885145e-02
-4.299708269742366640e-02
-4.525396591435043581e-02
-4.747442834754486696e-02
-4.965549688076942997e-02
-5.179558249651206731e-02
-5.388631993507376344e-02
-5.592638450806879796e-02
-5.790951417147248426e-02
-6.165846755040997607e-02
-6.344905034613519679e-02
-6.516911991583208830e-02
-6.680727415143372649e-02
-6.759680015479800630e-02
-6.910700760536624132e-02
-7.017809922086268304e-02
-7.120014379366894353e-02
-7.306625503583978609e-02
-7.392072825384848889e-02
-7.545958384186667034e-02
-7.614497004867702701e-02
-7.734630414023530021e-02
-7.786233115221981305e-02
-7.832187205524637763e-02
-7.872563011826023971e-02
-7.906935404371455423e-02
-7.935819966160290173e-02
-7.976217668582634424e-02
-7.995445613219920311e-02
-7.994268577056946878e-02
-7.968076284018783817e-02
-7.916687170974273657e-02
-7.743118877247159859e-02
-7.449981162645803734e-02
-7.074091625512904380e-02
-6.775388546999741579e-02
-6.291100620941388055e-02
-5.757810305272480916e-02
-5.181738049641495397e-02
-4.562136237025880142e-02
-3.895407109328291595e-02
-3.174806611959990477e-02
-2.395132814525863588e-02
-1.554094383530473314e-02
-6.546210616633271577e-03
2.927270753553572451e-03
7.807834016004382323e-03
1.273908089049292230e-02
1.769946854926411628e-02
2.266125460191878785e-02
2.760329446400720116e-02
3.006477816643087289e-02
3.251236146387310316e-02
3.494117935709344785e-02
3.972504161975342479e-02
4.209041925524297650e-02
4.443227629921134986e-02
4.674503616624792190e-02
4.902313730794335966e-02
5.126177062906152326e-02
5.345507560246269552e-02
5.560104242636981081e-02
5.769338017814218400e-02
5.972933638446330934e-02
6.170336876448970220e-02
6.360995521802977060e-02
6.544460974515110829e-02
6.720278383119834831e-02
6.887912207122272312e-02
7.046872664021661126e-02
7.196665994356973850e-02
7.336848283543313809e-02
7.467179834852634424e-02
7.587445753761914990e-02
7.697671050293986017e-02
7.797687096482577851e-02
7.887475333185189896e-02
7.966883328710394618e-02
8.035901848849542894e-02
8.094576516884068040e-02
8.142968470788894408e-02
8.181260024988458446e-02
8.209573355313427856e-02
8.228227671820340094e-02
8.237443077924488932e-02
8.237470736100906132e-02
8.210391303326389223e-02
8.150130709815847641e-02
8.059192183504748641e-02
7.940189322849479370e-02
7.796195403676962898e-02
7.442503696090645160e-02
7.016041899371587565e-02
6.531181572371154431e-02
5.998853270918196728e-02
5.423871929378946966e-02
4.806246981314380579e-02
4.141798368609145992e-02
3.424220184785761040e-02
2.649694086830152451e-02
1.816937991285787549e-02
9.274771034915715515e-03
-8.712264565127355827e-05
-9.747811817594863662e-03
-1.466141022587271261e-02
-1.958393474053879424e-02
-2.448452499114763675e-02
-2.692890213142097935e-02
-2.935938240322256976e-02
-3.414851136062651421e-02
-3.652354474205432577e-02
-3.887631334053920362e-02
-4.120049229175436895e-02
-4.349538433792499853e-02
-4.575563816284174135e-02
-4.797839062504662827e-02
-5.016119546528869516e-02
-5.229652485318946054e-02
-5.438405202706066144e-02
-5.641756490488553100e-02
-5.839316264021848085e-02
-6.030660057765994259e-02
-6.215218342631000092e-02
-6.392633202903293121e-02
-6.562284769048190580e-02
-6.723900718661426912e-02
-6.877023783840099935e-02
-7.021255904486474464e-02
-7.156216745139486191e-02
-7.281601507935415996e-02
-7.397135307029449602e-02
-7.502623537017810706e-02
-7.598020484126558061e-02
-7.683209065564057527e-02
-7.758236440610484508e-02
-7.823109269920848485e-02
-7.877906180812230263e-02
-7.922658103918539529e-02
-7.957529117305821298e-02
-7.997036877637679619e-02
-8.002531131681767107e-02
-7.988048576059968153e-02
-7.954413670527710201e-02
-7.902813686807839966e-02
-7.834329170600883019e-02
-7.750075357022993827e-02
-7.537909677339223180e-02
-7.179148592636258597e-02
-6.863071822703233071e-02
-6.388268535039436091e-02
-5.861952590869912855e-02
-5.291077756531964438e-02
-4.676737942741586440e-02
-4.015306843322113267e-02
-3.301809721298654826e-02
-2.531054323204922143e-02
-1.699835997050289788e-02
-8.096470158632828804e-03
1.299560421138985832e-03
6.152381252465966704e-03
1.596611823499696770e-02
2.093658311276208953e-02
2.342534430159003145e-02
2.836798694939473425e-02
3.082890361904967388e-02
3.327390224491275778e-02
3.570098515597023431e-02
3.810800344066756634e-02
4.049072631010095652e-02
4.284793477178214238e-02
4.517848703002017713e-02
4.747594830177841174e-02
4.973859023849367539e-02
5.196206714448614594e-02
5.414173992443660488e-02
5.627282305727752260e-02
5.835024488911504104e-02
6.036952564434549390e-02
6.232499783512961133e-02
6.421304607418169830e-02
6.602888245576682413e-02
6.776668893041237762e-02
6.942142859124217358e-02
7.098859687821768016e-02
7.246293020991002864e-02
7.384077470486365147e-02
7.511941601326478646e-02
7.629753196585874198e-02
7.737363735541798182e-02
7.834738426386188281e-02
7.921770630529839652e-02
7.998384697466724702e-02
8.064642084858798798e-02
8.120535668397639573e-02
8.166186949377292337e-02
8.201680003654950035e-02
8.227237773491001549e-02
8.243124311841851237e-02
8.249628123534095969e-02
8.247079015549846348e-02
8.215128702059837362e-02
8.150242941921616302e-02
8.055006375476042590e-02
7.860896801795566602e-02
7.702011243815126695e-02
7.322687149284901054e-02
6.875232089835849048e-02
6.372625095753407798e-02
6.103573920619175669e-02
5.532703471784007621e-02
4.919438754962083410e-02
4.261118183153354139e-02
3.551439651729006164e-02
