0.000000000000000000e+00
1.000000000000000021e-02
2.000000000000000042e-02
2.999999999999999889e-02
4.000000000000000083e-02
5.000000000000000278e-02
6.000000000000000472e-02
7.000000000000000666e-02
8.000000000000000167e-02
8.999999999999999667e-02
9.999999999999999167e-02
1.099999999999999867e-01
1.199999999999999817e-01
1.299999999999999767e-01
1.399999999999999856e-01
1.499999999999999944e-01
1.600000000000000033e-01
1.700000000000000122e-01
1.800000000000000211e-01
1.900000000000000300e-01
2.000000000000000111e-01
2.100000000000000200e-01
2.200000000000000289e-01
2.300000000000000377e-01
2.399999999999999911e-01
2.500000000000000000e-01
2.600000000000000089e-01
2.700000000000000178e-01
2.800000000000000266e-01
2.900000000000000355e-01
3.000000000000000444e-01
3.100000000000000533e-01
3.200000000000000067e-01
3.300000000000000155e-01
3.400000000000000244e-01
3.500000000000000333e-01
3.599999999999999867e-01
3.699999999999999956e-01
3.800000000000000044e-01
3.900000000000000133e-01
4.000000000000000222e-01
4.100000000000000311e-01
4.200000000000000400e-01
4.300000000000000488e-01
4.400000000000000022e-01
4.500000000000000111e-01
4.600000000000000200e-01
4.700000000000000289e-01
4.799999999999999822e-01
4.899999999999999911e-01
5.000000000000000000e-01
5.100000000000000089e-01
5.200000000000000178e-01
5.300000000000000266e-01
5.400000000000000355e-01
5.500000000000000444e-01
5.600000000000000533e-01
5.700000000000000622e-01
5.800000000000000711e-01
5.900000000000000799e-01
5.999999999999999778e-01
6.099999999999999867e-01
6.199999999999999956e-01
6.300000000000000044e-01
6.400000000000000133e-01
6.500000000000000222e-01
6.600000000000000311e-01
6.700000000000000400e-01
6.800000000000000488e-01
6.900000000000000577e-01
7.000000000000000666e-01
7.100000000000000755e-01
7.199999999999999734e-01
7.299999999999999822e-01
7.399999999999999911e-01
7.500000000000000000e-01
7.600000000000000089e-01
7.700000000000000178e-01
7.800000000000000266e-01
7.900000000000000355e-01
8.000000000000000444e-01
8.100000000000000533e-01
8.200000000000000622e-01
8.300000000000000711e-01
8.399999999999999689e-01
8.499999999999999778e-01
8.599999999999999867e-01
8.699999999999999956e-01
8.800000000000000044e-01
8.900000000000000133e-01
9.000000000000000222e-01
9.100000000000000311e-01
9.200000000000000400e-01
9.300000000000000488e-01
9.400000000000000577e-01
9.500000000000000666e-01
9.599999999999999645e-01
9.699999999999999734e-01
9.799999999999999822e-01
9.899999999999999911e-01
1.000000000000000000e+00
1.010000000000000009e+00
1.020000000000000018e+00
1.030000000000000027e+00
1.040000000000000036e+00
1.050000000000000044e+00
1.060000000000000053e+00
1.070000000000000062e+00
1.080000000000000071e+00
1.090000000000000080e+00
1.100000000000000089e+00
1.110000000000000098e+00
1.120000000000000107e+00
1.130000000000000115e+00
1.140000000000000124e+00
1.150000000000000133e+00
1.159999999999999920e+00
1.169999999999999929e+00
1.179999999999999938e+00
1.189999999999999947e+00
1.199999999999999956e+00
1.209999999999999964e+00
1.219999999999999973e+00
1.229999999999999982e+00
1.239999999999999991e+00
1.250000000000000000e+00
1.260000000000000009e+00
1.270000000000000018e+00
1.280000000000000027e+00
1.290000000000000036e+00
1.300000000000000044e+00
1.310000000000000053e+00
1.320000000000000062e+00
1.330000000000000071e+00
1.340000000000000080e+00
1.350000000000000089e+00
1.360000000000000098e+00
1.370000000000000107e+00
1.380000000000000115e+00
1.390000000000000124e+00
1.400000000000000133e+00
1.410000000000000142e+00
1.420000000000000151e+00
1.430000000000000160e+00
1.439999999999999947e+00
1.449999999999999956e+00
1.459999999999999964e+00
1.469999999999999973e+00
1.479999999999999982e+00
1.489999999999999991e+00
1.500000000000000000e+00
1.510000000000000009e+00
1.520000000000000018e+00
1.530000000000000027e+00
1.540000000000000036e+00
1.550000000000000044e+00
1.560000000000000053e+00
1.570000000000000062e+00
1.580000000000000071e+00
1.590000000000000080e+00
1.600000000000000089e+00
1.610000000000000098e+00
1.620000000000000107e+00
1.630000000000000115e+00
1.640000000000000124e+00
1.650000000000000133e+00
1.660000000000000142e+00
1.670000000000000151e+00
1.679999999999999938e+00
1.689999999999999947e+00
1.699999999999999956e+00
1.709999999999999964e+00
1.719999999999999973e+00
1.729999999999999982e+00
1.739999999999999991e+00
1.750000000000000000e+00
1.760000000000000009e+00
1.770000000000000018e+00
1.780000000000000027e+00
1.790000000000000036e+00
1.800000000000000044e+00
1.810000000000000053e+00
1.820000000000000062e+00
1.830000000000000071e+00
1.840000000000000080e+00
1.850000000000000089e+00
1.860000000000000098e+00
1.870000000000000107e+00
1.880000000000000115e+00
1.890000000000000124e+00
1.900000000000000133e+00
1.910000000000000142e+00
1.919999999999999929e+00
1.929999999999999938e+00
1.939999999999999947e+00
1.949999999999999956e+00
1.959999999999999964e+00
1.969999999999999973e+00
1.979999999999999982e+00
1.989999999999999991e+00
2.000000000000000000e+00
2.009999999999999787e+00
2.019999999999999574e+00
2.029999999999999361e+00
2.039999999999999147e+00
2.049999999999998934e+00
2.059999999999998721e+00
2.069999999999998508e+00
2.079999999999998295e+00
2.089999999999998082e+00
2.099999999999997868e+00
2.109999999999997655e+00
2.119999999999997442e+00
2.129999999999997229e+00
2.139999999999997016e+00
2.149999999999996803e+00
2.159999999999996589e+00
2.169999999999996376e+00
2.179999999999996163e+00
2.189999999999995950e+00
2.199999999999995737e+00
2.209999999999995524e+00
2.219999999999995310e+00
2.229999999999995097e+00
2.239999999999994884e+00
2.249999999999994671e+00
2.259999999999994458e+00
2.269999999999994245e+00
2.279999999999994031e+00
2.289999999999993818e+00
2.299999999999993605e+00
2.309999999999993392e+00
2.319999999999993179e+00
2.329999999999992966e+00
2.339999999999992752e+00
2.349999999999992539e+00
2.359999999999992326e+00
2.369999999999992113e+00
2.379999999999991900e+00
2.389999999999991687e+00
2.399999999999991473e+00
2.409999999999991260e+00
2.419999999999991047e+00
2.429999999999990834e+00
2.439999999999990621e+00
2.449999999999990408e+00
2.459999999999990195e+00
2.469999999999989981e+00
2.479999999999989768e+00
2.489999999999989555e+00
2.499999999999989342e+00
2.509999999999989129e+00
2.519999999999988916e+00
2.529999999999988702e+00
2.539999999999988489e+00
2.549999999999988276e+00
2.559999999999988063e+00
2.569999999999987850e+00
2.579999999999987637e+00
2.589999999999987423e+00
2.599999999999987210e+00
2.609999999999986997e+00
2.619999999999986784e+00
2.629999999999986571e+00
2.639999999999986358e+00
2.649999999999986144e+00
2.659999999999985931e+00
2.669999999999985718e+00
2.679999999999985505e+00
2.689999999999985292e+00
2.699999999999985079e+00
2.709999999999984865e+00
2.719999999999984652e+00
2.729999999999984439e+00
2.739999999999984226e+00
2.749999999999984013e+00
2.759999999999983800e+00
2.769999999999983586e+00
2.779999999999983373e+00
2.789999999999983160e+00
2.799999999999982947e+00
2.809999999999982734e+00
2.819999999999982521e+00
2.829999999999982307e+00
2.839999999999982094e+00
2.849999999999981881e+00
2.859999999999981668e+00
2.869999999999981455e+00
2.879999999999981242e+00
2.889999999999981029e+00
2.899999999999980815e+00
2.909999999999980602e+00
2.919999999999980389e+00
2.929999999999980176e+00
2.939999999999979963e+00
2.949999999999979750e+00
2.959999999999979536e+00
2.969999999999979323e+00
2.979999999999979110e+00
2.989999999999978897e+00
2.999999999999978684e+00
3.009999999999978471e+00
3.019999999999978257e+00
3.029999999999978044e+00
3.039999999999977831e+00
3.049999999999977618e+00
3.059999999999977405e+00
3.069999999999977192e+00
3.079999999999976978e+00
3.089999999999976765e+00
3.099999999999976552e+00
3.109999999999976339e+00
3.119999999999976126e+00
3.129999999999975913e+00
3.139999999999975699e+00
3.149999999999975486e+00
3.159999999999975273e+00
3.169999999999975060e+00
3.179999999999974847e+00
3.189999999999974634e+00
3.199999999999974420e+00
3.209999999999974207e+00
3.219999999999973994e+00
3.229999999999973781e+00
3.239999999999973568e+00
3.249999999999973355e+00
3.259999999999973141e+00
3.269999999999972928e+00
3.279999999999972715e+00
3.289999999999972502e+00
3.299999999999972289e+00
3.309999999999972076e+00
3.319999999999971863e+00
3.329999999999971649e+00
3.339999999999971436e+00
3.349999999999971223e+00
3.359999999999971010e+00
3.369999999999970797e+00
3.379999999999970584e+00
3.389999999999970370e+00
3.399999999999970157e+00
3.409999999999969944e+00
3.419999999999969731e+00
3.429999999999969518e+00
3.439999999999969305e+00
3.449999999999969091e+00
3.459999999999968878e+00
3.469999999999968665e+00
3.479999999999968452e+00
3.489999999999968239e+00
3.499999999999968026e+00
3.509999999999967812e+00
3.519999999999967599e+00
3.529999999999967386e+00
3.539999999999967173e+00
3.549999999999966960e+00
3.559999999999966747e+00
3.569999999999966533e+00
3.579999999999966320e+00
3.589999999999966107e+00
3.599999999999965894e+00
3.609999999999965681e+00
3.619999999999965468e+00
3.629999999999965254e+00
3.639999999999965041e+00
3.649999999999964828e+00
3.659999999999964615e+00
3.669999999999964402e+00
3.679999999999964189e+00
3.689999999999963975e+00
3.699999999999963762e+00
3.709999999999963549e+00
3.719999999999963336e+00
3.729999999999963123e+00
3.739999999999962910e+00
3.749999999999962697e+00
3.759999999999962483e+00
3.769999999999962270e+00
3.779999999999962057e+00
3.789999999999961844e+00
3.799999999999961631e+00
3.809999999999961418e+00
3.819999999999961204e+00
3.829999999999960991e+00
3.839999999999960778e+00
3.849999999999960565e+00
3.859999999999960352e+00
3.869999999999960139e+00
3.879999999999959925e+00
3.889999999999959712e+00
3.899999999999959499e+00
3.909999999999959286e+00
3.919999999999959073e+00
3.929999999999958860e+00
3.939999999999958646e+00
3.949999999999958433e+00
3.959999999999958220e+00
3.969999999999958007e+00
3.979999999999957794e+00
3.989999999999957581e+00
3.999999999999957367e+00
4.009999999999957154e+00
4.019999999999956941e+00
4.029999999999956728e+00
4.039999999999956515e+00
4.049999999999956302e+00
4.059999999999956088e+00
4.069999999999955875e+00
4.079999999999955662e+00
4.089999999999955449e+00
4.099999999999955236e+00
4.109999999999955023e+00
4.119999999999954809e+00
4.129999999999954596e+00
4.139999999999954383e+00
4.149999999999954170e+00
4.159999999999953957e+00
4.169999999999953744e+00
4.179999999999953531e+00
4.189999999999953317e+00
4.199999999999953104e+00
4.209999999999952891e+00
4.219999999999952678e+00
4.229999999999952465e+00
4.239999999999952252e+00
4.249999999999952038e+00
4.259999999999951825e+00
4.269999999999951612e+00
4.279999999999951399e+00
4.289999999999951186e+00
4.299999999999950973e+00
4.309999999999950759e+00
4.319999999999950546e+00
4.329999999999950333e+00
4.339999999999950120e+00
4.349999999999949907e+00
4.359999999999949694e+00
4.369999999999949480e+00
4.379999999999949267e+00
4.389999999999949054e+00
4.399999999999948841e+00
4.409999999999948628e+00
4.419999999999948415e+00
4.429999999999948201e+00
4.439999999999947988e+00
4.449999999999947775e+00
4.459999999999947562e+00
4.469999999999947349e+00
4.479999999999947136e+00
4.489999999999946922e+00
4.499999999999946709e+00
4.509999999999946496e+00
4.519999999999946283e+00
4.529999999999946070e+00
4.539999999999945857e+00
4.549999999999945643e+00
4.559999999999945430e+00
4.569999999999945217e+00
4.579999999999945004e+00
4.589999999999944791e+00
4.599999999999944578e+00
4.609999999999944365e+00
4.619999999999944151e+00
4.629999999999943938e+00
4.639999999999943725e+00
4.649999999999943512e+00
4.659999999999943299e+00
4.669999999999943086e+00
4.679999999999942872e+00
4.689999999999942659e+00
4.699999999999942446e+00
4.709999999999942233e+00
4.719999999999942020e+00
4.729999999999941807e+00
4.739999999999941593e+00
4.749999999999941380e+00
4.759999999999941167e+00
4.769999999999940954e+00
4.779999999999940741e+00
4.789999999999940528e+00
4.799999999999940314e+00
4.809999999999940101e+00
4.819999999999939888e+00
4.829999999999939675e+00
4.839999999999939462e+00
4.849999999999939249e+00
4.859999999999939035e+00
4.869999999999938822e+00
4.879999999999938609e+00
4.889999999999938396e+00
4.899999999999938183e+00
4.909999999999937970e+00
4.919999999999937756e+00
4.929999999999937543e+00
4.939999999999937330e+00
4.949999999999937117e+00
4.959999999999936904e+00
4.969999999999936691e+00
4.979999999999936477e+00
4.989999999999936264e+00
4.999999999999936051e+00
5.009999999999935838e+00
5.019999999999935625e+00
5.029999999999935412e+00
5.039999999999935199e+00
5.049999999999934985e+00
5.059999999999934772e+00
5.069999999999934559e+00
5.079999999999934346e+00
5.089999999999934133e+00
5.099999999999933920e+00
5.109999999999933706e+00
5.119999999999933493e+00
5.129999999999933280e+00
5.139999999999933067e+00
5.149999999999932854e+00
5.159999999999932641e+00
5.169999999999932427e+00
5.179999999999932214e+00
5.189999999999932001e+00
5.199999999999931788e+00
5.209999999999931575e+00
5.219999999999931362e+00
5.229999999999931148e+00
5.239999999999930935e+00
5.249999999999930722e+00
5.259999999999930509e+00
5.269999999999930296e+00
5.279999999999930083e+00
5.289999999999929869e+00
5.299999999999929656e+00
5.309999999999929443e+00
5.319999999999929230e+00
5.329999999999929017e+00
5.339999999999928804e+00
5.349999999999928590e+00
5.359999999999928377e+00
5.369999999999928164e+00
5.379999999999927951e+00
5.389999999999927738e+00
5.399999999999927525e+00
5.409999999999927311e+00
5.419999999999927098e+00
5.429999999999926885e+00
5.439999999999926672e+00
5.449999999999926459e+00
5.459999999999926246e+00
5.469999999999926033e+00
5.479999999999925819e+00
5.489999999999925606e+00
5.499999999999925393e+00
5.509999999999925180e+00
5.519999999999924967e+00
5.529999999999924754e+00
5.539999999999924540e+00
5.549999999999924327e+00
5.559999999999924114e+00
5.569999999999923901e+00
5.579999999999923688e+00
5.589999999999923475e+00
5.599999999999923261e+00
5.609999999999923048e+00
5.619999999999922835e+00
5.629999999999922622e+00
5.639999999999922409e+00
5.649999999999922196e+00
5.659999999999921982e+00
5.669999999999921769e+00
5.679999999999921556e+00
5.689999999999921343e+00
5.699999999999921130e+00
5.709999999999920917e+00
5.719999999999920703e+00
5.729999999999920490e+00
5.739999999999920277e+00
5.749999999999920064e+00
5.759999999999919851e+00
5.769999999999919638e+00
5.779999999999919424e+00
5.789999999999919211e+00
5.799999999999918998e+00
5.809999999999918785e+00
5.819999999999918572e+00
5.829999999999918359e+00
5.839999999999918145e+00
5.849999999999917932e+00
5.859999999999917719e+00
5.869999999999917506e+00
5.879999999999917293e+00
5.889999999999917080e+00
5.899999999999916866e+00
5.909999999999916653e+00
5.919999999999916440e+00
5.929999999999916227e+00
5.939999999999916014e+00
5.949999999999915801e+00
5.959999999999915588e+00
5.969999999999915374e+00
5.979999999999915161e+00
5.989999999999914948e+00
5.999999999999914735e+00
6.009999999999914522e+00
6.019999999999914309e+00
6.029999999999914095e+00
6.039999999999913882e+00
6.049999999999913669e+00
6.059999999999913456e+00
6.069999999999913243e+00
6.079999999999913030e+00
6.089999999999912816e+00
6.099999999999912603e+00
6.109999999999912390e+00
6.119999999999912177e+00
6.129999999999911964e+00
6.139999999999911751e+00
6.149999999999911537e+00
6.159999999999911324e+00
6.169999999999911111e+00
6.179999999999910898e+00
6.189999999999910685e+00
6.199999999999910472e+00
6.209999999999910258e+00
6.219999999999910045e+00
6.229999999999909832e+00
6.239999999999909619e+00
6.249999999999909406e+00
6.259999999999909193e+00
6.269999999999908979e+00
6.279999999999908766e+00
6.289999999999908553e+00
6.299999999999908340e+00
6.309999999999908127e+00
6.319999999999907914e+00
6.329999999999907700e+00
6.339999999999907487e+00
6.349999999999907274e+00
6.359999999999907061e+00
6.369999999999906848e+00
6.379999999999906635e+00
6.389999999999906422e+00
6.399999999999906208e+00
6.409999999999905995e+00
6.419999999999905782e+00
6.429999999999905569e+00
6.439999999999905356e+00
6.449999999999905143e+00
6.459999999999904929e+00
6.469999999999904716e+00
6.479999999999904503e+00
6.489999999999904290e+00
6.499999999999904077e+00
6.509999999999903864e+00
6.519999999999903650e+00
6.529999999999903437e+00
6.539999999999903224e+00
6.549999999999903011e+00
6.559999999999902798e+00
6.569999999999902585e+00
6.579999999999902371e+00
6.589999999999902158e+00
6.599999999999901945e+00
6.609999999999901732e+00
6.619999999999901519e+00
6.629999999999901306e+00
6.639999999999901092e+00
6.649999999999900879e+00
6.659999999999900666e+00
6.669999999999900453e+00
6.679999999999900240e+00
6.689999999999900027e+00
6.699999999999899813e+00
6.709999999999899600e+00
6.719999999999899387e+00
6.729999999999899174e+00
6.739999999999898961e+00
6.749999999999898748e+00
6.759999999999898534e+00
6.769999999999898321e+00
6.779999999999898108e+00
6.789999999999897895e+00
6.799999999999897682e+00
6.809999999999897469e+00
6.819999999999897256e+00
6.829999999999897042e+00
6.839999999999896829e+00
6.849999999999896616e+00
6.859999999999896403e+00
6.869999999999896190e+00
6.879999999999895977e+00
6.889999999999895763e+00
6.899999999999895550e+00
6.909999999999895337e+00
6.919999999999895124e+00
6.929999999999894911e+00
6.939999999999894698e+00
6.949999999999894484e+00
6.959999999999894271e+00
6.969999999999894058e+00
6.979999999999893845e+00
6.989999999999893632e+00
6.999999999999893419e+00
7.009999999999893205e+00
7.019999999999892992e+00
7.029999999999892779e+00
7.039999999999892566e+00
7.049999999999892353e+00
7.059999999999892140e+00
7.069999999999891926e+00
7.079999999999891713e+00
7.089999999999891500e+00
7.099999999999891287e+00
7.109999999999891074e+00
7.119999999999890861e+00
7.129999999999890647e+00
7.139999999999890434e+00
7.149999999999890221e+00
7.159999999999890008e+00
7.169999999999889795e+00
7.179999999999889582e+00
7.189999999999889368e+00
7.199999999999889155e+00
7.209999999999888942e+00
7.219999999999888729e+00
7.229999999999888516e+00
7.239999999999888303e+00
7.249999999999888090e+00
7.259999999999887876e+00
7.269999999999887663e+00
7.279999999999887450e+00
7.289999999999887237e+00
7.299999999999887024e+00
7.309999999999886811e+00
7.319999999999886597e+00
7.329999999999886384e+00
7.339999999999886171e+00
7.349999999999885958e+00
7.359999999999885745e+00
7.369999999999885532e+00
7.379999999999885318e+00
7.389999999999885105e+00
7.399999999999884892e+00
7.409999999999884679e+00
7.419999999999884466e+00
7.429999999999884253e+00
7.439999999999884039e+00
7.449999999999883826e+00
7.459999999999883613e+00
7.469999999999883400e+00
7.479999999999883187e+00
7.489999999999882974e+00
7.499999999999882760e+00
7.509999999999882547e+00
7.519999999999882334e+00
7.529999999999882121e+00
7.539999999999881908e+00
7.549999999999881695e+00
7.559999999999881481e+00
7.569999999999881268e+00
7.579999999999881055e+00
7.589999999999880842e+00
7.599999999999880629e+00
7.609999999999880416e+00
7.619999999999880202e+00
7.629999999999879989e+00
7.639999999999879776e+00
7.649999999999879563e+00
7.659999999999879350e+00
7.669999999999879137e+00
7.679999999999878924e+00
7.689999999999878710e+00
7.699999999999878497e+00
7.709999999999878284e+00
7.719999999999878071e+00
7.729999999999877858e+00
7.739999999999877645e+00
7.749999999999877431e+00
7.759999999999877218e+00
7.769999999999877005e+00
7.779999999999876792e+00
7.789999999999876579e+00
7.799999999999876366e+00
7.809999999999876152e+00
7.819999999999875939e+00
7.829999999999875726e+00
7.839999999999875513e+00
7.849999999999875300e+00
7.859999999999875087e+00
7.869999999999874873e+00
7.879999999999874660e+00
7.889999999999874447e+00
7.899999999999874234e+00
7.909999999999874021e+00
7.919999999999873808e+00
7.929999999999873594e+00
7.939999999999873381e+00
7.949999999999873168e+00
7.959999999999872955e+00
7.969999999999872742e+00
7.979999999999872529e+00
7.989999999999872315e+00
7.999999999999872102e+00
8.009999999999871889e+00
8.019999999999871676e+00
8.029999999999871463e+00
8.039999999999871250e+00
8.049999999999871036e+00
8.054999999999871818e+00
8.059999999999872600e+00
8.064999999999873381e+00
8.069999999999874163e+00
8.074999999999874944e+00
8.080000000000000071e+00
8.085000000000000853e+00
8.090000000000001634e+00
8.095000000000002416e+00
8.100000000000003197e+00
8.105000000000003979e+00
8.110000000000004761e+00
8.115000000000001990e+00
8.120000000000000995e+00
8.125000000000000000e+00
8.129999999999999005e+00
8.139999999999997016e+00
8.149999999999996803e+00
8.159999999999996589e+00
8.169999999999996376e+00
8.179999999999996163e+00
8.189999999999995950e+00
8.199999999999995737e+00
8.209999999999995524e+00
8.219999999999995310e+00
8.229999999999995097e+00
8.239999999999994884e+00
8.249999999999994671e+00
8.259999999999994458e+00
8.269999999999994245e+00
8.279999999999994031e+00
8.289999999999993818e+00
8.299999999999993605e+00
8.304999999999994387e+00
8.309999999999995168e+00
8.314999999999995950e+00
8.320000000000000284e+00
8.325000000000001066e+00
8.330000000000001847e+00
8.335000000000002629e+00
8.340000000000003411e+00
8.345000000000004192e+00
8.350000000000004974e+00
8.355000000000002203e+00
8.359999999999999432e+00
8.364999999999996660e+00
8.369999999999993889e+00
8.379999999999988347e+00
8.384999999999989129e+00
8.389999999999989910e+00
8.394999999999990692e+00
8.400000000000000355e+00
8.410000000000000142e+00
8.419999999999999929e+00
8.429999999999999716e+00
8.439999999999999503e+00
8.449999999999999289e+00
8.459999999999999076e+00
8.469999999999998863e+00
8.479999999999998650e+00
8.489999999999998437e+00
8.499999999999998224e+00
8.509999999999998010e+00
8.519999999999997797e+00
8.529999999999997584e+00
8.539999999999997371e+00
8.549999999999997158e+00
8.554999999999997939e+00
8.560000000000000497e+00
8.565000000000001279e+00
8.570000000000002061e+00
8.575000000000002842e+00
8.580000000000003624e+00
8.585000000000004405e+00
8.587500000000003908e+00
8.592500000000004690e+00
8.596250000000001279e+00
8.599999999999999645e+00
8.603749999999998010e+00
8.607499999999996376e+00
8.611249999999994742e+00
8.614999999999993108e+00
8.618749999999991473e+00
8.622499999999989839e+00
8.626249999999988205e+00
8.629999999999986571e+00
8.633749999999984936e+00
8.640000000000000568e+00
8.650000000000000355e+00
8.660000000000000142e+00
8.665000000000000924e+00
8.675000000000000711e+00
8.679999999999999716e+00
8.689999999999997726e+00
8.699999999999997513e+00
8.709999999999997300e+00
8.719999999999997087e+00
8.729999999999996874e+00
8.739999999999996660e+00
8.749999999999996447e+00
8.759999999999996234e+00
8.769999999999996021e+00
8.779999999999995808e+00
8.789999999999995595e+00
8.799999999999995381e+00
8.804999999999996163e+00
8.809999999999996945e+00
8.814999999999997726e+00
8.819999999999998508e+00
8.824999999999999289e+00
8.827499999999998792e+00
8.832499999999999574e+00
8.836249999999999716e+00
8.839999999999999858e+00
8.843750000000000000e+00
8.847500000000000142e+00
8.851250000000000284e+00
8.853125000000000355e+00
8.856875000000000497e+00
8.858750000000000568e+00
8.860625000000000639e+00
8.864375000000000782e+00
8.866250000000000853e+00
8.870000000000000995e+00
8.873750000000001137e+00
8.876875000000001847e+00
8.880000000000000782e+00
8.883124999999999716e+00
8.886249999999998650e+00
8.889374999999997584e+00
8.892499999999996518e+00
8.895624999999995453e+00
8.898749999999994387e+00
8.901874999999993321e+00
8.904999999999992255e+00
8.908124999999991189e+00
8.914374999999989058e+00
8.919999999999999929e+00
8.925000000000000711e+00
8.935000000000000497e+00
8.945000000000000284e+00
8.955000000000000071e+00
8.960000000000000853e+00
8.970000000000000639e+00
8.980000000000000426e+00
8.990000000000000213e+00
9.000000000000000000e+00
9.009999999999999787e+00
9.019999999999999574e+00
9.029999999999999361e+00
9.039999999999999147e+00
9.049999999999998934e+00
9.054999999999999716e+00
9.064999999999999503e+00
9.070000000000000284e+00
9.074999999999999289e+00
9.080000000000000071e+00
9.082499999999999574e+00
9.087500000000000355e+00
9.089999999999999858e+00
9.092499999999999361e+00
9.094999999999998863e+00
9.097499999999998366e+00
9.099999999999997868e+00
9.102499999999997371e+00
9.104999999999996874e+00
9.107499999999996376e+00
9.109999999999995879e+00
9.112499999999995381e+00
9.114999999999994884e+00
9.117499999999994387e+00
9.120000000000000995e+00
9.122500000000007603e+00
9.125000000000014211e+00
9.127500000000020819e+00
9.130000000000027427e+00
9.132500000000034035e+00
9.135000000000040643e+00
9.137500000000047251e+00
9.140000000000053859e+00
9.142500000000060467e+00
9.145000000000067075e+00
9.147500000000073683e+00
9.150000000000080291e+00
9.152500000000086899e+00
9.155000000000093507e+00
9.160000000000000142e+00
9.164999999999906777e+00
9.169999999999813411e+00
9.179999999999626681e+00
9.184999999999627462e+00
9.194999999999627249e+00
9.200000000000001066e+00
9.210000000000000853e+00
9.220000000000000639e+00
9.230000000000000426e+00
9.240000000000000213e+00
9.250000000000000000e+00
9.259999999999999787e+00
9.269999999999999574e+00
9.279999999999999361e+00
9.289999999999999147e+00
9.299999999999998934e+00
9.309999999999998721e+00
9.314999999999999503e+00
9.320000000000000284e+00
9.325000000000001066e+00
9.330000000000001847e+00
9.332500000000001350e+00
9.335000000000000853e+00
9.337500000000000355e+00
9.339999999999999858e+00
9.342499999999999361e+00
9.344999999999998863e+00
9.347499999999998366e+00
9.349999999999997868e+00
9.352499999999997371e+00
9.354999999999996874e+00
9.357499999999996376e+00
9.359999999999999432e+00
9.362500000000002487e+00
9.365000000000005542e+00
9.367500000000008598e+00
9.370000000000011653e+00
9.372500000000014708e+00
9.375000000000017764e+00
9.377500000000020819e+00
9.380000000000023874e+00
9.382500000000026930e+00
9.385000000000029985e+00
9.387500000000033040e+00
9.390000000000036096e+00
9.392500000000039151e+00
9.395000000000042206e+00
9.397500000000022169e+00
9.400000000000000355e+00
9.402499999999978542e+00
9.404999999999956728e+00
9.407499999999934914e+00
9.412499999999891287e+00
9.414999999999869473e+00
9.417499999999847660e+00
9.419999999999825846e+00
9.422499999999804032e+00
9.427499999999760405e+00
9.432499999999716778e+00
9.436249999999859028e+00
9.439999999999999503e+00
9.447500000000280451e+00
9.457500000000280238e+00
9.467500000000280025e+00
9.477500000000279812e+00
9.480000000000000426e+00
9.484999999999441656e+00
9.494999999998324114e+00
9.504999999998323901e+00
9.514999999998323688e+00
9.519999999999999574e+00
9.529999999999999361e+00
9.539999999999999147e+00
9.549999999999998934e+00
9.559999999999998721e+00
9.564999999999999503e+00
9.570000000000000284e+00
9.575000000000001066e+00
9.580000000000001847e+00
9.585000000000002629e+00
9.590000000000003411e+00
9.592500000000002913e+00
9.595000000000000639e+00
9.597499999999998366e+00
9.599999999999999645e+00
9.602500000000000924e+00
9.605000000000002203e+00
9.607500000000003482e+00
9.610000000000004761e+00
9.612500000000006040e+00
9.615000000000007319e+00
9.617500000000008598e+00
9.620000000000009877e+00
9.622500000000011156e+00
9.625000000000012434e+00
9.627500000000013713e+00
9.630000000000014992e+00
9.632500000000016271e+00
9.635000000000017550e+00
9.637500000000009948e+00
9.640000000000000568e+00
9.642499999999991189e+00
9.644999999999981810e+00
9.647499999999972431e+00
9.649999999999963052e+00
9.652499999999953673e+00
9.654999999999944293e+00
9.657499999999934914e+00
9.659999999999925535e+00
9.662499999999916156e+00
9.664999999999906777e+00
9.667499999999897398e+00
9.669999999999888018e+00
9.672499999999878639e+00
9.674999999999869260e+00
9.677499999999859881e+00
9.679999999999999716e+00
9.685000000000279385e+00
9.690000000000280167e+00
9.695000000000280949e+00
9.700000000000281730e+00
9.705000000000282512e+00
9.715000000000282299e+00
9.720000000000000639e+00
9.729999999999437321e+00
9.739999999999437108e+00
9.749999999999436895e+00
9.759999999999436682e+00
9.769999999999436469e+00
9.779999999999436255e+00
9.789999999999436042e+00
9.799999999999435829e+00
9.809999999999435616e+00
9.819999999999435403e+00
9.829999999999435190e+00
9.834999999999435971e+00
9.839999999999999858e+00
9.845000000000000639e+00
9.850000000000001421e+00
9.852500000000000924e+00
9.855000000000000426e+00
9.857499999999999929e+00
9.859999999999999432e+00
9.862499999999998934e+00
9.864999999999998437e+00
9.867499999999997939e+00
9.869999999999997442e+00
9.872499999999996945e+00
9.874999999999996447e+00
9.877499999999995950e+00
9.880000000000000782e+00
9.882500000000005613e+00
9.885000000000010445e+00
9.887500000000015277e+00
9.890000000000020108e+00
9.892500000000024940e+00
9.895000000000029772e+00
9.897500000000034603e+00
9.900000000000039435e+00
9.902500000000044267e+00
9.907500000000053930e+00
9.910000000000053433e+00
9.911250000000054072e+00
9.913750000000053575e+00
9.915000000000054214e+00
9.917500000000053717e+00
9.918750000000027711e+00
9.919999999999999929e+00
9.922499999999944365e+00
9.924999999999888800e+00
9.927499999999833236e+00
9.929999999999777671e+00
9.934999999999666542e+00
9.937499999999610978e+00
9.939999999999555413e+00
9.942499999999499849e+00
9.944999999999444285e+00
9.949999999999333156e+00
9.952499999999277591e+00
9.957499999999166462e+00
9.960000000000000853e+00
9.965000000001669633e+00
9.975000000001669420e+00
9.985000000001669207e+00
9.995000000001668994e+00
1.000000000000000000e+01
1.000999999999666201e+01
1.001999999999666180e+01
1.002999999999666159e+01
1.003999999999666137e+01
1.004999999999666116e+01
1.005999999999666095e+01
1.006999999999666073e+01
1.007999999999666052e+01
1.008499999999666130e+01
1.008999999999666208e+01
1.009499999999666286e+01
1.009999999999666365e+01
1.010499999999666443e+01
1.010999999999666521e+01
1.011249999999666471e+01
1.011499999999666422e+01
1.011999999999666500e+01
1.012249999999666450e+01
1.012499999999666400e+01
1.012749999999666350e+01
1.012999999999666301e+01
1.013249999999666251e+01
1.013499999999666201e+01
1.013749999999666151e+01
1.013999999999666102e+01
1.014249999999666052e+01
1.014499999999666002e+01
1.014749999999665953e+01
1.014999999999665903e+01
1.015249999999665853e+01
1.015499999999665803e+01
1.015749999999665754e+01
1.016000000000000014e+01
1.016250000000334275e+01
1.016500000000668535e+01
1.016750000001002796e+01
1.017000000001337057e+01
1.017250000001671317e+01
1.017500000002005578e+01
1.017750000002339839e+01
1.018000000002674099e+01
1.018250000003008360e+01
1.018500000003342620e+01
1.018750000003676881e+01
1.019000000004011142e+01
1.019250000004345402e+01
1.019500000004679663e+01
1.019750000002339974e+01
1.020000000000000107e+01
1.020249999997660240e+01
1.020749999992980506e+01
1.021249999988300772e+01
1.021749999983621038e+01
1.022749999974261570e+01
1.023749999974261549e+01
1.024000000000000021e+01
1.024500000051476967e+01
1.025500000051476945e+01
1.026500000051476924e+01
1.027500000051476903e+01
1.027999999999999936e+01
1.028999999897046003e+01
1.029999999897045981e+01
1.030999999897045960e+01
1.031999999897045939e+01
1.032999999897045917e+01
1.033999999897045896e+01
1.034999999897045875e+01
1.035499999897045953e+01
1.035999999999999943e+01
1.036500000000000021e+01
1.036749999999999972e+01
1.036999999999999922e+01
1.037249999999999872e+01
1.037499999999999822e+01
1.037999999999999901e+01
1.038249999999999851e+01
1.038499999999999801e+01
1.038749999999999751e+01
1.038999999999999702e+01
1.039249999999999652e+01
1.039499999999999602e+01
1.039749999999999552e+01
1.040000000000000036e+01
1.040250000000000519e+01
1.040500000000001002e+01
1.040750000000001485e+01
1.041000000000001968e+01
1.041250000000002451e+01
1.041500000000002935e+01
1.041750000000003418e+01
1.042000000000003901e+01
1.042250000000004384e+01
1.042500000000004867e+01
1.042750000000005350e+01
1.043000000000005834e+01
1.043250000000006317e+01
1.043500000000006800e+01
1.043750000000003375e+01
1.043999999999999950e+01
1.044249999999996525e+01
1.044499999999993101e+01
1.044749999999989676e+01
1.044999999999986251e+01
1.045249999999982826e+01
1.045749999999975977e+01
1.046249999999969127e+01
1.046499999999965702e+01
1.046999999999958852e+01
1.047249999999955428e+01
1.047749999999948578e+01
1.048000000000000043e+01
1.048500000000102972e+01
1.049500000000102951e+01
1.050500000000102929e+01
1.051500000000102908e+01
1.051999999999999957e+01
1.052999999999794056e+01
1.053999999999794035e+01
1.054999999999794014e+01
1.055999999999793992e+01
1.056999999999793971e+01
1.057999999999793950e+01
1.058999999999793928e+01
1.059999999999793907e+01
1.060499999999793985e+01
1.060999999999794063e+01
1.061499999999794142e+01
1.061999999999794220e+01
1.062499999999794298e+01
1.062999999999794376e+01
1.063249999999794326e+01
1.063499999999794277e+01
1.063749999999794227e+01
1.064000000000000057e+01
1.064250000000205887e+01
1.064750000000617547e+01
1.065000000000617497e+01
1.065250000000617447e+01
1.065500000000617398e+01
1.065750000000617348e+01
1.066000000000617298e+01
1.066250000000617248e+01
1.066500000000617199e+01
1.066750000000617149e+01
1.067000000000617099e+01
1.067250000000617050e+01
1.067500000000617000e+01
1.067750000000308574e+01
1.067999999999999972e+01
1.068249999999691369e+01
1.068499999999382766e+01
1.068749999999074163e+01
1.068999999998765560e+01
1.069249999998456957e+01
1.069499999998148354e+01
1.069749999997839751e+01
1.069999999997531148e+01
1.070249999997222545e+01
1.070499999996913942e+01
1.070749999996605339e+01
1.070999999996296737e+01
1.071249999995988134e+01
1.071499999995679531e+01
1.071749999995370928e+01
1.072000000000000064e+01
1.072250000004629200e+01
1.072500000009258336e+01
1.073000000018516609e+01
1.073500000018516687e+01
1.074000000018516765e+01
1.074500000018516843e+01
1.075000000018516921e+01
1.075999999999999979e+01
1.076999999999999957e+01
1.077999999999999936e+01
1.078999999999999915e+01
1.079999999999999893e+01
1.080999999999999872e+01
1.081999999999999851e+01
1.082999999999999829e+01
1.083999999999999808e+01
1.084999999999999787e+01
1.085999999999999766e+01
1.086999999999999744e+01
1.087499999999999822e+01
1.088000000000000078e+01
1.088500000000000156e+01
1.089000000000000234e+01
1.089250000000000185e+01
1.089500000000000135e+01
1.089750000000000085e+01
1.090000000000000036e+01
1.090500000000000114e+01
1.090750000000000064e+01
1.091000000000000014e+01
1.091249999999999964e+01
1.091499999999999915e+01
1.091750000000000043e+01
1.091999999999999993e+01
1.092249999999999943e+01
1.092499999999999893e+01
1.092999999999999794e+01
1.093249999999999744e+01
1.093499999999999694e+01
1.093749999999999645e+01
1.093874999999999531e+01
1.094124999999999481e+01
1.094374999999999432e+01
1.094624999999999382e+01
1.094874999999999332e+01
1.095124999999999282e+01
1.095374999999999233e+01
1.095624999999999183e+01
1.095812499999999545e+01
1.096000000000000085e+01
1.096187500000000625e+01
1.096562500000001705e+01
1.096750000000002245e+01
1.096937500000002785e+01
1.097125000000003325e+01
1.097312500000003865e+01
1.097500000000004405e+01
1.097687500000004945e+01
1.097875000000005485e+01
1.098250000000006565e+01
1.098625000000007645e+01
1.099000000000008725e+01
1.099750000000010886e+01
1.100000000000000000e+01
1.100499999999978229e+01
1.101499999999934687e+01
1.102499999999934666e+01
1.103499999999934644e+01
1.104000000000000092e+01
1.105000000000000071e+01
1.106000000000000050e+01
1.107000000000000028e+01
1.108000000000000007e+01
1.108999999999999986e+01
1.109999999999999964e+01
1.110999999999999943e+01
1.112000000000000099e+01
1.113000000000000078e+01
1.113500000000000156e+01
1.114000000000000234e+01
1.114500000000000313e+01
1.115000000000000391e+01
1.115500000000000114e+01
1.115750000000000064e+01
1.116000000000000014e+01
1.116249999999999964e+01
1.116749999999999865e+01
1.116999999999999815e+01
1.117249999999999766e+01
1.117499999999999716e+01
1.117749999999999666e+01
1.117999999999999616e+01
1.118249999999999567e+01
1.118499999999999517e+01
1.118749999999999467e+01
1.118999999999999417e+01
1.119249999999999368e+01
1.119499999999999318e+01
1.119749999999999268e+01
1.120000000000000107e+01
1.120250000000000945e+01
1.120500000000001783e+01
1.120750000000002622e+01
1.121000000000003460e+01
1.121250000000004299e+01
1.121500000000005137e+01
1.121750000000005976e+01
1.122000000000006814e+01
1.122250000000007653e+01
1.122500000000008491e+01
1.122750000000009329e+01
1.123000000000010168e+01
1.123250000000011006e+01
1.123500000000011845e+01
1.123750000000005933e+01
1.124000000000000021e+01
1.124249999999994110e+01
1.124499999999988198e+01
1.124999999999976374e+01
1.125499999999964551e+01
1.125999999999952728e+01
1.126499999999940904e+01
1.126999999999929081e+01
1.127999999999905434e+01
1.128999999999905413e+01
1.129999999999905391e+01
1.130999999999905370e+01
1.131999999999905349e+01
1.132999999999905327e+01
1.133999999999905306e+01
1.134999999999905285e+01
1.135999999999905263e+01
1.136999999999905242e+01
1.137999999999905221e+01
1.138999999999905199e+01
1.139999999999905178e+01
1.140499999999905256e+01
1.140999999999905334e+01
1.141499999999905413e+01
1.141749999999905363e+01
1.141999999999905313e+01
1.142499999999905391e+01
1.142749999999905341e+01
1.142999999999905292e+01
1.143249999999905242e+01
1.143499999999905192e+01
1.143749999999905143e+01
1.143999999999999950e+01
1.144250000000094758e+01
1.144500000000189566e+01
1.144750000000284373e+01
1.145000000000379181e+01
1.145250000000473989e+01
1.145500000000568797e+01
1.145750000000663604e+01
1.146000000000758412e+01
1.146250000000853220e+01
1.146500000000948027e+01
1.146750000001042835e+01
1.147000000001137643e+01
1.147250000001232451e+01
1.147500000001327258e+01
1.147750000000663562e+01
1.148000000000000043e+01
1.148249999999336524e+01
1.148499999998673005e+01
1.148749999998009486e+01
1.148999999997345967e+01
1.149249999996682448e+01
1.149499999996018929e+01
1.149749999995355410e+01
1.150249999994028371e+01
1.150499999993364852e+01
1.150749999992701333e+01
1.150999999992037814e+01
1.151249999991374295e+01
1.151749999990047257e+01
1.151999999999999957e+01
1.152500000019905357e+01
1.153000000019905436e+01
1.153500000019905514e+01
1.154500000019905492e+01
1.155500000019905471e+01
1.156000000000000050e+01
1.156999999960189207e+01
1.157999999960189186e+01
1.158999999960189164e+01
1.159999999960189143e+01
1.160999999960189122e+01
1.161999999960189101e+01
1.162999999960189079e+01
1.163999999960189058e+01
1.164999999960189037e+01
1.165499999960189115e+01
1.165999999960189193e+01
1.166499999960189271e+01
1.166999999960189349e+01
1.167499999960189427e+01
1.167749999980094699e+01
1.167999999999999972e+01
1.168250000019905244e+01
1.168750000059715788e+01
1.169000000059715738e+01
1.169250000059715688e+01
1.169500000059715639e+01
1.169750000059715589e+01
1.170000000059715539e+01
1.170250000059715489e+01
1.170500000059715440e+01
1.170750000059715390e+01
1.171000000059715340e+01
1.171250000059715290e+01
1.171500000059715241e+01
1.171750000029857652e+01
1.172000000000000064e+01
1.172249999970142476e+01
1.172499999940284887e+01
1.172749999910427299e+01
1.172999999880569710e+01
1.173249999850712122e+01
1.173499999820854534e+01
1.173749999790996945e+01
1.173999999761139357e+01
1.174249999731281768e+01
1.174499999701424180e+01
1.174749999671566592e+01
1.174999999641709003e+01
1.175249999611851415e+01
1.175499999581993826e+01
1.175749999552136238e+01
1.175999999999999979e+01
1.176250000447863719e+01
1.176500000895727460e+01
1.176750001343591201e+01
1.177250002239318682e+01
1.177750002239318761e+01
1.178250002239318839e+01
1.178750002239318917e+01
1.179250002239318995e+01
1.180000000000000071e+01
1.181000000000000050e+01
1.182000000000000028e+01
1.183000000000000007e+01
1.183999999999999986e+01
1.184999999999999964e+01
1.185999999999999943e+01
1.186999999999999922e+01
1.187999999999999901e+01
1.188999999999999879e+01
1.189999999999999858e+01
1.190999999999999837e+01
1.191999999999999815e+01
1.192499999999999893e+01
1.192999999999999972e+01
1.193500000000000050e+01
1.193750000000000000e+01
1.193999999999999950e+01
1.194249999999999901e+01
1.194499999999999851e+01
1.194749999999999801e+01
1.194999999999999751e+01
1.195249999999999702e+01
1.195499999999999652e+01
1.195749999999999602e+01
1.196000000000000085e+01
1.196250000000000568e+01
1.196500000000001052e+01
1.197000000000002018e+01
1.197250000000001968e+01
1.197500000000001918e+01
1.197750000000001869e+01
1.197875000000001933e+01
1.198125000000001883e+01
1.198375000000001833e+01
1.198625000000001783e+01
1.198875000000001734e+01
1.199125000000001684e+01
1.199375000000001634e+01
1.199625000000001585e+01
1.199812500000000881e+01
1.200000000000000000e+01
1.200187499999999119e+01
1.200374999999998238e+01
1.200562499999997357e+01
1.200749999999996476e+01
1.200937499999995595e+01
1.201124999999994714e+01
1.201312499999993832e+01
1.201499999999992951e+01
1.201687499999992070e+01
1.201874999999991189e+01
1.202249999999989427e+01
1.202624999999987665e+01
1.202999999999985903e+01
1.203374999999984141e+01
1.203687499999992028e+01
1.204000000000000092e+01
1.204312500000008157e+01
1.204937500000024286e+01
1.205437500000024365e+01
1.206437500000024343e+01
1.207437500000024322e+01
1.208000000000000007e+01
1.208999999999999986e+01
1.209999999999999964e+01
1.210999999999999943e+01
1.212000000000000099e+01
1.213000000000000078e+01
1.214000000000000057e+01
1.215000000000000036e+01
1.216000000000000014e+01
1.216999999999999993e+01
1.217500000000000071e+01
1.218000000000000149e+01
1.218500000000000227e+01
1.219000000000000306e+01
1.219500000000000206e+01
1.219750000000000156e+01
1.220000000000000107e+01
1.220250000000000057e+01
1.220500000000000007e+01
1.220749999999999957e+01
1.220999999999999908e+01
1.221249999999999858e+01
1.221499999999999808e+01
1.221749999999999758e+01
1.221999999999999709e+01
1.222249999999999659e+01
1.222499999999999609e+01
1.222749999999999559e+01
1.222999999999999510e+01
1.223249999999999460e+01
1.223499999999999410e+01
1.223749999999999361e+01
1.224000000000000021e+01
1.224250000000000682e+01
1.224500000000001343e+01
1.224750000000002004e+01
1.225000000000002665e+01
1.225250000000003325e+01
1.225500000000003986e+01
1.225750000000004647e+01
1.226000000000005308e+01
1.226250000000005969e+01
1.226500000000006629e+01
1.226750000000007290e+01
1.227000000000007951e+01
1.227250000000008612e+01
1.227500000000009273e+01
1.227750000000004604e+01
1.228000000000000114e+01
1.228249999999995623e+01
1.228499999999991132e+01
1.228749999999986642e+01
1.229249999999977661e+01
1.229749999999968679e+01
1.230249999999959698e+01
1.231249999999941735e+01
1.232000000000000028e+01
1.233000000000000007e+01
1.233999999999999986e+01
1.234999999999999964e+01
1.235999999999999943e+01
1.236999999999999922e+01
1.237999999999999901e+01
1.238999999999999879e+01
1.239999999999999858e+01
1.240999999999999837e+01
1.241999999999999815e+01
1.242999999999999794e+01
1.243499999999999872e+01
1.243999999999999950e+01
1.244500000000000028e+01
1.245000000000000107e+01
1.245500000000000185e+01
1.245750000000000135e+01
1.246000000000000085e+01
1.246250000000000036e+01
1.246499999999999986e+01
1.246749999999999936e+01
1.246999999999999886e+01
1.247249999999999837e+01
1.247499999999999787e+01
1.247749999999999737e+01
1.248000000000000043e+01
1.248250000000000348e+01
1.248500000000000654e+01
1.249000000000001265e+01
1.249250000000001215e+01
1.249500000000001165e+01
1.250000000000001243e+01
1.250250000000001194e+01
1.250500000000001144e+01
1.250750000000001094e+01
1.251000000000001044e+01
1.251250000000000995e+01
1.251500000000000945e+01
1.251750000000000540e+01
1.251999999999999957e+01
1.252249999999999375e+01
1.252499999999998792e+01
1.252749999999998209e+01
1.252999999999997627e+01
1.253499999999996461e+01
1.253749999999995879e+01
1.253999999999995296e+01
1.254249999999994714e+01
1.254499999999994131e+01
1.254749999999993548e+01
1.254999999999992966e+01
1.255499999999991800e+01
1.255749999999995836e+01
1.256000000000000050e+01
1.256500000000008477e+01
1.257000000000008555e+01
1.257500000000008633e+01
1.258500000000008612e+01
1.259500000000008590e+01
1.259999999999999964e+01
1.260999999999982712e+01
1.261999999999982691e+01
1.262999999999982670e+01
1.263999999999982649e+01
1.264999999999982627e+01
1.265999999999982606e+01
1.266999999999982585e+01
1.267999999999982563e+01
1.268999999999982542e+01
1.269499999999982620e+01
1.270499999999982599e+01
1.270999999999982677e+01
1.271499999999982755e+01
1.272000000000000064e+01
1.272250000000000014e+01
1.272499999999999964e+01
1.273000000000000043e+01
1.273500000000000121e+01
1.273750000000000071e+01
1.274000000000000021e+01
1.274249999999999972e+01
1.274499999999999922e+01
1.274749999999999872e+01
1.274999999999999822e+01
1.275249999999999773e+01
1.275499999999999723e+01
1.275749999999999673e+01
1.275999999999999979e+01
1.276250000000000284e+01
1.276500000000000590e+01
1.276750000000000895e+01
1.277000000000001201e+01
1.277250000000001506e+01
1.277500000000001812e+01
1.277750000000002117e+01
1.278000000000002423e+01
1.278250000000002728e+01
1.278500000000003034e+01
1.278750000000003340e+01
1.279000000000003645e+01
1.279250000000003951e+01
1.279500000000004256e+01
1.279750000000002075e+01
1.280000000000000071e+01
1.280249999999998067e+01
1.280499999999996064e+01
1.280749999999994060e+01
1.280999999999992056e+01
1.281499999999988049e+01
1.281999999999984041e+01
1.282499999999980034e+01
1.282999999999976026e+01
1.283499999999972019e+01
1.283999999999999986e+01
1.284999999999999964e+01
1.285999999999999943e+01
1.286999999999999922e+01
1.287999999999999901e+01
1.288999999999999879e+01
1.289999999999999858e+01
1.290999999999999837e+01
1.291999999999999815e+01
1.292999999999999794e+01
1.293999999999999773e+01
1.294999999999999751e+01
1.295999999999999730e+01
1.296499999999999808e+01
1.296999999999999886e+01
1.297499999999999964e+01
1.297749999999999915e+01
1.297999999999999865e+01
1.298249999999999815e+01
1.298499999999999766e+01
1.298999999999999844e+01
1.299249999999999794e+01
1.299499999999999744e+01
1.299749999999999694e+01
1.300000000000000000e+01
1.300250000000000306e+01
1.300500000000000611e+01
1.300750000000000917e+01
1.301000000000001222e+01
1.301250000000001528e+01
1.301500000000001833e+01
1.302000000000002444e+01
1.302250000000002395e+01
1.302500000000002345e+01
1.302750000000002295e+01
1.302875000000002359e+01
1.303125000000002309e+01
1.303250000000002373e+01
1.303500000000002323e+01
1.303750000000001208e+01
1.304000000000000092e+01
1.304249999999998977e+01
1.304499999999997861e+01
1.304749999999996746e+01
1.304999999999995630e+01
1.305249999999994515e+01
1.305499999999993399e+01
1.305749999999992284e+01
1.305999999999991168e+01
1.306499999999988937e+01
1.306999999999986706e+01
1.307249999999985590e+01
1.307499999999984475e+01
1.307999999999982244e+01
1.308499999999980012e+01
1.308999999999977781e+01
1.309499999999975550e+01
1.309999999999973319e+01
1.310999999999968857e+01
1.311999999999968836e+01
1.312999999999968814e+01
1.313999999999968793e+01
1.314999999999968772e+01
1.315999999999968750e+01
1.316999999999968729e+01
1.317999999999968708e+01
1.318999999999968686e+01
1.319999999999968665e+01
1.320999999999968644e+01
1.321499999999968722e+01
1.321999999999968800e+01
1.322499999999968878e+01
1.322999999999968956e+01
1.323499999999969035e+01
1.324000000000000021e+01
1.324249999999999972e+01
1.324499999999999922e+01
1.324749999999999872e+01
1.325249999999999950e+01
1.325499999999999901e+01
1.325749999999999851e+01
1.325999999999999801e+01
1.326249999999999751e+01
1.326499999999999702e+01
1.326749999999999652e+01
1.326999999999999602e+01
1.327249999999999552e+01
1.327499999999999503e+01
1.327749999999999453e+01
1.328000000000000114e+01
1.328250000000000774e+01
1.328500000000001435e+01
1.328750000000002096e+01
1.329000000000002757e+01
1.329250000000003418e+01
1.329500000000004079e+01
1.329750000000004739e+01
1.330000000000005400e+01
1.330250000000006061e+01
1.330500000000006722e+01
1.330750000000007383e+01
1.331000000000008043e+01
1.331250000000008704e+01
1.331500000000009365e+01
1.331750000000004697e+01
1.332000000000000028e+01
1.332249999999995360e+01
1.332499999999990692e+01
1.332999999999981355e+01
1.333249999999976687e+01
1.333499999999972019e+01
1.333999999999962682e+01
1.334499999999953346e+01
1.334999999999944009e+01
1.335499999999934673e+01
1.335999999999999943e+01
1.336999999999999922e+01
1.337999999999999901e+01
1.338999999999999879e+01
1.339999999999999858e+01
1.340999999999999837e+01
1.341999999999999815e+01
1.342999999999999794e+01
1.343999999999999773e+01
1.344999999999999751e+01
1.345999999999999730e+01
1.346999999999999709e+01
1.347999999999999687e+01
1.348499999999999766e+01
1.348999999999999844e+01
1.349499999999999922e+01
1.350000000000000000e+01
1.350249999999999950e+01
1.350499999999999901e+01
1.350749999999999851e+01
1.350999999999999801e+01
1.351499999999999879e+01
1.351749999999999829e+01
1.351999999999999957e+01
1.352250000000000085e+01
1.352500000000000213e+01
1.352750000000000341e+01
1.353000000000000469e+01
1.353250000000000597e+01
1.353500000000000725e+01
1.353750000000000853e+01
1.354000000000000981e+01
1.354250000000001108e+01
1.354500000000001236e+01
1.354750000000001364e+01
1.355000000000001492e+01
1.355250000000001620e+01
1.355500000000001748e+01
1.355750000000000810e+01
1.356000000000000050e+01
1.356249999999999289e+01
1.356499999999998529e+01
1.356749999999997769e+01
1.356999999999997009e+01
1.357249999999996248e+01
1.357499999999995488e+01
1.357749999999994728e+01
1.357999999999993967e+01
1.358249999999993207e+01
1.358749999999991687e+01
1.358999999999990926e+01
1.359249999999990166e+01
1.359499999999989406e+01
1.359749999999988646e+01
1.359999999999999964e+01
1.360250000000011283e+01
1.360750000000033921e+01
1.361250000000033999e+01
1.361750000000034078e+01
1.362250000000034156e+01
1.363250000000034134e+01
1.364000000000000057e+01
1.365000000000000036e+01
1.366000000000000014e+01
1.366999999999999993e+01
1.367999999999999972e+01
1.368999999999999950e+01
1.369999999999999929e+01
1.370999999999999908e+01
1.371999999999999886e+01
1.372999999999999865e+01
1.373499999999999943e+01
1.374000000000000021e+01
1.374500000000000099e+01
1.375000000000000178e+01
1.375500000000000078e+01
1.375999999999999979e+01
1.376249999999999929e+01
1.376499999999999879e+01
1.376749999999999829e+01
1.376999999999999780e+01
1.377249999999999730e+01
1.377499999999999680e+01
1.377749999999999631e+01
1.377999999999999581e+01
1.378249999999999531e+01
1.378499999999999481e+01
1.378749999999999432e+01
1.378999999999999382e+01
1.379249999999999332e+01
1.379499999999999282e+01
1.379749999999999233e+01
1.380000000000000071e+01
1.380250000000000909e+01
1.380500000000001748e+01
1.380750000000002586e+01
1.381000000000003425e+01
1.381250000000004263e+01
1.381500000000005102e+01
1.381750000000005940e+01
1.382000000000006779e+01
1.382250000000007617e+01
1.382500000000008455e+01
1.382750000000009294e+01
1.383000000000010132e+01
1.383250000000010971e+01
1.383500000000011809e+01
1.383750000000005898e+01
1.383999999999999986e+01
1.384249999999994074e+01
1.384499999999988162e+01
1.384749999999982251e+01
1.384999999999976339e+01
1.385249999999970427e+01
1.385749999999958604e+01
1.386249999999946780e+01
1.386749999999934957e+01
1.387749999999911310e+01
1.388000000000000078e+01
1.388500000000177614e+01
1.389500000000177593e+01
1.390500000000177572e+01
1.391500000000177550e+01
1.391999999999999993e+01
1.392999999999644878e+01
1.393999999999644857e+01
1.394999999999644835e+01
1.395999999999644814e+01
1.396999999999644793e+01
1.397999999999644771e+01
1.398999999999644750e+01
1.399999999999644729e+01
1.400499999999644807e+01
1.400999999999644885e+01
1.401499999999644963e+01
1.401999999999645041e+01
1.402249999999644992e+01
1.402499999999644942e+01
1.402749999999644892e+01
1.402999999999644842e+01
1.403499999999644920e+01
1.403749999999822506e+01
1.404000000000000092e+01
1.404250000000177678e+01
1.404500000000355264e+01
1.404750000000532850e+01
1.405000000000710436e+01
1.405250000000888022e+01
1.405500000001065608e+01
1.405750000001243194e+01
1.406000000001420780e+01
1.406500000001775952e+01
1.406750000001775902e+01
1.407000000001775852e+01
1.407250000001775803e+01
1.407375000001775867e+01
1.407625000001775817e+01
1.407812500000887823e+01
1.408000000000000007e+01
1.408374999998224375e+01
1.408562499997336559e+01
1.408937499995560927e+01
1.409124999994673111e+01
1.409499999992897479e+01
1.409687499992009663e+01
1.409874999991121847e+01
1.410062499990234031e+01
1.410249999989346215e+01
1.410437499988458399e+01
1.410812499986682766e+01
1.411187499984907134e+01
1.411562499983131502e+01
1.412000000000000099e+01
1.412437500016868697e+01
1.413312500050605891e+01
1.414312500050605870e+01
1.415312500050605848e+01
1.416000000000000014e+01
1.416999999999999993e+01
1.417999999999999972e+01
1.418999999999999950e+01
1.420000000000000107e+01
1.421000000000000085e+01
1.422000000000000064e+01
1.423000000000000043e+01
1.424000000000000021e+01
1.425000000000000000e+01
1.425999999999999979e+01
1.426500000000000057e+01
1.427000000000000135e+01
1.427500000000000213e+01
1.428000000000000114e+01
1.428500000000000014e+01
1.428749999999999964e+01
1.428999999999999915e+01
1.429249999999999865e+01
1.429749999999999766e+01
1.429999999999999716e+01
1.430249999999999666e+01
1.430499999999999616e+01
1.430749999999999567e+01
1.430999999999999517e+01
1.431249999999999467e+01
1.431499999999999417e+01
1.431749999999999368e+01
1.432000000000000028e+01
1.432250000000000689e+01
1.432500000000001350e+01
1.432750000000002011e+01
1.433000000000002672e+01
1.433250000000003332e+01
1.433500000000003993e+01
1.433750000000004654e+01
1.434000000000005315e+01
1.434250000000005976e+01
1.434500000000006636e+01
1.434750000000007297e+01
1.435000000000007958e+01
1.435250000000008619e+01
1.435500000000009280e+01
1.435750000000004611e+01
1.435999999999999943e+01
1.436249999999995275e+01
1.436499999999990607e+01
1.436749999999985938e+01
1.436999999999981270e+01
1.437249999999976602e+01
1.437499999999971934e+01
1.437999999999962597e+01
1.438499999999953260e+01
1.438999999999943924e+01
1.439499999999934587e+01
1.440000000000000036e+01
1.441000000000000014e+01
1.441999999999999993e+01
1.442999999999999972e+01
1.443999999999999950e+01
1.444999999999999929e+01
1.445999999999999908e+01
1.446999999999999886e+01
1.447999999999999865e+01
1.448999999999999844e+01
1.449999999999999822e+01
1.450999999999999801e+01
1.451999999999999780e+01
1.452999999999999758e+01
1.453499999999999837e+01
1.453999999999999915e+01
1.454499999999999993e+01
1.454749999999999943e+01
1.454999999999999893e+01
1.455499999999999972e+01
1.455750000000000099e+01
1.456000000000000050e+01
1.456250000000000000e+01
1.456499999999999950e+01
1.456749999999999901e+01
1.456999999999999851e+01
1.457249999999999801e+01
1.457499999999999751e+01
1.457749999999999702e+01
1.457999999999999652e+01
1.458249999999999602e+01
1.458499999999999552e+01
1.458749999999999503e+01
1.458999999999999453e+01
1.459249999999999403e+01
1.459499999999999353e+01
1.459749999999999304e+01
1.459999999999999964e+01
1.460250000000000625e+01
1.460500000000001286e+01
1.460750000000001947e+01
1.461000000000002608e+01
1.461250000000003268e+01
1.461500000000003929e+01
1.461750000000004590e+01
1.462000000000005251e+01
1.462250000000005912e+01
1.462500000000006573e+01
1.462750000000007233e+01
1.463250000000008555e+01
1.463625000000004306e+01
1.464000000000000057e+01
1.464374999999995808e+01
1.464749999999991559e+01
1.465124999999987310e+01
1.465499999999983061e+01
1.466249999999974563e+01
1.467249999999974541e+01
1.467999999999999972e+01
1.468999999999999950e+01
1.469999999999999929e+01
1.470999999999999908e+01
1.471999999999999886e+01
1.472999999999999865e+01
1.473999999999999844e+01
1.474999999999999822e+01
1.475999999999999801e+01
1.476999999999999780e+01
1.477999999999999758e+01
1.478499999999999837e+01
1.479499999999999815e+01
1.480000000000000071e+01
1.480250000000000021e+01
1.480750000000000099e+01
1.481000000000000050e+01
1.481250000000000000e+01
1.481499999999999950e+01
1.481749999999999901e+01
1.481999999999999851e+01
1.482249999999999801e+01
1.482499999999999751e+01
1.482749999999999702e+01
1.482999999999999652e+01
1.483249999999999602e+01
1.483499999999999552e+01
1.483749999999999503e+01
1.483999999999999986e+01
1.484250000000000469e+01
1.484500000000000952e+01
1.484750000000001435e+01
1.485000000000001918e+01
1.485250000000002402e+01
1.485500000000002885e+01
1.485750000000003368e+01
1.486000000000003851e+01
1.486250000000004334e+01
1.486500000000004817e+01
1.486750000000005301e+01
1.487000000000005784e+01
1.487250000000006267e+01
1.487500000000006750e+01
1.487750000000003325e+01
1.488000000000000078e+01
1.488249999999996831e+01
1.488499999999993584e+01
1.488749999999990337e+01
1.488999999999987089e+01
1.489249999999983842e+01
1.489499999999980595e+01
1.489749999999977348e+01
1.490249999999970854e+01
1.490749999999964359e+01
1.491249999999957865e+01
1.491999999999999993e+01
1.492500000000000071e+01
1.493500000000000050e+01
1.494500000000000028e+01
1.495500000000000007e+01
1.496000000000000085e+01
1.497000000000000064e+01
1.498000000000000043e+01
1.499000000000000021e+01
1.500000000000000000e+01
