9.999999999999840128e-01
9.999911239831280607e-01
9.999716328716636848e-01
9.999588912810924990e-01
9.999509685390003400e-01
9.999330618255602987e-01
9.999168907583046995e-01
9.999088561745026471e-01
9.998938013536864400e-01
9.998762147795973165e-01
9.998669880413160183e-01
9.998549095999174074e-01
9.998371903926515092e-01
9.998258679670434246e-01
9.998152655865397698e-01
9.997980454107405768e-01
9.997843032192565982e-01
9.997740953941686159e-01
9.997583380175650847e-01
9.997431102667131420e-01
9.997328708498105510e-01
9.997192387246585099e-01
9.997037819524176028e-01
9.996928229690238421e-01
9.996806846270481772e-01
9.996654050702282746e-01
9.996531511579688223e-01
9.996415232370801096e-01
9.996267163742149631e-01
9.996134868911762394e-01
9.996021237189540720e-01
9.995885258696691755e-01
9.995751524980425184e-01
9.995639769968296395e-01
9.995516157182338102e-01
9.995385236872815771e-01
9.995270502066324614e-01
9.995152027351340562e-01
9.995023326091765359e-01
9.994904589774662451e-01
9.994788495732667144e-01
9.994664846187072405e-01
9.994547694485226286e-01
9.994436306783082147e-01
9.994321472100142767e-01
9.993766879231330558e-01
9.993089369750107753e-01
9.992363741051836223e-01
9.991598747331157382e-01
9.990787013544007999e-01
9.989923640970483909e-01
9.989018438549329693e-01
9.988068915832895023e-01
9.987066524627720154e-01
9.986019347927256318e-01
9.984931479010412669e-01
9.983795685051902735e-01
9.982615896035235137e-01
9.981398705427243501e-01
9.980139622501887908e-01
9.978840227628126280e-01
9.977507415359658793e-01
9.976137978557817476e-01
9.974731214746753727e-01
9.973294610594447551e-01
9.971828782429221771e-01
9.970330908935363112e-01
9.968807041767059340e-01
9.967261531231952354e-01
9.965692530631323764e-01
9.964103491715515792e-01
9.962499048876436447e-01
9.960878690009148384e-01
9.959245333838018244e-01
9.957603909498131678e-01
9.955954033332167219e-01
9.954297718837621378e-01
9.952640747427821122e-01
9.950984808911546020e-01
9.949176123257629234e-01
9.947261070904113156e-01
9.945360312440379991e-01
9.943501414181211695e-01
9.941682712553426837e-01
9.939901163097443204e-01
9.938154799470768630e-01
9.936428029693455954e-01
9.934704686311714994e-01
9.932975464095212814e-01
9.931229265478611623e-01
9.929467111938149460e-01
9.927711829866242566e-01
9.925981509060017860e-01
9.924278414437404106e-01
9.922612686172106455e-01
9.920998777592189288e-01
9.919428037291416755e-01
9.917877711331232193e-01
9.916334323394393468e-01
9.914787816805714638e-01
9.913226066494847943e-01
9.911647729488464176e-01
9.910059770755003106e-01
9.908467704824990285e-01
9.906885961140490249e-01
9.905332805217534897e-01
9.903805807005998663e-01
9.902293560291346441e-01
9.900796186674832855e-01
9.899305656049997015e-01
9.897799889924201455e-01
9.896270090128463925e-01
9.894720840233384163e-01
9.893155077932950237e-01
9.891583985573141335e-01
9.890027039544669885e-01
9.888495242057018242e-01
9.886998234552869524e-01
9.885550874952994116e-01
9.884153384793327168e-01
9.882793645234144719e-01
9.881471630711202714e-01
9.880192027322072246e-01
9.878951101939025259e-01
9.877753870296294147e-01
9.876618516641834100e-01
9.875559673453612186e-01
9.874591311069826904e-01
9.873730536630764831e-01
9.872983001319998175e-01
9.872346462730204886e-01
9.871823753911357358e-01
9.871411805134667761e-01
9.871099067699402596e-01
9.870885460101848086e-01
9.870782292312283435e-01
9.870799357602259017e-01
9.870952171767236605e-01
9.871266401341900476e-01
9.871616897966651871e-01
9.871733592728565432e-01
9.872044882147325007e-01
9.872577923431504754e-01
9.873362132139960057e-01
9.874429392271257822e-01
9.875811876597146988e-01
9.877541099929439961e-01
9.879648527861717433e-01
9.882164240917473697e-01
9.885115687509786753e-01
9.888528341328775007e-01
9.892425267236675257e-01
9.896826167046098854e-01
9.901748010413904399e-01
9.907205047306661960e-01
9.913207950352749265e-01
9.919764419515253451e-01
9.926879833556062627e-01
9.934556608013016543e-01
9.942794398901819708e-01
9.949252669760815238e-01
9.950485442259896507e-01
9.951874814115865275e-01
9.950650369902623860e-01
9.948279331353129251e-01
9.945904951710268227e-01
9.943525069688202711e-01
9.941138668034327219e-01
9.928451802849365126e-01
9.912251449685550719e-01
9.895660580258049954e-01
9.878741816122198482e-01
9.861562872621508768e-01
9.844194089007366477e-01
9.826709403683472344e-01
9.809183928545864850e-01
9.791690821297630576e-01
9.774302159692842551e-01
9.757090488346129575e-01
9.740128750341733310e-01
9.723490680722627344e-01
9.707250656788466436e-01
9.691481421020956555e-01
9.676252454679230564e-01
9.661629296560432234e-01
9.647670393101662745e-01
9.634423866679867610e-01
9.621928389466006815e-01
9.610214771476376372e-01
9.599305249280523089e-01
9.589214108327492880e-01
9.579950211180364716e-01
9.571517585949347318e-01
9.563914622015765588e-01
9.557133757213269742e-01
9.551159952932209984e-01
9.545968648951851376e-01
9.541525799372722050e-01
9.537787889900878335e-01
9.534700687020405407e-01
9.532200445220389007e-01
9.530313780077604990e-01
9.529079080942675084e-01
9.528274380441091873e-01
9.527707779301258784e-01
9.527443122808629816e-01
9.527360289089007450e-01
9.527192735574582239e-01
9.526879438168218694e-01
9.526327974034636270e-01
9.525349514889924762e-01
9.523990965693935884e-01
9.522302962770111678e-01
9.520074174139471213e-01
9.517249049477558565e-01
9.513983535329089136e-01
9.510159626229064411e-01
9.505536772854681349e-01
9.500156558458434652e-01
9.494056882056179925e-01
9.487099707766578627e-01
9.479309321776440145e-01
9.470809808111908534e-01
9.461580564418744510e-01
9.451710804116110198e-01
9.441427095695449356e-01
9.430730609062264458e-01
9.419592587562090058e-01
9.408248686041500441e-01
9.396828048394000321e-01
9.385259659575730939e-01
9.373698061843787066e-01
9.362400205534574527e-01
9.351448895901900427e-01
9.341013634734338655e-01
9.331371898030090817e-01
9.322640506164905361e-01
9.314945240816437932e-01
9.308533864006989234e-01
9.303483801774943274e-01
9.299755760338547228e-01
9.297478869888178288e-01
9.296765036350582712e-01
9.297534935920055421e-01
9.299784096048254733e-01
9.303601715870731814e-01
9.308935469292451970e-01
9.315709584372061647e-01
9.323918457242298397e-01
9.333432628062460212e-01
9.344063815146144147e-01
9.355723351115546871e-01
9.368247967274166976e-01
9.381364957143796257e-01
9.394915602608243654e-01
9.408793755427583561e-01
9.422782247216240359e-01
9.436686869205451744e-01
9.450394768519252420e-01
9.463732180732524757e-01
9.476497457436067196e-01
9.488538150667007454e-01
9.499659955523371835e-01
9.509637063206377583e-01
9.518322496067510574e-01
9.525584048036930263e-01
9.531239833453388766e-01
9.535173902046766292e-01
9.537356243340479045e-01
9.537728679740246074e-01
9.536234719318325004e-01
9.532886445934198871e-01
9.527703121530695096e-01
9.520702221688681632e-01
9.511954123506216607e-01
9.501550470007361637e-01
9.489590461026984336e-01
9.476240138526016432e-01
9.461714370669838114e-01
9.446219109837750150e-01
9.429983015336070862e-01
9.413285033113140132e-01
9.396399638015128231e-01
9.379573162299730260e-01
9.363058863245885544e-01
9.347112366540869521e-01
9.331966950554311246e-01
9.317849633766748241e-01
9.304985518516795118e-01
9.293578283200600865e-01
9.283823137506230783e-01
9.275915279355754217e-01
9.270014223279930965e-01
9.266233539515842388e-01
9.264671005723309483e-01
9.265400517616524390e-01
9.268442133198121491e-01
9.273777678162749005e-01
9.281372842942928747e-01
9.291164681060731789e-01
9.303057255284334914e-01
9.316934583638594169e-01
9.332653279169155214e-01
9.350034376975090433e-01
9.368878246904290830e-01
9.388958813507323198e-01
9.410002556929589757e-01
9.431708813742746278e-01
9.453772902403725364e-01
9.475868270861961262e-01
9.497648093254345003e-01
9.518776733801032064e-01
9.538930261738330918e-01
9.557786425461098911e-01
9.575040717189484685e-01
9.590410492868589598e-01
9.603625001787166049e-01
9.614440492490410328e-01
9.622651261854819893e-01
9.628074587529601436e-01
9.630559192084764408e-01
9.630011499501761607e-01
9.626386972299468825e-01
9.619677756948051828e-01
9.609930147894162333e-01
9.597246607220468739e-01
9.581767470342898996e-01
9.563673369588995277e-01
9.543187574245763916e-01
9.520560315463429957e-01
9.496071541127474314e-01
9.470040462885224164e-01
9.442809708828127091e-01
9.414738219951280795e-01
9.386215041350123300e-01
9.357651225179284271e-01
9.329459960625472448e-01
9.302058413517249047e-01
9.275866723356873678e-01
9.251291151646620081e-01
9.228719294975015197e-01
9.208520776861934820e-01
9.191034971928503383e-01
9.176566746442392786e-01
9.165392112143354586e-01
9.157748098745183141e-01
9.153820865053803324e-01
9.153750852737396748e-01
9.157630290406890694e-01
9.165488806721225901e-01
9.177292538321054627e-01
9.192948651953550820e-01
9.212300594080232718e-01
9.235129056978919060e-01
9.261159692748204275e-01
9.290063791128488901e-01
9.321461617207740247e-01
9.354934006293451620e-01
9.390026534264905855e-01
9.426249338930458022e-01
9.463087184344588509e-01
9.500009872924776166e-01
9.536474613357635022e-01
9.571932464507483251e-01
9.605840303259515212e-01
9.637668651699689004e-01
9.666909062556122700e-01
9.693084703184351447e-01
9.715756994179555184e-01
9.734530215978023371e-01
9.749059976957962226e-01
9.759058908852724645e-01
9.764297109534034735e-01
9.764606029475021431e-01
9.759884818805260043e-01
9.750102009831470573e-01
9.735295912621071412e-01
9.715577727160843446e-01
9.691133177879607263e-01
9.662221266960988597e-01
9.629172885143907346e-01
9.592387862442020019e-01
9.552329298193276141e-01
9.509518318238160406e-01
9.464528710022557245e-01
9.417978114123353173e-01
9.370518782968073612e-01
9.322830984871677273e-01
9.275614969432952606e-01
9.229579709462935044e-01
9.185432427326333249e-01
9.143869022864712370e-01
9.105562600500061166e-01
9.071151625854867451e-01
9.041229256580480822e-01
9.016332414377777882e-01
8.996931736298034998e-01
8.983424179583542335e-01
8.976125918121058422e-01
8.975265033988630847e-01
8.980977362402410291e-01
8.993304647635946836e-01
9.012191736863892633e-01
9.037484794981173186e-01
9.068932699287676202e-01
9.106189154191624002e-01
9.148815245168118171e-01
9.196284643251222413e-01
9.247990163097986605e-01
9.303250803984033368e-01
9.361321240205194849e-01
9.421402502464373274e-01
9.482651738341824066e-01
9.544193342796034596e-01
9.605132179830446759e-01
9.664565854216607965e-01
9.721596322857083416e-01
9.775343113408941909e-01
9.824956630798349355e-01
9.869630297270763908e-01
9.908613061463202865e-01
9.915039763075469414e-01
9.912001673808404911e-01
9.908474574756930275e-01
9.904502017583248774e-01
9.900133421802851386e-01
9.895423243631034094e-01
9.890431634651098980e-01
9.885223733654231459e-01
9.879866983519981494e-01
9.874429485626451397e-01
9.834180757450083910e-01
9.779991707127183576e-01
9.719430388275225319e-01
9.653257624933067049e-01
9.582333403172272890e-01
9.507606241460139218e-01
9.430101590250099530e-01
9.350908067865481010e-01
9.271161924514755848e-01
9.192031289952570239e-01
9.114699703086337479e-01
9.040348345178130796e-01
8.970138243344648599e-01
8.905192889615798357e-01
8.846580640377753602e-01
8.795297467804191749e-01
8.752250658074244294e-01
8.718243129231766364e-01
8.693958945299440355e-01
8.679950903755494496e-01
8.676629734993549503e-01
8.684254851981622059e-01
8.702927660187881331e-01
8.732587441736303635e-01
8.773009174123043152e-01
8.823803650667254583e-01
8.884420320822683514e-01
8.954152494314460142e-01
9.032144901146655913e-01
9.117403817210418815e-01
9.208809385267267000e-01
9.305129955680518927e-01
9.405038656563918797e-01
9.507131732380846856e-01
9.609947966716578804e-01
9.711989217986735090e-01
9.811741968549022586e-01
9.907699195199732856e-01
9.948731155536769677e-01
9.904682237897309838e-01
9.835376672041393764e-01
9.773868299851082853e-01
9.721233865498556392e-01
9.678441422255951165e-01
9.646332612105079640e-01
9.625606453011816832e-01
9.616805097300701322e-01
9.620302002951135467e-01
9.636292727085626897e-01
9.664788486687524438e-01
9.705612627287013572e-01
9.758399961882789908e-01
9.822598893703048395e-01
9.853391776864267593e-01
9.844809272869635697e-01
9.827415643217176644e-01
9.710335694740774848e-01
9.586601162172185830e-01
9.457892492781827531e-01
9.326002001797681906e-01
9.192810133533855232e-01
9.060259468657461124e-01
8.930327011825061057e-01
8.804995212810526883e-01
8.686221972893463095e-01
8.575910137237822140e-01
8.475877118633188267e-01
8.387825093283968192e-01
8.313312222581600297e-01
8.253725493553517589e-01
8.210255634082270770e-01
8.183874528618392263e-01
8.175315688167317241e-01
8.185058180862830879e-01
8.213314265136185677e-01
8.260021108286191849e-01
8.324836904993990760e-01
8.407141364633248237e-01
8.506040516388079231e-01
8.620375872844414644e-01
8.748737802513810724e-01
8.889482858972550527e-01
9.040754902395835568e-01
9.200509749537768567e-01
9.366542974053815307e-01
9.536520541040378607e-01
9.708011845234069126e-01
9.878524495570816244e-01
9.960829332511023093e-01
9.817126607437114405e-01
9.679859623358725296e-01
9.551199210475951329e-01
9.433238349843280357e-01
9.327958461608332197e-01
9.237196566409355825e-01
9.162613833370546468e-01
9.105665980533509396e-01
9.067575983073541401e-01
9.049309580088239491e-01
9.051554068136341558e-01
9.074700857472242088e-01
9.118832280844881844e-01
9.183713088651607181e-01
9.268786954520684684e-01
9.373178233623439271e-01
9.495699099470200633e-01
9.634862043376969387e-01
9.788897611659412856e-01
9.795643206716120321e-01
9.731913053144640724e-01
9.518220413872330310e-01
9.298560237800551631e-01
9.076054995123543634e-01
8.853948233857211747e-01
8.635557907438572434e-01
8.424226583945824132e-01
8.223269423292415281e-01
8.035920872766904033e-01
7.865281140755215894e-01
7.714263572146036196e-01
7.585544006094689928e-01
7.481513130976209514e-01
7.404232785067600409e-01
7.355397008010889914e-01
7.336298531630057740e-01
7.347801307960653006e-01
7.390319538540823796e-01
7.463803542749926079e-01
7.567732745961283092e-01
7.701116002300817387e-01
7.862499344519345845e-01
8.049981152697287534e-01
8.261234642778791937e-01
8.493537428501293229e-01
8.743807752369072706e-01
9.008646849562970127e-01
9.284386770483264995e-01
9.567142854083356962e-01
9.838946794321713485e-01
9.891043494319278206e-01
9.665776922772569835e-01
9.424107475772958153e-01
9.192377737761585621e-01
8.974257496098080322e-01
8.773306101275747393e-01
8.592913370985530985e-01
8.436241338914349797e-01
8.306168050305886563e-01
8.205234554499106769e-01
8.135596135430626097e-01
8.098978686677724692e-01
8.096640995884551995e-01
8.129343585119787052e-01
8.197324680033943878e-01
8.300283829749349751e-01
8.437373681508444356e-01
8.607200391247081805e-01
8.807833104430004001e-01
9.036822846924937869e-01
9.291231020319137279e-01
9.567667473234575670e-01
9.722907503402352658e-01
9.642754618431266245e-01
9.277288656511938347e-01
8.905824447831577340e-01
8.533783550190995326e-01
8.166748472939060477e-01
7.810375780183064220e-01
7.470303854930484544e-01
7.152057463094173562e-01
6.860951449653213130e-01
6.601995968584040142e-01
6.379805595022187692e-01
6.198514473335592356e-01
6.061699350443463530e-01
5.972311977045332565e-01
5.932621960165802566e-01
5.944170769358106954e-01
6.007737286806419386e-01
6.123315066811969576e-01
6.290101338336826498e-01
6.506497759035337891e-01
6.770122975575632029e-01
7.077837099791312037e-01
7.425778230815418546e-01
7.809411104312545815e-01
8.223587785676281792e-01
8.662620008164670926e-01
9.120362362424970781e-01
9.548771708594165908e-01
9.841292140560946589e-01
9.559043462087982723e-01
9.183228827635709912e-01
8.793548025771901200e-01
8.402519343792836937e-01
8.032836988739049389e-01
7.690579092298110986e-01
7.381564480091903357e-01
7.111248677600710000e-01
6.884624220477656431e-01
6.706127444921632375e-01
6.579553506866185897e-01
6.507980904254916377e-01
6.493706329317515680e-01
6.538190344057853709e-01
6.642014204417838741e-01
6.804848194142832929e-01
7.025432050432074416e-01
7.301568408048122460e-01
7.630130552080742756e-01
8.007086047950181529e-01
8.427537862659968404e-01
8.885784348971298430e-01
9.375398847505844735e-01
9.596674396702632448e-01
9.283584463272150922e-01
8.664152568968565005e-01
8.041302301774408967e-01
7.424511286059279902e-01
6.823460834943334552e-01
6.247859880811423849e-01
5.707260759713564946e-01
5.210873353208198555e-01
4.767384188419427904e-01
4.384786661649696105e-01
4.070227607903742495e-01
3.829874070691229315e-01
3.668802498022145087e-01
3.590910926556166727e-01
3.598853255281169727e-01
3.693993685534530114e-01
3.876378986196513110e-01
4.144726484608650119e-01
4.496426488746513850e-01
4.927559034211966837e-01
5.432926126536132827e-01
6.006101718222816022e-01
6.639502253293840806e-01
7.324480540575240006e-01
8.051444889428137630e-01
8.757145194106435993e-01
9.443369845944667995e-01
9.664363791905510315e-01
9.044252420742684428e-01
8.412680589821731614e-01
7.785295517859754932e-01
7.126960242873154883e-01
6.501776180426708240e-01
5.920212001071216701e-01
5.392318427589120056e-01
4.927531224970748691e-01
4.534489357326593195e-01
4.220873862911463381e-01
3.993270551095705612e-01
3.857056810852409479e-01
3.816310171833806053e-01
3.873734352153407334e-01
4.030597876020354242e-01
4.286681188597991632e-01
4.640230435379008589e-01
5.087919288449763711e-01
5.624823757033990956e-01
6.244418058883600686e-01
6.938601595386355569e-01
7.697767258376876365e-01
8.510919441433816290e-01
9.365846384039800965e-01
9.359327084983584122e-01
8.329878917276545280e-01
7.289730865280962258e-01
6.255279701980005491e-01
5.243466981781095271e-01
4.271400551967891590e-01
3.355953620108921287e-01
2.513362087974443382e-01
1.758841730888131005e-01
1.106245736949245523e-01
5.677798667569821517e-02
1.537875806321889471e-02
-1.273833815214229365e-02
-1.773947744610759533e-02
-2.180678965523080368e-02
-2.268720370958945617e-02
-2.311249994051824824e-02
-2.352417381124881010e-02
-2.372448262719655671e-02
-2.391977495780526347e-02
-2.401649643738419312e-02
