0.000000000000000000e+00
-4.151440279056085585e-10
-1.719610940294361806e-09
-3.986547074666878185e-09
-8.204379131499749387e-09
-1.579059478462070944e-08
-2.730569439009376604e-08
-4.379815340616344725e-08
-6.697823327179286570e-08
-9.744543806100984830e-08
-1.351627279874994845e-07
-1.811180261903277831e-07
-2.369754811436649543e-07
-3.041885063400172955e-07
-3.835643528857351390e-07
-4.758633491391773596e-07
-5.836000821952886252e-07
-7.101954037032171758e-07
-8.575269540204468377e-07
-1.028032721900592480e-06
-1.226530399739569325e-06
-1.456456586014812923e-06
-1.720070572395735308e-06
-2.022397538327228806e-06
-2.368050262832822305e-06
-2.759182969067554410e-06
-3.200454135069457403e-06
-3.697550754872371357e-06
-4.253254104839490076e-06
-4.871666899281285005e-06
-5.558403220722393151e-06
-6.316220799486436134e-06
-7.148374896055341345e-06
-8.060490103692185523e-06
-9.056033941155254758e-06
-1.013723565948839155e-05
-1.130825926279756499e-05
-1.257293579136408214e-05
-1.393389298494958288e-05
-1.539479147628989826e-05
-1.695942467487268547e-05
-1.863049149636479616e-05
-2.041139527788849315e-05
-2.230571671177756683e-05
-2.431550532517880961e-05
-2.644308987023348889e-05
-2.869119733905896327e-05
-3.106088842214332468e-05
-3.355314774920244186e-05
-3.616978208050204989e-05
-3.891095199978060763e-05
-4.177572214138482935e-05
-4.476408742026154793e-05
-4.787533228332514800e-05
-5.110728128603449406e-05
-5.445822884991191371e-05
-5.792606507083832609e-05
-6.150704806376570120e-05
-6.519786246718441429e-05
-6.899557373214229279e-05
-7.289567872995704315e-05
-7.689353858325520747e-05
-8.098546824243626401e-05
-8.516681945924213916e-05
-8.943215898041845008e-05
-9.377676558694258762e-05
-9.819542642051810866e-05
-1.026819834180641062e-04
-1.072307530333440294e-04
-1.118359621833021927e-04
-1.164910869126157151e-04
-1.211898447556689887e-04
-1.259258443283300553e-04
-1.306920625154353349e-04
-1.354819181529478623e-04
-1.402890324724014070e-04
-1.451063017607853755e-04
-1.499268308127170858e-04
-1.547442457902938875e-04
-1.595518639439092964e-04
-1.643432871896032975e-04
-1.691128542485187815e-04
-1.738549030310347209e-04
-1.785641807337398027e-04
-1.832364823069887049e-04
-1.878677899354816189e-04
-1.924541512871573597e-04
-1.969925907208062012e-04
-2.014806596289257291e-04
-2.059159142908492841e-04
-2.102967580106827124e-04
-2.146224035227478285e-04
-2.188921001206926788e-04
-2.231056967960896311e-04
-2.272639701394584412e-04
-2.313678502379753305e-04
-2.354186009890400701e-04
-2.394182045536586020e-04
-2.433686496509952085e-04
-2.472719206749846802e-04
-2.511305370951469654e-04
-2.549469793189479655e-04
-2.587234032512875960e-04
-2.624622273503649157e-04
-2.661657604371331950e-04
-2.698356081901864259e-04
-2.734730597783893670e-04
-2.770788263765688376e-04
-2.806522307440315707e-04
-2.841914926071349777e-04
-2.876938177820551794e-04
-2.911545850088527866e-04
-2.945674259650041282e-04
-2.979245994514416939e-04
-3.012163909431750603e-04
-3.044310701430091035e-04
-3.075554712545833084e-04
-3.105746052705929622e-04
-3.134714126711792459e-04
-3.162275135463712061e-04
-3.188233247071015184e-04
-3.212377969447863008e-04
-3.234491422760629059e-04
-3.254354363547137590e-04
-3.271745498419278021e-04
-3.286446700806545441e-04
-3.298249122239673629e-04
-3.306951398397727816e-04
-3.312360254028960931e-04
-3.314293559038007349e-04
-3.312575338083888253e-04
-3.307029981818362246e-04
-3.297480652992974782e-04
-3.283741315239584288e-04
-3.265604826634403474e-04
-3.242836223575270302e-04
-3.215164378580662001e-04
-3.182270112836669542e-04
-3.143780009763397546e-04
-3.099263174895333347e-04
-3.048227689346020837e-04
-2.990124689987164663e-04
-2.924357988126757434e-04
-2.850292420526439447e-04
-2.767267106500645446e-04
-2.674614375861370094e-04
-2.571674874924886368e-04
-2.457810657517909853e-04
-2.332420723385100877e-04
-2.194952922010475090e-04
-2.044912057063072441e-04
-1.881869203189784866e-04
-1.705468019656695348e-04
-1.515427048444664096e-04
-1.311543876433226316e-04
-1.093697952653584248e-04
-8.618482267359018018e-05
-6.160314888554790577e-05
-3.563620569004134319e-05
-8.302860408156722383e-06
2.037080037114145326e-05
5.035133951714599151e-05
8.159781291421730292e-05
1.140613719285067012e-04
1.476844931716591680e-04
1.824003390416779132e-04
2.181322303012342781e-04
2.547930150662725142e-04
2.922848230174527142e-04
3.304993664939676013e-04
3.693183854916387630e-04
4.086143525211407114e-04
4.482515805664545995e-04
4.880873675977417470e-04
5.279732114139702552e-04
5.677563145404567130e-04
6.072810798246277989e-04
6.463906111833183071e-04
6.849286180907347482e-04
7.227415044051514878e-04
7.596803594992438411e-04
7.956030912881971407e-04
8.303765739961438755e-04
8.638784058143397044e-04
8.959983656746242165e-04
9.266395952038551046e-04
9.557192704894705050e-04
9.831689750568327769e-04
1.008935044599716365e-03
1.032978761864858895e-03
1.055276526505918681e-03
1.075820262783695747e-03
1.094617869647360837e-03
1.111693547544870741e-03
1.127088100015491597e-03
1.140859040635965440e-03
1.153080309274797516e-03
1.163841727573310071e-03
1.173248218242105376e-03
1.181418732204730926e-03
1.188485087922881191e-03
1.194589700235759592e-03
1.199884230519493705e-03
1.204530563416684715e-03
1.208698724189481840e-03
1.212563472448274348e-03
1.216303992121581679e-03
1.220101875931445343e-03
1.224136600758187355e-03
1.228583167081165415e-03
1.233608980035439274e-03
1.239368272432119639e-03
1.246000366887272661e-03
1.253631648816950746e-03
1.262374872373484133e-03
1.272324539977773674e-03
1.283552524959433432e-03
1.296106736827552092e-03
1.310010797096751358e-03
1.325262927244805471e-03
1.341836306922485371e-03
1.359679626082097113e-03
1.378715671744902083e-03
1.398843612397916757e-03
1.419942730181278064e-03
1.441868070133297403e-03
1.464447189819630081e-03
1.487485537428419671e-03
1.510766141055797877e-03
1.534046448368352276e-03
1.557064528195491833e-03
1.579541393401459690e-03
1.601180494360757199e-03
1.621680142261622531e-03
1.640743364795508750e-03
1.658078848215033914e-03
1.673411299699199785e-03
1.686490443427231690e-03
1.697088466731411140e-03
1.705006247472514716e-03
1.710084204870771125e-03
1.712200052362178922e-03
1.711270220723845213e-03
1.707261466602138069e-03
1.700191260266829775e-03
1.690123867392870610e-03
1.677176139129330727e-03
1.661515161036138544e-03
1.643347523039339134e-03
1.622919145495579137e-03
1.600512820233135434e-03
1.576433902965554889e-03
1.551004255479589448e-03
1.524563401338570280e-03
1.497460937502140309e-03
1.470051661240166134e-03
1.442700155017481159e-03
1.415777339904326481e-03
1.389651788449679237e-03
1.364689803174248123e-03
1.341252352719447859e-03
1.319684037973375534e-03
1.300309121893903101e-03
1.283430004893773655e-03
1.269318651875889171e-03
1.258212979596123274e-03
1.250318697610715768e-03
1.245803336358885160e-03
1.244790427949808362e-03
1.247361111900169902e-03
1.253550244565950367e-03
1.263338653853350070e-03
1.276652152200440484e-03
1.293358728658657595e-03
1.313262698894067772e-03
1.336108048112131163e-03
1.361584906446258649e-03
1.389331837587412998e-03
1.418943764102913304e-03
1.449983484242763684e-03
1.481987229499492258e-03
1.514471649665032364e-03
1.546944349944452289e-03
1.578908332647756306e-03
1.609865508302780329e-03
1.639326406343670495e-03
1.666817606854748869e-03
1.691885982280411701e-03
1.714107780264359070e-03
1.733097896321650865e-03
1.748515071362884967e-03
1.760069048896131024e-03
1.767527125605941303e-03
1.770714227682427871e-03
1.769512588477130735e-03
1.763863544977958874e-03
1.753765950001046374e-03
1.739274556368341877e-03
1.720502448615123621e-03
1.697622232312869005e-03
1.670865851522944498e-03
1.640526888335485690e-03
1.606960993124232967e-03
1.570582081372066041e-03
1.531858413997595411e-03
1.491307347391114882e-03
1.449486580814484228e-03
1.406985672177910041e-03
1.364417898869970574e-03
1.322409898326175901e-03
1.281592628006436368e-03
1.242594900758101865e-03
1.206035085706824933e-03
1.172511683229243576e-03
1.142594942032388976e-03
1.116816448366412433e-03
1.095657089234480146e-03
1.079536936783262804e-03
1.068805577859695786e-03
1.063732644249237034e-03
1.064502274582245552e-03
1.071210515108600046e-03
1.083863325267181476e-03
1.102377427850600522e-03
1.126583436044907441e-03
1.156228020307866963e-03
1.190976753839567215e-03
1.230418664749122985e-03
1.274069647730034392e-03
1.321375800911906307e-03
1.371719287290153882e-03
1.424425169649711160e-03
1.478769393705989471e-03
1.533989945484828593e-03
1.589298940715533738e-03
1.643893980489598153e-03
1.696970513553101856e-03
1.747733825086175610e-03
1.795408681398624664e-03
1.839248906280733110e-03
1.878547273077297913e-03
1.912643982649696317e-03
1.940935824785637977e-03
1.962887149756410796e-03
1.978040078443470389e-03
1.986024245494486581e-03
1.986567185284656822e-03
1.979502771405306557e-03
1.964776871693424149e-03
1.942451547829504403e-03
1.912706188691664852e-03
1.875834986499738287e-03
1.832243458113395852e-03
1.782444113799412600e-03
1.727050026048482755e-03
1.666767948580486500e-03
1.602391324848824808e-03
1.534791200753847333e-03
1.464905440904667013e-03
1.393726957749010171e-03
1.322289430510611031e-03
1.251650850700822271e-03
1.182876803202587363e-03
1.117023268297014137e-03
1.055119103175746571e-03
9.981500063232936169e-04
9.470439673424537038e-04
9.026575544616082056e-04
8.657640352230916827e-04
8.370430976579335946e-04
8.170705814572185640e-04
8.063085287406129712e-04
8.050962837636983479e-04
8.136421032435325927e-04
8.320159149406348336e-04
8.601445423591175471e-04
8.978091734412202169e-04
9.446452150700904594e-04
1.000145465029138704e-03
1.063665879581582796e-03
1.134432945813675098e-03
1.211553032182718492e-03
1.294023313814467949e-03
1.380743379826280268e-03
1.470528083039252584e-03
1.562121947436369892e-03
1.654214588102457129e-03
1.745457725466125062e-03
1.834484409654054326e-03
1.919929677971625578e-03
2.000452177144712747e-03
2.074756543000223861e-03
2.141615263137199021e-03
2.199889119173664871e-03
2.248546216919857215e-03
2.286679032237227439e-03
2.313519043639758032e-03
2.328449541380353972e-03
2.331016794574699430e-03
2.320939272434101915e-03
2.298115149606766959e-03
2.262628006435037867e-03
2.214749985536508536e-03
2.154942141027410638e-03
2.083851875728184259e-03
2.002306925949444427e-03
1.911305837106478831e-03
1.812005440865169670e-03
1.705705620840266635e-03
1.593831852448975321e-03
1.477916362516070673e-03
1.359578216982950229e-03
1.240502274425765413e-03
1.122417212241350916e-03
1.007072607469147165e-03
8.962147713392543992e-04
7.915615098465838759e-04
6.947762206488167398e-04
6.074415957998970626e-04
5.310336090101087101e-04
4.668967231312922154e-04
4.162208206199351462e-04
3.800203016155909662e-04
3.591159441804034781e-04
3.541196496637781933e-04
3.654219615485272124e-04
3.931824967251133568e-04
4.373232182659269663e-04
4.975243638172208724e-04
5.732233661682687581e-04
6.636172035085500989e-04
7.676683481503829764e-04
8.841146517150127657e-04
1.011483419441964755e-03
1.148109418550304680e-03
1.292156521898433141e-03
1.441642664556020163e-03
1.594467365100540532e-03
1.748441101064464841e-03
1.901316159816663492e-03
2.050818480557343743e-03
2.194680041162838831e-03
2.330671655833809874e-03
2.456635933509918220e-03
2.570520001938216264e-03
2.670407763268121959e-03
2.754551239861836170e-03
2.821400213469608259e-03
2.869629471798209718e-03
2.898163056079970570e-03
2.906194828299969810e-03
2.893204980258165786e-03
2.858972411400116220e-03
2.803582863304281136e-03
2.727432833478791313e-03
2.631229490415362953e-03
2.515986614682151970e-03
2.383016429067190151e-03
2.233917269604103559e-03
2.070556961272129477e-03
1.895051699057384489e-03
1.709740496623383000e-03
1.517155429527660901e-03
1.319987934629722904e-03
1.121051713854115221e-03
9.232430317628324053e-04
7.294991264313278531e-04
5.427554350372379129e-04
3.659023536712619623e-04
2.017420522783271012e-04
5.294575849137486711e-05
-7.798797326856102404e-05
-1.887735008314500324e-04
-2.773763315494931774e-04
-3.420486547191045222e-04
-3.813614006747062871e-04
-3.942321455576173399e-04
-3.799481821052778127e-04
-3.381841796999385231e-04
-2.690141250478907532e-04
-1.729173761176563051e-04
-5.077875509033181442e-05
9.611719784033869037e-05
2.660976202203228780e-04
4.571182399037620678e-04
6.667856477723547786e-04
8.923847971160400305e-04
1.130911680482974725e-03
1.379111046839615442e-03
1.633518859292717096e-03
1.890509095583413433e-03
2.146344303833639788e-03
2.397229101787215662e-03
2.639365732076419738e-03
2.869010734997682038e-03
3.082531734056976995e-03
3.276463401732647007e-03
3.447561786144520603e-03
3.592856212577798854e-03
3.709698038071241027e-03
3.795805613987327746e-03
3.849304801819365251e-03
3.868764388138111292e-03
3.853225786699255705e-03
3.802226414013111250e-03
3.715816161302616053e-03
3.594566536858679467e-03
3.439572218583414505e-03
3.252444908932979831e-03
3.035299561733310891e-03
2.790733181030672760e-03
2.521796446213731523e-03
2.231958462845395289e-03
1.925064965341371061e-03
1.605290288643034706e-03
1.277083462215098265e-03
9.451088861594070896e-04
6.141821793249885699e-04
2.892019603356191302e-04
-2.492146809973781881e-05
-3.233393949818994710e-04
-6.013386881634559967e-04
-8.544151549556620959e-04
-1.078344931968476745e-03
-1.269252663086689083e-03
-1.423675357147582672e-03
-1.538620952401389833e-03
-1.611620766183443753e-03
-1.640775120953483039e-03
-1.624791504243633389e-03
-1.563014698355265700e-03
-1.455448387744941218e-03
-1.302767800966420824e-03
-1.106323034268352681e-03
-8.681328335255217993e-04
-5.908687259902316172e-04
-2.778295171260403932e-04
6.709369508367905301e-05
4.394617353914721499e-04
8.343404550215084660e-04
1.246362271511710241e-03
1.669795589862246681e-03
2.098621445493321653e-03
2.526616559935937218e-03
2.947441823335359389e-03
3.354735021272476584e-03
3.742206397088594736e-03
4.103735437646460586e-03
4.433467133563941988e-03
4.725905885947331853e-03
4.976005238276178660e-03
5.179251731904307293e-03
5.331741377765040688e-03
5.430247478090999974e-03
5.472278814502026280e-03
5.456127493171402006e-03
5.380905965645267804e-03
5.246572932776304675e-03
5.053947975272915852e-03
4.804714821513805627e-03
4.501413193386249838e-03
4.147419188000991790e-03
3.746914158417548237e-03
3.304842082513470124e-03
2.826855484333368630e-03
2.319250079096119542e-03
1.788888446530009346e-03
1.243113217325705292e-03
6.896504750753244426e-04
1.365043166878777373e-04
-4.081562096305261676e-04
-9.361162664430292815e-04
-1.439238668506151279e-03
-1.909589503879107440e-03
-2.339563600310865920e-03
-2.722007362166190079e-03
-3.050336481954397244e-03
-3.318646133979524272e-03
-3.521811497785957545e-03
-3.655576814913732205e-03
-3.716631602719183344e-03
-3.702673096952632196e-03
-3.612454423537024648e-03
-3.445818343855000694e-03
-3.203716644964649946e-03
-2.888215352625959648e-03
-2.502485930786928041e-03
-2.050782529217740503e-03
-1.538405204136212342e-03
-9.716489016625410495e-04
-3.577379069678397056e-04
2.952545228841594216e-04
9.785014868499129249e-04
1.682532607721427906e-03
2.397358517993260739e-03
3.112608626772636611e-03
3.817680543023127711e-03
4.501898907635313966e-03
5.154680785700549786e-03
5.765704263191368840e-03
6.325076533285127652e-03
6.823497590411830085e-03
7.252415711415398716e-03
7.604171199714165191e-03
7.872125380955502169e-03
8.050772529201253441e-03
8.135833199998264778e-03
8.124328259422037776e-03
8.014633639494710832e-03
7.806516438524009095e-03
7.501153352270615443e-03
7.101132535432336072e-03
6.610439855329884248e-03
6.034430146942455081e-03
5.379783583405645803e-03
4.654446735246738076e-03
3.867557407718716193e-03
3.029352021553322408e-03
2.151054228880908050e-03
1.244743692150075947e-03
3.232045174170369004e-04
-6.002462953668715037e-04
-1.511948916618240015e-03
-2.398106564678538413e-03
-3.245003266651343577e-03
-4.039228486688748072e-03
-4.767902798841800079e-03
-5.418898366637520808e-03
-5.981048037385760380e-03
-6.444337386771498144e-03
-6.800075021728525272e-03
-7.041037767836018715e-03
-7.161588882976209491e-03
-7.157768975484072975e-03
-7.027360673918955219e-03
-6.769929126928473859e-03
-6.386840983135815344e-03
-5.881264548743788886e-03
-5.258153349439307137e-03
-4.524214412921876739e-03
-3.687861380989209976e-03
-2.759151242948875912e-03
-1.749702272317274314e-03
-6.725898643780017045e-04
4.577834005300622598e-04
1.625846873536880219e-03
2.815052574479735663e-03
4.008098369591078965e-03
5.187182258396521445e-03
6.334283962785877513e-03
7.431467478130756969e-03
8.461195959351764176e-03
9.406648581919457158e-03
1.025202811344064907e-02
1.098284804643026580e-02
1.158618933904261364e-02
1.205091899717213033e-02
1.236786566477684861e-02
1.252995070448098547e-02
1.253227652044048429e-02
1.237217667934336317e-02
1.204923436907204617e-02
1.156527665704770377e-02
1.092435177150891112e-02
1.013269527678877305e-02
9.198688735115310641e-03
8.132811548112106256e-03
6.947583540625687677e-03
5.657492916845509312e-03
4.278901906698063737e-03
2.829921100865087982e-03
1.330243421764095487e-03
-1.990699602545196588e-04
-1.735856696128361583e-03
-3.257174278146069812e-03
-4.739671174199493360e-03
-6.159999109749809271e-03
-7.495252675610481613e-03
-8.723418504623624281e-03
-9.823813872936737468e-03
-1.077749425427666254e-02
-1.156761135276411327e-02
-1.217970735559120027e-02
-1.260193707452713675e-02
-1.282521646641712580e-02
-1.284330277111389931e-02
-1.265281724188750852e-02
-1.225322540252822730e-02
-1.164679144706630420e-02
-1.083852261223621806e-02
-9.836116224781817075e-03
-8.649917063701188444e-03
-7.292886316108472024e-03
-5.780576542854803587e-03
-4.131100598275987308e-03
-2.365077267109053343e-03
-5.055332990441549577e-04
1.422258857188220173e-03
3.391025705464785316e-03
5.371832329831151102e-03
7.334521691610731454e-03
9.248248698186696537e-03
1.108209367310309008e-02
1.280572952134838641e-02
1.439010808669484789e-02
1.580812561948474401e-02
1.703522639565411764e-02
1.804990809491517634e-02
1.883410223192747909e-02
1.937341634690723652e-02
1.965723970264782877e-02
1.967872862008203730e-02
1.943469927850016710e-02
1.892546330442464175e-02
1.815464396004639464e-02
1.712900811195069289e-02
1.585834190664855287e-02
1.435538713818335782e-02
1.263584193414145872e-02
1.071841514494910157e-02
8.624910393020735269e-03
6.380304777466053179e-03
4.012780117702248635e-03
1.553662350410170640e-03
-9.627720653743158550e-04
-3.499654803776110386e-03
-6.018066959535959236e-03
-8.477762187667067448e-03
-1.083805077949816231e-02
-1.305880317774074130e-02
-1.510151168992941891e-02
-1.693033378814057244e-02
-1.851303477352663623e-02
-1.982175513473299899e-02
-2.083354780866327263e-02
-2.153065894950401127e-02
-2.190055761794139008e-02
-2.193574987065605511e-02
-2.163343691109349473e-02
-2.099509216069787507e-02
-2.002603636742907381e-02
-1.873508308200535696e-02
-1.713431083147186687e-02
-1.523899576345349310e-02
-1.306771182668480490e-02
-1.064257689537316184e-02
-7.989595423871032401e-03
-5.139024854376489544e-03
-2.125677649159058401e-03
1.010934014326148132e-03
4.226696198504998302e-03
7.473297990071625652e-03
1.069897759112578561e-02
1.384961455385710048e-02
1.687014053844919370e-02
1.970619668833934607e-02
2.230591780012874600e-02
2.462168752675955238e-02
2.661169143239933144e-02
2.824110713809590070e-02
2.948281851163830902e-02
3.031760853972491343e-02
3.073385923576466700e-02
3.072685122563916654e-02
3.029780348573097096e-02
2.945282351084870659e-02
2.820192805969142999e-02
2.655826361786228773e-02
2.453762944767689039e-02
2.215836568785909191e-02
1.944161882234540437e-02
1.641194370302315880e-02
1.309814862525032070e-02
9.534246034770521225e-03
5.760343793131121777e-03
1.823305055730927576e-03
-2.222983584575685592e-03
-6.317865512581103196e-03
-1.039476268325111030e-02
-1.438263358380611340e-02
-1.820803035593008060e-02
-2.179769494340144664e-02
-2.349134022616341383e-02
-2.510020359693166184e-02
-2.661512899153960915e-02
-2.802926926061953886e-02
-2.933614887478009151e-02
-3.052999587713415425e-02
-3.160550027676661128e-02
-3.255842981933595309e-02
-3.338507976198699934e-02
-3.408259289817140714e-02
-3.464903859175981482e-02
-3.508261959439720745e-02
-3.538300578070748686e-02
-3.554935850005234987e-02
-3.558257460684446927e-02
-3.554999439131258099e-02
-3.538449868522622332e-02
-3.508797992401294780e-02
-3.499416519207384363e-02
-3.478209692436123185e-02
-3.466571852335378900e-02
