1.000000000000000000e+00
9.999929601988817307e-01
9.999773172825703327e-01
9.999671290022902337e-01
9.999603501604777955e-01
9.999446565209156867e-01
9.999303900120937172e-01
9.999238160038522727e-01
9.999118238762850774e-01
9.998971792448176910e-01
9.998899425727900692e-01
9.998817151235916967e-01
9.998684821241512477e-01
9.998595453866004901e-01
9.998516061721427484e-01
9.998379690787949636e-01
9.998264151852405135e-01
9.998182774416208840e-01
9.998056001583360830e-01
9.997925848315122321e-01
9.997849449285560741e-01
9.997756087616957998e-01
9.997637432217790776e-01
9.997555293036394231e-01
9.997475419836754362e-01
9.997363426123078156e-01
9.997266031912195317e-01
9.997178145343470490e-01
9.997062771601608056e-01
9.996953913197281771e-01
9.996868804878903392e-01
9.996770144090938448e-01
9.996665881515282015e-01
9.996587012768494152e-01
9.996509626463222498e-01
9.996416922161566188e-01
9.996331456899318901e-01
9.996250865306651745e-01
9.996157859001194579e-01
9.996064149378957042e-01
9.995977824568835768e-01
9.995886604696577749e-01
9.995796358527074821e-01
9.995719138538851078e-01
9.995479370988090695e-01
9.995051121518045978e-01
9.994596742954836577e-01
9.994113283854950680e-01
9.993609822214181149e-01
9.993077535789006705e-01
9.992509715453294916e-01
9.991916700387846184e-01
9.991293644669801965e-01
9.990629057951484482e-01
9.989933940167460280e-01
9.989215470815901998e-01
9.988464925485073254e-01
9.987686696788032892e-01
9.986889706573661707e-01
9.986068434952261041e-01
9.985222729874759784e-01
9.984358444167220625e-01
9.983468973797660073e-01
9.982551362047451526e-01
9.981614641000154942e-01
9.980658181249186800e-01
9.979676871096677671e-01
9.978679225841060596e-01
9.977671726911139238e-01
9.976650852290352978e-01
9.975619463997517089e-01
9.974582053806178017e-01
9.973535271619361486e-01
9.972480073674393486e-01
9.971420494492442277e-01
9.970311827348662392e-01
9.969107225744842093e-01
9.967874732935916304e-01
9.966625786330250980e-01
9.965358388451480698e-01
9.964077203011069139e-01
9.962805852395321127e-01
9.961562075929351057e-01
9.960347116444681070e-01
9.959159160757158347e-01
9.957995034609978813e-01
9.956845093286290638e-01
9.955699046293949861e-01
9.954548726023977334e-01
9.953386747763078857e-01
9.952215015691808775e-01
9.951047648809856483e-01
9.949896575207818339e-01
9.948765378861235131e-01
9.947660687659124479e-01
9.946591056305106315e-01
9.945551968552984734e-01
9.944528565240432494e-01
9.943510181322748887e-01
9.942490088624621469e-01
9.941460789101835838e-01
9.940420297565724095e-01
9.939373126426819249e-01
9.938324211736923042e-01
9.937282931435955646e-01
9.936261105065314903e-01
9.935258402088551488e-01
9.934267382347253816e-01
9.933286969434879099e-01
9.932312050133567105e-01
9.931328195915005708e-01
9.930328429294436043e-01
9.929315538642320416e-01
9.928292097977884367e-01
9.927265248580899870e-01
9.926247930332646741e-01
9.925248407380401483e-01
9.924273217707433314e-01
9.923331857976760428e-01
9.922424931771112178e-01
9.921544478376213005e-01
9.920689646466557265e-01
9.919863326105438084e-01
9.919063272147928823e-01
9.918292481213012435e-01
9.917562946731682816e-01
9.916884961268963572e-01
9.916268052276632217e-01
9.915723649179247756e-01
9.915255977011029342e-01
9.914863680851555561e-01
9.914548244367331620e-01
9.914307516998197567e-01
9.914133795860574638e-01
9.914026563042940277e-01
9.913993039068076385e-01
9.914039895741439956e-01
9.914177528059981981e-01
9.914423012175567207e-01
9.914792801029602698e-01
9.915302087842193801e-01
9.915967488911553440e-01
9.916802136802579382e-01
9.917816269947505869e-01
9.919024391007368324e-01
9.920442777177441718e-01
9.922085599106073017e-01
9.923971057595268874e-01
9.926122492741399350e-01
9.928440464673214949e-01
9.930776009065855892e-01
9.933426392024513607e-01
9.936404052728063929e-01
9.939719639983398691e-01
9.943382336384236631e-01
9.947398875986321887e-01
9.951774286779662138e-01
9.956512780201487445e-01
9.961616641007680073e-01
9.965623253102738888e-01
9.966110043171050314e-01
9.966670286467504969e-01
9.967310434010513420e-01
9.966751475655732939e-01
9.965085978015765233e-01
9.963416262913671329e-01
9.961741375943935495e-01
9.960061206204748885e-01
9.958376685726476607e-01
9.947711279981944488e-01
9.936515450196827803e-01
9.925103891277960999e-01
9.913523328537047208e-01
9.901822336946416447e-01
9.890051642087042127e-01
9.878262445022842897e-01
9.866504546426717592e-01
9.854826740859572443e-01
9.843277755459448608e-01
9.831906529884851809e-01
9.820762489447287802e-01
9.809895255956920801e-01
9.799353324194453041e-01
9.789183045945558659e-01
9.779427913112581638e-01
9.770126499669491427e-01
9.761310434014498494e-01
9.753004784928033244e-01
9.745229131792491062e-01
9.737997363472405965e-01
9.731318064278906554e-01
9.725196097585686594e-01
9.719633264245806092e-01
9.714627813117864275e-01
9.710174072987105554e-01
9.706261515836869247e-01
9.702873422952608129e-01
9.699986717999322661e-01
9.697571979820752697e-01
9.695592707267339794e-01
9.694006024293809753e-01
9.692818552521186293e-01
9.692054301649565273e-01
9.691592455805546624e-01
9.691300670531747263e-01
9.691196250054612271e-01
9.691217928930258019e-01
9.691196035710551993e-01
9.691063349833065610e-01
9.690764633851443044e-01
9.690191800079096529e-01
9.689358543802809587e-01
9.688296694120684949e-01
9.686886606178607417e-01
9.685082080995744969e-01
9.682976278641562962e-01
9.680507915646847650e-01
9.677515195874124565e-01
9.674008302615321186e-01
9.670021864079505480e-01
9.665471246022666607e-01
9.660358730546980688e-01
9.654770069077021066e-01
9.648704287104266086e-01
9.642213838087594358e-01
9.635447956744302989e-01
9.628419439662090351e-01
9.621105404731399302e-01
9.613654819754965386e-01
9.606160900100549904e-01
9.598576338401436647e-01
9.590993597679712268e-01
9.583585993512704349e-01
9.576412695507461326e-01
9.569579774722725141e-01
9.563271305531567679e-01
9.557569651438716507e-01
9.552554292355006638e-01
9.548386655952054713e-01
9.545120502015986830e-01
9.542726224587603223e-01
9.541284301971084680e-01
9.540869827280753501e-01
9.541430160446365827e-01
9.542959670004401707e-01
9.545519125304551267e-01
9.549077470631256448e-01
9.553585971921311204e-01
9.559043179122796996e-01
9.565366397443688662e-01
9.572432271612797416e-01
9.580183121332658258e-01
9.588511842065962076e-01
9.597237779158113158e-01
9.606255984753508947e-01
9.615496720782327200e-01
9.624816983641192314e-01
9.634089522768369829e-01
9.643240123921965612e-01
9.652153518077809524e-01
9.660696827113015583e-01
9.668768278797716942e-01
9.676235737679044213e-01
9.682947272014215123e-01
9.688803692735751261e-01
9.693713314785324942e-01
9.697552820399256701e-01
9.700244949114837922e-01
9.701767855439517030e-01
9.702081857867265180e-01
9.701151309359558050e-01
9.698984281662498264e-01
9.695592502889597286e-01
9.690989626528857537e-01
9.685223821379962406e-01
9.678354866684013569e-01
9.670450250353100907e-01
9.661623379948778290e-01
9.652017597889492873e-01
9.641771653038955225e-01
9.631041570640610505e-01
9.620013943740695073e-01
9.608871561329288546e-01
9.597780513855616036e-01
9.586908652301954215e-01
9.576422591094589931e-01
9.566476174551695744e-01
9.557218196845811420e-01
9.548793105568482709e-01
9.541332960715785960e-01
9.534965663656759238e-01
9.529816973173208527e-01
9.525990048554726641e-01
9.523559937560742705e-01
9.522589534586478610e-01
9.523125704602741770e-01
9.525182278924835266e-01
9.528747084307918058e-01
9.533796320770535626e-01
9.540290020496425827e-01
9.548167508247089597e-01
9.557353907950202343e-01
9.567758088199596056e-01
9.579266982550247445e-01
9.591752447222205991e-01
9.605068784900456791e-01
9.619039477607601585e-01
9.633467919425554582e-01
9.648153211924932471e-01
9.662880207749677819e-01
9.677418658810462704e-01
9.691543605122074911e-01
9.705038029663789478e-01
9.717685502430424282e-01
9.729279569207517353e-01
9.739628164333168359e-01
9.748547231928772483e-01
9.755869477052403482e-01
9.761452775410047744e-01
9.765171262160428078e-01
9.766920085997029544e-01
9.766633413746921288e-01
9.764280095409370031e-01
9.759854849836734347e-01
9.753389522268562928e-01
9.744955344380044071e-01
9.734650417069040662e-01
9.722600313569538244e-01
9.708959721789581776e-01
9.693901796138255644e-01
9.677619054146940902e-01
9.660329612019601386e-01
9.642266530458768470e-01
9.623672453603835386e-01
9.604808571953139529e-01
9.585949443578188900e-01
9.567369449643216006e-01
9.549343908570039341e-01
9.532148250855411176e-01
9.516046906832834607e-01
9.501290241076024712e-01
9.488115325083517071e-01
9.476738130597399667e-01
9.467351247230915146e-01
9.460128315083036199e-01
9.455217922058880564e-01
9.452736401784210818e-01
9.452771826484827056e-01
9.455382682255789595e-01
9.460588619250399622e-01
9.468369935894469513e-01
9.478670246428083646e-01
9.491393067000835071e-01
9.506402274544780706e-01
9.523526623425639936e-01
9.542559499766555264e-01
9.563260844785719250e-01
9.585364304467203223e-01
9.608579034775814876e-01
9.632589008975610545e-01
9.657059023417339239e-01
9.681641262159760286e-01
9.705976291289060143e-01
9.729697258951789385e-01
9.752437536107814164e-01
9.773836562223403579e-01
9.793544954272475067e-01
9.811232748866772768e-01
9.826594247148866534e-01
9.839352012364624978e-01
9.849263368389064022e-01
9.856124748517131051e-01
9.859772879868531348e-01
9.860088139583864653e-01
9.856999064931402099e-01
9.850483903997376833e-01
9.840571298284376267e-01
9.827342160974367191e-01
9.810930464606559820e-01
9.791522221427747530e-01
9.769353819404302808e-01
9.744709001114897351e-01
9.717914391690156695e-01
9.689335480894720742e-01
9.659370731071944549e-01
9.628445036588451078e-01
9.597002382992289027e-01
9.565500606566714747e-01
9.534405634488092307e-01
9.504184201679030108e-01
9.475295729428691027e-01
9.448187004974116787e-01
9.423285222899197011e-01
9.400991144668510158e-01
9.381673040054034907e-01
9.365661021474277481e-01
9.353241936650773525e-01
9.344655812092210745e-01
9.340092628109204487e-01
9.339688892771933482e-01
9.343525883642029850e-01
9.351629234808971347e-01
9.363967638715554598e-01
9.380451607779382028e-01
9.400933863142822977e-01
9.425209908403650028e-01
9.453018394844067140e-01
9.484042734061252089e-01
9.517913531445971742e-01
9.554211460323284166e-01
9.592471290718089794e-01
9.632187554230529081e-01
9.672818880375367856e-01
9.713794745255087681e-01
9.754523626189841590e-01
9.794399906883828333e-01
9.832811727354769937e-01
9.869151733237099267e-01
9.902826330008462907e-01
9.920523310938954564e-01
9.935145084566423535e-01
9.931781365123576455e-01
9.926656337934163243e-01
9.921650873654932479e-01
9.916968191810593414e-01
9.912690422211325458e-01
9.908936747694480074e-01
9.905772766367874071e-01
9.903256324049739545e-01
9.901390938300039801e-01
9.900205010728372335e-01
9.899623190512328863e-01
9.874099820966971697e-01
9.833125108130152947e-01
9.788481848862081725e-01
9.740793753954898326e-01
9.690739415369717946e-01
9.639044311205080540e-01
9.586464698336036871e-01
9.533775081949380503e-01
9.481758356125514764e-01
9.431192618624463231e-01
9.382838355745553027e-01
9.337427414227363887e-01
9.295653281421361047e-01
9.258162050436209434e-01
9.225544347004114298e-01
9.198328628962888498e-01
9.176974980691731121e-01
9.161869971789238232e-01
9.153322728844749401e-01
9.151561618974602963e-01
9.156731290909854160e-01
9.168890506630599235e-01
9.188010586527486367e-01
9.213973992548651903e-01
9.246573260572008568e-01
9.285510505431288086e-01
9.330397476191039097e-01
9.380756494825156500e-01
9.436021825183950051e-01
9.495542093625095603e-01
9.558583980524694157e-01
9.624338392633120520e-01
9.691928224164940708e-01
9.760414752992281340e-01
9.828813021475860667e-01
9.896100710596373862e-01
9.933979905362322338e-01
9.956230700062844718e-01
9.947307494650833304e-01
9.912267989532663748e-01
9.872816979128488102e-01
9.839144105773827143e-01
9.811827421256882342e-01
9.791366898508552241e-01
9.778177262862949304e-01
9.772581728918543487e-01
9.774806752655921249e-01
9.784977752242847160e-01
9.803115750195419142e-01
9.829134949332670734e-01
9.862841195726103072e-01
9.863275805816335007e-01
9.864007537559698058e-01
9.865978583911474420e-01
9.869152354942932748e-01
9.829997835195811717e-01
9.746380567677288553e-01
9.659999951711893962e-01
9.572150202169773525e-01
9.484145865229171024e-01
9.397308437179121565e-01
9.312939098615797828e-01
9.232295659745393124e-01
9.156576211730915738e-01
9.086904386240214349e-01
9.024315095865236280e-01
8.969744094531667544e-01
8.924019755325912628e-01
8.887857132481216116e-01
8.861852955059459358e-01
8.846480884690919311e-01
8.842089692225505448e-01
8.848905888871972936e-01
8.867036948837715427e-01
8.896470700443702695e-01
8.937069638767889401e-01
8.988563007033602004e-01
9.050542251820099526e-01
9.122460550015063507e-01
9.203631663069312685e-01
9.293227104941832462e-01
9.390273699624710479e-01
9.493655573292508754e-01
9.602113239283184276e-01
9.714252011505117856e-01
9.828553883285023884e-01
9.924350478356199767e-01
9.961602892361991479e-01
9.901040437018409079e-01
9.813147224017451098e-01
9.731253440422967804e-01
9.656593157199171440e-01
9.590316454752698672e-01
9.533462329051857198e-01
9.486951519920685527e-01
9.451579329211261538e-01
9.428010035351159779e-01
9.416771180512003570e-01
9.418247818989857745e-01
9.432677222226517610e-01
9.460143508153570080e-01
9.500572175191763780e-01
9.553724601444624209e-01
9.619192789113568676e-01
9.696393999281704978e-01
9.784565124790370882e-01
9.809711496779814910e-01
9.817237072760247596e-01
9.826551839286750134e-01
9.702893644544743346e-01
9.555735173126350679e-01
9.408636452374864456e-01
9.263873161990522354e-01
9.123639750875874865e-01
8.990019086794514003e-01
8.864954921535828092e-01
8.750245733191734931e-01
8.647644562043345084e-01
8.559174858922466989e-01
8.486797615466681322e-01
8.430981011814474568e-01
8.391590988546422381e-01
8.368277483184781707e-01
8.360705399735005594e-01
8.368700202114592868e-01
8.392326203132780549e-01
8.431912041364002519e-01
8.488028785486246841e-01
8.561412309916880403e-01
8.652804467056789406e-01
8.762660065839253942e-01
8.890331436306347923e-01
9.033188708151491664e-01
9.189353687676558025e-01
9.357118037789607934e-01
9.534617423305042916e-01
9.719718377275283760e-01
9.910015632835739163e-01
9.929047934085607485e-01
9.797079267088297794e-01
9.650380437967194247e-01
9.504752942445271469e-01
9.369168167081229903e-01
9.245570480434349703e-01
9.135726513543365179e-01
9.041213090531400320e-01
8.963411321546229660e-01
8.903505402719654738e-01
8.862484111397718189e-01
8.841140730509243761e-01
8.840074227421943487e-01
8.859696108452617125e-01
8.900231076326990953e-01
8.961701304515873323e-01
9.043904789976133785e-01
9.146398963453907793e-01
9.268482395791547424e-01
9.409172811025876548e-01
9.567185539601177346e-01
9.719315771373627788e-01
9.734733373946506951e-01
9.753318581730648917e-01
9.526619545918376675e-01
9.280732190002327631e-01
9.040219570068789290e-01
8.808844360823030462e-01
8.590142385751651233e-01
8.389844642534428631e-01
8.219271202016822375e-01
8.081095197110905737e-01
7.973508821965091808e-01
7.892902067518934306e-01
7.835188242693282845e-01
7.796507449904455100e-01
7.774279709857161436e-01
7.767088299302130627e-01
7.774291653301845795e-01
7.795869638217022279e-01
7.832376878281953614e-01
7.885020247339460386e-01
7.955841870670186111e-01
8.048164052368327326e-01
8.166656029269727668e-01
8.316102392377758834e-01
8.500838418120781892e-01
8.724467031767648706e-01
8.985421771241455247e-01
9.268914394597272954e-01
9.568983864903788383e-01
9.833454219012324193e-01
9.750598769271728861e-01
9.509540999852212906e-01
9.266132688679199481e-01
9.028121679471998728e-01
8.807556180486799668e-01
8.607473040391184771e-01
8.432547403842913791e-01
8.289345331041336751e-01
8.180173905075390772e-01
8.102563433834556461e-01
8.052190330079443958e-01
8.025702505867163827e-01
8.021213089956746867e-01
8.038283554456285840e-01
8.077880993191306480e-01
8.142425380973022930e-01
8.235915070257939785e-01
8.363816128900857239e-01
8.531846762248684879e-01
8.742408080466199660e-01
8.988551069743949684e-01
9.263514767965316254e-01
9.564128317033395721e-01
9.604435273774545312e-01
9.421814460826196669e-01
9.012154807109249433e-01
8.616153771636054781e-01
8.241358005209747928e-01
7.925452357421809424e-01
7.691378837716824624e-01
7.529982503599959021e-01
7.414991019725002408e-01
7.330224392467253880e-01
7.268939197719961332e-01
7.225950349188631217e-01
7.197217921537880647e-01
7.180261883534330147e-01
7.173783349624252015e-01
7.177182554757725041e-01
7.190357410718857256e-01
7.213676898644746371e-01
7.248081668641634945e-01
7.295367181672895995e-01
7.358819420043866133e-01
7.443504655781357782e-01
7.555414331671634898e-01
7.700714754369267778e-01
7.889666099582185455e-01
8.145081380016667705e-01
8.487630265588939071e-01
8.924368125110937466e-01
9.412922776922540979e-01
9.501370845602119530e-01
9.156014696153396137e-01
8.747121214044436543e-01
8.365919705745045176e-01
8.039966233048718713e-01
7.811121036189772049e-01
7.659106246390398054e-01
7.552609728379635623e-01
7.476594294704085319e-01
7.423228495260310034e-01
7.387740871714455482e-01
7.367320349504452581e-01
7.360598272854118607e-01
7.367254505546382282e-01
7.387825825493707921e-01
7.423783104311443282e-01
7.477821999608940118e-01
7.554243686006625325e-01
7.658754847265933918e-01
7.798649753373244620e-01
7.993117310397185316e-01
8.271250854882016279e-01
8.664528361822024793e-01
9.154725088631818775e-01
9.109064205238087686e-01
8.543949734633594639e-01
7.903493438477211530e-01
7.412845885959051806e-01
7.136990454186218358e-01
6.969354795624806975e-01
6.858841413572852597e-01
6.779965315400277026e-01
6.720580985263880924e-01
6.675847972118693630e-01
6.643192553926419164e-01
6.620832403974622471e-01
6.607560640144689579e-01
6.602555812833459381e-01
6.605274336718347516e-01
6.615406203214277969e-01
6.632865371117504516e-01
6.657816715005462349e-01
6.690740637210835784e-01
6.732575417112164340e-01
6.784797506937312317e-01
6.849433283541964679e-01
6.930494428975064736e-01
7.035778604747839893e-01
7.183960353622131922e-01
7.404356810388841303e-01
7.725645952928622551e-01
8.197718773201631004e-01
8.787351294491297926e-01
8.644310789411044915e-01
8.029817301473974878e-01
7.588814789062302557e-01
7.344119621787096319e-01
7.197047977037471789e-01
7.098800708016488326e-01
7.025410689595640301e-01
6.967587086166971977e-01
6.921803340412689964e-01
6.883851441897358425e-01
6.849800978882387703e-01
6.834126667377314890e-01
6.836274815156204721e-01
6.854289613352864130e-01
6.874769146562634825e-01
6.907546245629843096e-01
6.953294261592828374e-01
7.013356158744649127e-01
7.090688074967795851e-01
7.190033316579553802e-01
7.320768647201030266e-01
7.508957826947537662e-01
7.781933801786180549e-01
8.222948185498852869e-01
8.180902220200889641e-01
7.231385967405623560e-01
6.679504025449657378e-01
6.492846095947598650e-01
6.358417132090606882e-01
6.260519372022057549e-01
6.187981087382578016e-01
6.133880377264654404e-01
6.094318630562272077e-01
6.066986030155135934e-01
6.050233860220425308e-01
6.042590875898302683e-01
6.042598074916269990e-01
6.048842212595693102e-01
6.060183168500118400e-01
6.075903504222339713e-01
6.095814042925459253e-01
6.120253733852535349e-01
6.150115231124566595e-01
6.186765791017089233e-01
6.232018900725676547e-01
6.288203787081461105e-01
6.358705926659723451e-01
6.449538250184970734e-01
6.569711967991964663e-01
6.736801833433847531e-01
6.990078478026341413e-01
7.437997110616398899e-01
7.511282985669639478e-01
7.338330214834413168e-01
6.877035050727324794e-01
6.705604855806619469e-01
6.596940456808386699e-01
6.518841232631535920e-01
6.423894575552183683e-01
6.340302781914423091e-01
6.267920018005218585e-01
6.208019852798055682e-01
6.162152418284515543e-01
6.131526254711734403e-01
6.117025474320527678e-01
6.119100322547260662e-01
6.137913781878469033e-01
6.173208735375382838e-01
6.224367001472059791e-01
6.290290090371734033e-01
6.369539314295239452e-01
6.460695523942091567e-01
6.563243174877612107e-01
6.679074832161461250e-01
6.816231377393204838e-01
6.988934537990039164e-01
6.817340270455412021e-01
6.744909220333404898e-01
5.939259076132494819e-01
5.873866600384936021e-01
5.784700037669079364e-01
5.708760908753192087e-01
5.643650171841256835e-01
5.588335719428563220e-01
5.541097260046342621e-01
5.501510607788161478e-01
5.439352881721203348e-01
5.418214689774832893e-01
5.405304079668771244e-01
5.392152490412641663e-01
5.395410610044610866e-01
5.401577763227725093e-01
5.415528756330847404e-01
5.435099848312883175e-01
5.454480102387494478e-01
5.464778260566661716e-01
5.479649738391605407e-01
5.491431189974836924e-01
5.499738655333016313e-01
5.503583257057128586e-01
5.503713953412667781e-01
5.500436594516009414e-01
5.495908071906276948e-01
5.494344922243125096e-01
5.502669283046648374e-01
5.528568847134531783e-01
5.577751720923352918e-01
5.654055590191123803e-01
5.763286108708810529e-01
5.919886500926675454e-01
6.032642282673188472e-01
6.161597063775583472e-01
6.308331648750655773e-01
6.473389724813114476e-01
6.381914994412897224e-01
6.260067956468834405e-01
6.144126884159066826e-01
6.033708006140171554e-01
5.932568320627744640e-01
5.845308620648708153e-01
5.773064727361221227e-01
5.711840574905022727e-01
5.658075926314614090e-01
5.608378703165960433e-01
5.561950009667262496e-01
5.518235031224749676e-01
5.477823650838486991e-01
5.441142938500376225e-01
5.408265742049949143e-01
5.379264304555353426e-01
5.317371746343855232e-01
5.272764070737880893e-01
5.254474564474690412e-01
5.256274013973925019e-01
5.283623963477592778e-01
5.321139565462782439e-01
5.359627061865486208e-01
5.414600457566989267e-01
5.485589850354942731e-01
5.570531402880819494e-01
5.667172540348993648e-01
5.774862577670486496e-01
5.895868150399795615e-01
6.028390173108432171e-01
6.098321074931114527e-01
6.166360261855714509e-01
6.055889234066867965e-01
5.863953254435758655e-01
5.699972626133044118e-01
5.561102104111481648e-01
5.445871651132081492e-01
5.349603791161212651e-01
5.268420291697663016e-01
5.198445541630767330e-01
5.138373289026493262e-01
5.111594980943335864e-01
5.089384917989858703e-01
5.055221941193110968e-01
5.042504838188425209e-01
5.035502371866772409e-01
5.029831825061169548e-01
5.031746035449137233e-01
5.042915853647319535e-01
5.061316455830068284e-01
5.085729527581399623e-01
5.107987532487452409e-01
5.130198117642124078e-01
5.173863232407398538e-01
5.196528205349936202e-01
5.137992672703335373e-01
5.084399227195987025e-01
5.021674023462315839e-01
4.990580639059990498e-01
4.986060081087401730e-01
5.005851356131947316e-01
5.057295926835757571e-01
5.137197629708858404e-01
5.251348483152553648e-01
5.319038962968846151e-01
5.259018814536993158e-01
5.182343716197974626e-01
5.095922742806091588e-01
5.014520938660188554e-01
4.957596280331368899e-01
4.946397516454735799e-01
4.946381207247233514e-01
4.957641431965384982e-01
4.979254738189475282e-01
5.013080539164722627e-01
5.062041320734756988e-01
5.132503623916988555e-01
5.229591645980510295e-01
5.297670890876975403e-01
5.369140398424635530e-01
5.447225179347997548e-01
5.530553974754486291e-01
5.619201315345183634e-01
5.712614477474742269e-01
5.771401940454997659e-01
5.796912146130018817e-01
5.745985577333538874e-01
5.696678560918799761e-01
5.643306927370781434e-01
5.586185823568450282e-01
5.528216843832581828e-01
5.470074611667091746e-01
5.412459494560403206e-01
5.358973421044050944e-01
5.287359647107717775e-01
5.221922915017421785e-01
5.151402310942966301e-01
5.089434583535803469e-01
5.025555183967448380e-01
4.965814017546296699e-01
4.910274506278643480e-01
4.855793568470996857e-01
4.806629616265434835e-01
4.760194396164034725e-01
4.683881044185259634e-01
4.612293979136807276e-01
4.557630890782715660e-01
4.519693488820768490e-01
4.493547363518759497e-01
4.457846985847676025e-01
4.441230438676911363e-01
4.436686661212645433e-01
4.447283978468700716e-01
4.467107843426900149e-01
4.504329058837501232e-01
4.560451459996438528e-01
4.636180656638368980e-01
4.738900944711244012e-01
4.863431170967592587e-01
5.006647116992448687e-01
5.157812969502401090e-01
5.314405599361811117e-01
5.398539840102752896e-01
5.453616823883711273e-01
5.498414303683542004e-01
5.536742477817941932e-01
5.471358057253393747e-01
5.284195655702926819e-01
5.113148540063443548e-01
5.032008224248565309e-01
4.960573006422588360e-01
4.893119246696280289e-01
4.831045603845005032e-01
4.774875222416685161e-01
4.722557506393505466e-01
4.675548706256578146e-01
4.631592208471853045e-01
4.591322783134289542e-01
4.553264836714391306e-01
4.517222655945132836e-01
4.482720086658793512e-01
4.449252492890507504e-01
4.417387686116229228e-01
4.386757593179057002e-01
4.358356637478050244e-01
4.331734220664295587e-01
4.307602697551750071e-01
4.285701437479192966e-01
4.266689502301625470e-01
4.250668315967586208e-01
4.238274072839874340e-01
4.229830727463482209e-01
4.225553021611382354e-01
4.225513525936245851e-01
4.229810692439346376e-01
4.238234158049978828e-01
4.250664704325564647e-01
4.266742151831990904e-01
4.305075029438836798e-01
4.341066146718621788e-01
4.292274859353762406e-01
4.178260735197854570e-01
4.121456283054494851e-01
4.073877508102867750e-01
4.071676087513932396e-01
4.095566834120457078e-01
4.142585032383691024e-01
4.195684449067800248e-01
4.246723437116038946e-01
4.307655438994421049e-01
4.388449503945630048e-01
4.496232916790030010e-01
4.631761918850693660e-01
4.537058156705932044e-01
4.419656621232890270e-01
4.304581500703296149e-01
4.261809439022544166e-01
4.241561629498724617e-01
4.236397305950824754e-01
4.244519256537206964e-01
4.263179928216905834e-01
4.296193964263070320e-01
4.351936628974610310e-01
4.395005567820778336e-01
4.447318072745385376e-01
4.507275640733683919e-01
4.574219630949493687e-01
4.648568851533463886e-01
4.818406206052748830e-01
4.981319679036356751e-01
5.077814263321894783e-01
5.179162314021115154e-01
5.283950185809934696e-01
5.391571907988587098e-01
5.372789635852857071e-01
5.321264838861581303e-01
5.271982321207761002e-01
5.218930517578662664e-01
5.167193025295754305e-01
5.058744530902268277e-01
4.999906591281290114e-01
4.942710776477665102e-01
4.885226165454250591e-01
4.826370773897001865e-01
4.768961458563177325e-01
4.711728310767460681e-01
4.654539720907314715e-01
4.598293498779387756e-01
4.543014096895927056e-01
4.489131005674901753e-01
4.436009295543160147e-01
4.370013508842872096e-01
4.304646756682616870e-01
4.242507458003990650e-01
4.138617428131991516e-01
4.078379526800697819e-01
3.997342380234082948e-01
3.924773771731088767e-01
3.887174525574631501e-01
3.845227843165540116e-01
3.804250003816253556e-01
3.784078951420113968e-01
3.768358766012890881e-01
3.764469972484933979e-01
3.778644581645977385e-01
3.801796488774864535e-01
3.830945079834883749e-01
3.856645015616632088e-01
3.897124346008134510e-01
3.950727427018957405e-01
4.034094612653922329e-01
4.147629084743372219e-01
4.302884755910985626e-01
4.482472619952591053e-01
4.685248597315288532e-01
4.808233003726761212e-01
4.933611379524208695e-01
5.062481944730895522e-01
5.153530201576373981e-01
5.095457165760520768e-01
4.975540622739186292e-01
4.864835274652914987e-01
4.761061026236169669e-01
4.663952961157865618e-01
4.574662556237594768e-01
4.492806351870705650e-01
4.416888417683145773e-01
4.348205641601953775e-01
4.286278705025981517e-01
4.228709715539183955e-01
4.177069949067367949e-01
4.129568045166177037e-01
4.085921198673121424e-01
4.044907643137541364e-01
4.004293818801691884e-01
3.963298455136080034e-01
3.920033110871983251e-01
3.874077761835874600e-01
3.825769335197549692e-01
3.777241159730234665e-01
3.729215921445613313e-01
3.683637446717019093e-01
3.641419711827909023e-01
3.603432991177737410e-01
3.570717967890248423e-01
3.543705997236104577e-01
3.522826499828963787e-01
3.508029876876835873e-01
3.499127849241357446e-01
3.495677796430676221e-01
3.498268116864443056e-01
3.476093571401106530e-01
3.429128617434764603e-01
3.383477143588389802e-01
3.343046027017638755e-01
3.278858794490957518e-01
3.245865830862926793e-01
3.207011500406245497e-01
3.173946665809816992e-01
3.158636570765195883e-01
3.153467987538838280e-01
3.159644271938084614e-01
3.172173882362736563e-01
3.190497732600662828e-01
3.211445506880382106e-01
3.238748141368717470e-01
3.274463067548711304e-01
3.319535072447656332e-01
3.394228673566631049e-01
3.503652123474676472e-01
3.630294345196448669e-01
3.771121671814903764e-01
3.824397790540161046e-01
3.885430666283781753e-01
3.964101747394454534e-01
4.044742176438759773e-01
4.104666664895776362e-01
4.216860075728967594e-01
4.377312009605988097e-01
4.472097439474465586e-01
4.581183291341140995e-01
4.612764656468491542e-01
4.613389251382926104e-01
4.615620166777129052e-01
4.618771366360343578e-01
4.607812097038108679e-01
4.579741873365408833e-01
4.526597046230030896e-01
4.496897013176613944e-01
4.467641205313213626e-01
4.436544817444447730e-01
4.403224197326156553e-01
4.368035172538830557e-01
4.329656181187960251e-01
4.288746062669175352e-01
4.266423742549023679e-01
4.221644929226321397e-01
4.173787516636139894e-01
4.092686701794404081e-01
4.005078756121204786e-01
3.920103638185626904e-01
3.840198341276368499e-01
3.764137752140067072e-01
3.693322737473610506e-01
3.627552337128098214e-01
3.580381313152057876e-01
3.537771140631024158e-01
3.498342208399910502e-01
3.431554704883143514e-01
3.398488140264008806e-01
3.348755980056050685e-01
3.308933602609358537e-01
3.289201214634909776e-01
3.276414776974461152e-01
3.256398420800667992e-01
3.247494645837550320e-01
3.240154607822026134e-01
3.236531589154952870e-01
3.238931026816330716e-01
3.245247228194074740e-01
3.234881825094214070e-01
3.232976413274480376e-01
3.246996155316663191e-01
3.267975916584849316e-01
3.284998232201921664e-01
3.313664571454549845e-01
3.348457826423691386e-01
3.390190138304328693e-01
3.454240772878127697e-01
3.550926526725777799e-01
3.682847012777275553e-01
3.791586479742901639e-01
3.780232466247955836e-01
3.791340657853734530e-01
3.817172274525555964e-01
3.781619718891994220e-01
3.671768817244017713e-01
3.649884464122729044e-01
3.674100032790852954e-01
3.653564507231631953e-01
3.634491402270262350e-01
3.616453648664969545e-01
3.598997755034429313e-01
3.582121529032576412e-01
3.565897964064458359e-01
3.550286445553692549e-01
3.535219256820416045e-01
3.503674338960597878e-01
3.403888711859796579e-01
3.311268946057606688e-01
3.226362125095266764e-01
3.148323760403978766e-01
3.075669060202463334e-01
3.008104709076618866e-01
2.944590207047971808e-01
2.883961917294469712e-01
2.826614403215558791e-01
2.771647858411431797e-01
2.719445758828138993e-01
2.670231073507740582e-01
2.624415603200608849e-01
2.582452688887219572e-01
2.544488517350212420e-01
2.510641499178706826e-01
2.480842699498134740e-01
2.455449342879158781e-01
2.434047797357424825e-01
2.416923410716181608e-01
2.403477312487987405e-01
2.393747453464115660e-01
2.387197381314377365e-01
2.383676846009820105e-01
2.382691707742357057e-01
2.383945866087701371e-01
2.387065344939597877e-01
2.391640155102150167e-01
2.365954087783328219e-01
2.336916663201270561e-01
2.318037704439538382e-01
2.306737976658843614e-01
2.302703417258104290e-01
2.309783949462227148e-01
2.317244960231186479e-01
2.337309372516657990e-01
2.359089095082334275e-01
2.383376426315093888e-01
2.410480966054084906e-01
2.443294535515495303e-01
2.438561847540832994e-01
2.433424788146890116e-01
2.430494255191786024e-01
2.438653621191859133e-01
2.475602033214169273e-01
2.522474141150453097e-01
2.592047017802789344e-01
2.676303387364148967e-01
2.747909895322167007e-01
2.795302168465462200e-01
2.796085200618519950e-01
2.789786820650583254e-01
2.779968014738917192e-01
2.766768540236220209e-01
2.731845328183202248e-01
2.695044905487872233e-01
2.632490734149501299e-01
2.531093513480982549e-01
2.399471080208785967e-01
2.262390195328763121e-01
2.137674086740969370e-01
2.031600734593824731e-01
1.876358993971018463e-01
1.735256472584364995e-01
1.616029096193600523e-01
1.514994426020060125e-01
1.427891920107549062e-01
1.352874149200662957e-01
1.287639309012041933e-01
1.230459725172518698e-01
1.150838031047321103e-01
1.090432477714435855e-01
1.063610254654474008e-01
1.036334314220892644e-01
1.003303671748438097e-01
9.711668176575907752e-02
9.410149045574119075e-02
9.169682805340859111e-02
8.959263527523067538e-02
8.763441937046723140e-02
8.570384055477361929e-02
8.369629948383441875e-02
8.189388899330946048e-02
8.009989365896331981e-02
7.824342884431276235e-02
7.659893153493023410e-02
7.496933744795226950e-02
7.331567423413082318e-02
7.184709440916331458e-02
7.041275804299156060e-02
6.841690056985506863e-02
6.590762967435867536e-02
6.385131526187175222e-02
6.220132124859233114e-02
6.091489068849328947e-02
5.993052652285269649e-02
5.967364620548036569e-02
6.077642559480860712e-02
6.412698622237592017e-02
6.845699356461791563e-02
7.455643538179081153e-02
8.363287383840126155e-02
9.520190426668945216e-02
1.099400476864092341e-01
1.285955964723940470e-01
1.449973088910744279e-01
1.583778915508229634e-01
1.735366503094702417e-01
1.910735762082639289e-01
1.948906097735688403e-01
1.932098761309811452e-01
1.920155632505690102e-01
1.901042501609666036e-01
1.886059410001801606e-01
1.875502009596962949e-01
1.865295633007694187e-01
1.855443063538435022e-01
1.845937993899792184e-01
1.836766391607600468e-01
1.827911820886889693e-01
1.819352400637689049e-01
1.811077111703442433e-01
1.797779979364381164e-01
1.789098094068055644e-01
1.780142619610441679e-01
1.773440824816562011e-01
1.768400024003318194e-01
1.763354009033589187e-01
1.758254738723849242e-01
1.749362959175133625e-01
1.742574630487430110e-01
1.733115136719486915e-01
1.726099033563021912e-01
1.720453225423612953e-01
1.710653944705438356e-01
1.703627029368884882e-01
1.698027163710567056e-01
1.692475174083627187e-01
1.686993078887636111e-01
1.677620142192216557e-01
1.671816085209374414e-01
1.667504269715808229e-01
1.663253239495555702e-01
1.659073285339993931e-01
1.654980034225154717e-01
1.650977674385692429e-01
1.647069705432719910e-01
1.643267747425487535e-01
1.639577081040357043e-01
1.636002190522956035e-01
1.632547042246222935e-01
1.629214434797366939e-01
1.626015358925729792e-01
1.622957165983650585e-01
1.620043653549034235e-01
1.615174578840499753e-01
1.612367076407165700e-01
1.610131332932685511e-01
1.606477319574470264e-01
1.603333721157362002e-01
1.601027596407462450e-01
1.599583192429673006e-01
1.599253112838451008e-01
1.599203902446959535e-01
1.599721516580628888e-01
1.601225992204810544e-01
1.603544656834745008e-01
1.607626148909990227e-01
1.612779061370719635e-01
1.618875795882417090e-01
1.625801318098077097e-01
1.639555008296327554e-01
1.652720347722806404e-01
1.673398139092038550e-01
1.697724156380362448e-01
1.722606335452156745e-01
1.748130996854189156e-01
1.775539212946623535e-01
1.807546597299821423e-01
1.846583500363052632e-01
1.891932511345915668e-01
1.938938691399226533e-01
1.978497182149513700e-01
1.993369103433313694e-01
1.999794407769592830e-01
1.952321877202758127e-01
1.883222313195168085e-01
1.841471271830337486e-01
1.814865407400870767e-01
1.790457179340322336e-01
1.768010849173374810e-01
1.747101904532213645e-01
1.727318746813489292e-01
1.708319849547464409e-01
1.689793767499540578e-01
1.671529858189577944e-01
1.653456100913879012e-01
1.635598316984488432e-01
1.618047714777103019e-01
1.600941982765775318e-01
1.584412550936500907e-01
1.568552643558289994e-01
1.553365840801601561e-01
1.538676957502505271e-01
1.524130479028648066e-01
1.509315816615734440e-01
1.494195509251524667e-01
1.478908457964034917e-01
1.468219439662895864e-01
1.455757246994203447e-01
1.440377969213684217e-01
1.429599215928937239e-01
1.417257682549775966e-01
1.406503950733480612e-01
1.394323345492999300e-01
1.379303837502276198e-01
1.368776902730860223e-01
1.357089058407185134e-01
1.342737857983311300e-01
1.328763207329364260e-01
1.315249810223610705e-01
1.302255745421139199e-01
1.289846280259935030e-01
1.278065182157005486e-01
1.266939174777639010e-01
1.256500091752041359e-01
1.246761741754195546e-01
1.237740685024023013e-01
1.229454370116318390e-01
1.221911070709121028e-01
1.215126016002125164e-01
1.209091531578290468e-01
1.203799699087965552e-01
1.199230690799599625e-01
1.195349300314088037e-01
1.191085607795961954e-01
1.187324991184652290e-01
1.187443184094417181e-01
1.192871268960445236e-01
1.204821260823527307e-01
1.215021453795426531e-01
1.233503824907317414e-01
1.260083278206283741e-01
1.293707703760507421e-01
1.335597742051697900e-01
1.386472302978771776e-01
1.445850415134051214e-01
1.439003046220982962e-01
1.388965334517578698e-01
1.361794417167015991e-01
1.345957390800346098e-01
1.330444168657681225e-01
1.314670176381651789e-01
1.298272366238348852e-01
1.287096583434200470e-01
1.279356332339829372e-01
1.273085171643488778e-01
1.268913579697177885e-01
1.266918201676407452e-01
1.266690892257404666e-01
1.267607594534792825e-01
1.269105116332835959e-01
1.270867462388023672e-01
1.272746205817958665e-01
1.274633147044850479e-01
1.276436373174742733e-01
1.278083655231694871e-01
1.279525734874956688e-01
1.280734678813943705e-01
1.281672869077005172e-01
1.282324326154964389e-01
1.282692501528244766e-01
1.282791962469211622e-01
1.282646464484544502e-01
1.282292244911737433e-01
1.281776823745276184e-01
1.281137452410353594e-01
1.280400950087736134e-01
1.279597994711153264e-01
1.278762665278494193e-01
1.277930015248323892e-01
1.277129764841365700e-01
1.276390180722713763e-01
1.275740109155157065e-01
1.275208043850036277e-01
1.274824994750752005e-01
1.274623813056114108e-01
1.274638094563847190e-01
1.274902565258147769e-01
1.275450703623099147e-01
1.276310749951735379e-01
1.277508489756001842e-01
1.279065684065750497e-01
1.281000029440834409e-01
1.285205621753373606e-01
1.291593624034870769e-01
1.299601449159772937e-01
1.302590664750705729e-01
1.306249209837004599e-01
1.308906334505512414e-01
1.314843024352826129e-01
1.322019058725502905e-01
1.329371829485526957e-01
1.336800127696760321e-01
1.345817611413200887e-01
1.359098441417253555e-01
1.376975756341443091e-01
1.399175830073468851e-01
1.400809083422691059e-01
1.144708384608046220e-01
9.895995293025790229e-02
8.790000495613861653e-02
7.730290442210659141e-02
6.711206439675339308e-02
5.730971143766987186e-02
5.095533474585819955e-02
4.639199940681341255e-02
4.197157181156501576e-02
3.770890762946686042e-02
3.361597378604499337e-02
2.970486659538809637e-02
2.598563152689427336e-02
2.246474854886412048e-02
1.914839057042701242e-02
1.604185163105154716e-02
1.314837226251815150e-02
1.046961750589774261e-02
8.004739475618867506e-03
7.960045102400330197e-03
8.613512616058367766e-03
1.003641926110798721e-01
9.632568259181133186e-02
9.353498581471761386e-02
