0.000000000000000000e+00
-4.151440279056836251e-10
-1.719610940625489856e-09
-3.986558144749074184e-09
-8.204461150856543013e-09
-1.579086056153610564e-08
-2.730630573909191019e-08
-4.379936225233043693e-08
-6.698038505200439698e-08
-9.744892344624220868e-08
-1.351679827285252796e-07
-1.811255106924754536e-07
-2.369855806420180858e-07
-3.042015838681275179e-07
-3.835809072105488381e-07
-4.758838907109010143e-07
-5.836250626517174991e-07
-7.102255338327942935e-07
-8.575632145992976440e-07
-1.028075983224674819e-06
-1.226581428445214501e-06
-1.456516181325644449e-06
-1.720139247955798136e-06
-2.022475400853342739e-06
-2.368137255604307580e-06
-2.759278694040574569e-06
-3.200557821911976761e-06
-3.697661820827989710e-06
-4.253371976462689839e-06
-4.871790417560963618e-06
-5.558531038680736191e-06
-6.316351456365203633e-06
-7.148505808376770564e-06
-8.060617426179641988e-06
-9.056153007678012713e-06
-1.013734047754330270e-05
-1.130834242918669990e-05
-1.257298912173048754e-05
-1.393390723305636665e-05
-1.539475613161371071e-05
-1.695932853452319949e-05
-1.863032215454726021e-05
-2.041113809425453894e-05
-2.230535501660879330e-05
-2.431502037186062488e-05
-2.644245981599202986e-05
-2.869039727479212896e-05
-3.105989097412243798e-05
-3.355192278937429637e-05
-3.616829685598348988e-05
-3.890917159462050772e-05
-4.177360883699032595e-05
-4.476160027191241795e-05
-4.787242725986451061e-05
-5.110391024786731007e-05
-5.445433852759352131e-05
-5.792159734898985591e-05
-6.150193988216792285e-05
-6.519204533554821758e-05
-6.898897424644961148e-05
-7.288821893752771839e-05
-7.688513570340769197e-05
-8.097603482239391578e-05
-8.515626305293019641e-05
-8.942038094403744451e-05
-9.376366056494088452e-05
-9.818088208392547239e-05
-1.026658794200195472e-04
-1.072129606248816726e-04
-1.118163447947015534e-04
-1.164695002706398407e-04
-1.211661369928093473e-04
-1.258998564410348262e-04
-1.306636280544828705e-04
-1.354508626981444880e-04
-1.402551733842412817e-04
-1.450694470733639824e-04
-1.498867780377607451e-04
-1.547007818252724024e-04
-1.595047649858639981e-04
-1.642923185808734790e-04
-1.690577711982762642e-04
-1.737954513320086303e-04
-1.785000971310246880e-04
-1.831674950990398395e-04
-1.877936189109532042e-04
-1.923745068965176919e-04
-1.969071738177936176e-04
-2.013891612840426864e-04
-2.058180151152531250e-04
-2.101921284283383810e-04
-2.145107049324155863e-04
-2.187729858015718010e-04
-2.229788132648869987e-04
-2.271289588659183313e-04
-2.312243484190323482e-04
-2.352662421603284450e-04
-2.392566194918601004e-04
-2.431974662138958133e-04
-2.470907634659047481e-04
-2.509390284751137506e-04
-2.547447404121721106e-04
-2.585100548352628393e-04
-2.622373921962414833e-04
-2.659290657844790820e-04
-2.695866873830537872e-04
-2.732115544246048965e-04
-2.768043880737290369e-04
-2.803645212300535450e-04
-2.838901842314736309e-04
-2.873785944124072336e-04
-2.908251419387514235e-04
-2.942234704049444130e-04
-2.975658525044983784e-04
-3.008425891997321393e-04
-3.040419672054971829e-04
-3.071508402331948819e-04
-3.101542404117746746e-04
-3.130351297661877860e-04
-3.157751507373609797e-04
-3.183547426557689348e-04
-3.207528778621642493e-04
-3.229477900220439012e-04
-3.249175774016435127e-04
-3.266401338403517279e-04
-3.280936715972194648e-04
-3.292573337507468832e-04
-3.301110140317632842e-04
-3.306354171181765549e-04
-3.308123646229728636e-04
-3.306242947005858315e-04
-3.300536822591606991e-04
-3.290828801082974569e-04
-3.276933212906845902e-04
-3.258643279587771966e-04
-3.235724409596945380e-04
-3.207905859335510781e-04
-3.174868838380069756e-04
-3.136240326491276280e-04
-3.091589831835234430e-04
-3.040425829181144673e-04
-2.982199834563697386e-04
-2.916316024204808365e-04
-2.842139578680743660e-04
-2.759009944703631929e-04
-2.666259780341756632e-04
-2.563230071577190031e-04
-2.449283237029674766e-04
-2.323818688381631547e-04
-2.186284744399176721e-04
-2.036186738203711914e-04
-1.873096342589014541e-04
-1.696657885157374008e-04
-1.506590641443370676e-04
-1.302693000791517626e-04
-1.084845289152014993e-04
-8.530074105761314160e-05
-6.072171975125696376e-05
-3.475901083724860314e-05
-7.431605715754358867e-06
2.123427468164055181e-05
5.120504865936464575e-05
8.243961854823718112e-05
1.148889746213731239e-04
1.484954259838828323e-04
1.831919626503160706e-04
2.189017296183850745e-04
2.555373968251166200e-04
2.930009145902920300e-04
3.311838162409341401e-04
3.699676647242564499e-04
4.092247600878871861e-04
4.488192511131763548e-04
4.886082837308236343e-04
5.284432203459362353e-04
5.681711500094831528e-04
6.076363891115247337e-04
6.466819866905208162e-04
6.851516332963943296e-04
7.228917538842925860e-04
7.597535025372882059e-04
7.955948988354195591e-04
8.302829787686490321e-04
8.636955551865347020e-04
8.957226770535515158e-04
9.262678134200283148e-04
9.552485260760096991e-04
9.825968419816316288e-04
1.008259596291325409e-03
1.032198624207625488e-03
1.054390926072380774e-03
1.074829069018450696e-03
1.093521630358807329e-03
1.110493516940865488e-03
1.125786258500845660e-03
1.139458106046066120e-03
1.151583739139715439e-03
1.162253711721482124e-03
1.171573661271565038e-03
1.179663225345531146e-03
1.186654869645619717e-03
1.192691588312748191e-03
1.197925539497577980e-03
1.202519060536387735e-03
1.206642558575593939e-03
1.210471040761197008e-03
1.214183853527632442e-03
1.217962678013578175e-03
1.221986934157365604e-03
1.226431437461337169e-03
1.231463319412014331e-03
1.237236411981603628e-03
1.243889505785012589e-03
1.251548361769903644e-03
1.260324992116021448e-03
1.270313039368461093e-03
1.281583454580057175e-03
1.294183138633775432e-03
1.308134588056297743e-03
1.323434862759718771e-03
1.340055968163196684e-03
1.357945343571176659e-03
1.377024501159137973e-03
1.397191396152572870e-03
1.418324130616368303e-03
1.440276617383466715e-03
1.462875402352573984e-03
1.485925014749932315e-03
1.509207659984830932e-03
1.532480147906572100e-03
1.555480061030946066e-03
1.577928037353153266e-03
1.599527369110749454e-03
1.619976432592200094e-03
1.638978458239993830e-03
1.656242538161869495e-03
1.671494030552143429e-03
1.684483460073903528e-03
1.694983970411846315e-03
1.702797604621598482e-03
1.707766069540441432e-03
1.709768447552960802e-03
1.708722674704496241e-03
1.704597087027152598e-03
1.697410745741988018e-03
1.687229586616380197e-03
1.674172180087023449e-03
1.658407280638607168e-03
1.640143138381922397e-03
1.619627329202681177e-03
1.597144189162235349e-03
1.573000506943467635e-03
1.547519488241655026e-03
1.521041831134054044e-03
1.493918123279999819e-03
1.466504000182239625e-03
1.439164669294360540e-03
1.412271439896662598e-03
1.386193078469393066e-03
1.361295845294015119e-03
1.337940388266230934e-03
1.316470751876601050e-03
1.297210391399999680e-03
1.280460598367821629e-03
1.266491970730284364e-03
1.255540831083456262e-03
1.247811042458547024e-03
1.243468082279193618e-03
1.242633284241170246e-03
1.245385433992948461e-03
1.251756913527060774e-03
1.261726029412800227e-03
1.275216023178655199e-03
1.292092278231379669e-03
1.312156551748350653e-03
1.335150339196830571e-03
1.360761352239293551e-03
1.388625885576386196e-03
1.418336792008011334e-03
1.449454999793568007e-03
1.481515126953592042e-03
1.514032520278198136e-03
1.546513784848409798e-03
1.578461248854225825e-03
1.609376511567767783e-03
1.638770134966856164e-03
1.666169078722065221e-03
1.691120979472292936e-03
1.713203217561518011e-03
1.732032171206042285e-03
1.747268440480202398e-03
1.758623988994632023e-03
1.765868649893810940e-03
1.768830196110906909e-03
1.767393986393779723e-03
1.761504693964459573e-03
1.751164688042500294e-03
1.736432378425365689e-03
1.717424566778487371e-03
1.694317590954982303e-03
1.667347110798838867e-03
1.636810332245251321e-03
1.603066380871801325e-03
1.566532469333362142e-03
1.527679907461899781e-03
1.487028780065911219e-03
1.445139161302005622e-03
1.402602579526874595e-03
1.360033815656211268e-03
1.318060521446601848e-03
1.277314159922599349e-03
1.238423507083301995e-03
1.202006352512953544e-03
1.168660085076536062e-03
1.138953298987035708e-03
1.113415394246951035e-03
1.092524573393619143e-03
1.076697738516054891e-03
1.066280841072516066e-03
1.061539461932314897e-03
1.062653315633506953e-03
1.069713695878658430e-03
1.082721555347888583e-03
1.101588428720892687e-03
1.126139625238943912e-03
1.156116481898605440e-03
1.191179293380792642e-03
1.230911930764859398e-03
1.274825333650255041e-03
1.322360931853221828e-03
1.372896569752316042e-03
1.425753411488905539e-03
1.480204007923230369e-03
1.535483515896964284e-03
1.590801842175590527e-03
1.645355065884589922e-03
1.698337847346863098e-03
1.748955441907675120e-03
1.796433373674855873e-03
1.840027022318468626e-03
1.879031497851285128e-03
1.912790103872818483e-03
1.940703475988353119e-03
1.962240503704689148e-03
1.976948491316867906e-03
1.984462853233022201e-03
1.984517426908914781e-03
1.976952829759591034e-03
1.961722035178351930e-03
1.938894474475822815e-03
1.908657059599893398e-03
1.871311554345165976e-03
1.827270982683962394e-03
1.777055177107420567e-03
1.721284238418471389e-03
1.660671547050537964e-03
1.596016659655090115e-03
1.528196124153834894e-03
1.458152607087384372e-03
1.386883029921208953e-03
1.315424206750948543e-03
1.244836323045994718e-03
1.176186151265815050e-03
1.110529800518181981e-03
1.048895168552041240e-03
9.922658873747340104e-04
9.415667699575486910e-04
8.976501205980920049e-04
8.612838929554548183e-04
8.331414609383901290e-04
8.137914229110451746e-04
8.036877393826662901e-04
8.031609255312435790e-04
8.124097722509611430e-04
8.314942311542177335e-04
8.603307692134610184e-04
8.986899782177363476e-04
9.461965846726838082e-04
1.002332779966720643e-03
1.066444149404896166e-03
1.137747212540845534e-03
1.215338936402661843e-03
1.298207814719757811e-03
1.385245625480191955e-03
1.475260418720373851e-03
1.566991044893814361e-03
1.659122685804449542e-03
1.750303965670541072e-03
1.839166251580610012e-03
1.924344372117381321e-03
2.004498284479878847e-03
2.078335473840530346e-03
2.144632813824357779e-03
2.202256986509830514e-03
2.250183463006770294e-03
2.287513474937112774e-03
2.313488552694229188e-03
2.327503215740634422e-03
2.329115999656408090e-03
2.318058524232914468e-03
2.294242829249954450e-03
2.257766888145675954e-03
2.208917569364652993e-03
2.148170781075785674e-03
2.076188691736573482e-03
1.993813493598178919e-03
1.902057656083503464e-03
1.802091178599491989e-03
1.695226136955560589e-03
1.582899015168552203e-03
1.466651667902398341e-03
1.348111226806128276e-03
1.228968894712074598e-03
1.110957833814402379e-03
9.958301317703982612e-04
8.853325498625332860e-04
7.811812253850614583e-04
6.850357379109766427e-04
5.984728133494163129e-04
5.229603451801439562e-04
4.598326672721205583e-04
4.102675831402642875e-04
3.752655963485259055e-04
3.556319332802171298e-04
3.519614801580463800e-04
3.646265208781136464e-04
3.937674093001253674e-04
4.392861021322251982e-04
5.008423648214647451e-04
5.778529816730382240e-04
6.694944035562100122e-04
7.747090008448434539e-04
8.922152552842811495e-04
1.020522138000811568e-03
1.157947416268728571e-03
1.302639586171633985e-03
1.452603102008176005e-03
1.605726150128929932e-03
1.759810252361572718e-03
1.912601313144137458e-03
2.061821622745259579e-03
2.205202368312116339e-03
2.340516514810773822e-03
2.465611802668564358e-03
2.578443468071473649e-03
2.677106450535185825e-03
2.759866644787731162e-03
2.825190402055529054e-03
2.871771595733044451e-03
2.898555645295725850e-03
2.904759820515852558e-03
2.889889452028536216e-03
2.853749977959520265e-03
2.796454719444447894e-03
2.718428413354765510e-03
2.620406728393181745e-03
2.503431794816146465e-03
2.368843616803787116e-03
2.218267323348120743e-03
2.053596126193571632e-03
1.876969791969856916e-03
1.690748696107473043e-03
1.497483691052117630e-03
1.299882057721205237e-03
1.100770094915346680e-03
9.030531423938886878e-04
7.096737638116619971e-04
5.235687959982346373e-04
3.476259882360538140e-04
1.846407570941088891e-04
3.727347129163627163e-05
-9.199221552770790017e-05
-2.008894777204752325e-04
-2.874063670467571704e-04
-3.498210979201062110e-04
-3.867338034165428737e-04
-3.970940839281222271e-04
-3.802236729882203900e-04
-3.358336490242399587e-04
-2.640358894644332342e-04
-1.653486052774187924e-04
-4.069588841426542198e-05
1.085985995771128319e-04
2.808236016864980745e-04
4.738977618288341544e-04
6.853924789279870582e-04
9.125599779041948653e-04
1.152366539358636250e-03
1.401530741779280368e-03
1.656566407837452770e-03
1.913829847306546678e-03
2.169570799687900974e-03
2.419986254497798975e-03
2.661276255638464570e-03
2.889700742896805525e-03
3.101636418635268441e-03
3.293632706047990369e-03
3.462465977562301147e-03
3.605191268330688176e-03
3.719190756749526580e-03
3.802218371247275980e-03
3.852439875127406342e-03
3.868467782615177958e-03
3.849390501406797869e-03
3.794795095624018365e-03
3.704783100260207809e-03
3.579978968182760679e-03
3.421530896270007747e-03
3.231103930249203549e-03
3.010865424972432834e-03
2.763463067819809087e-03
2.491995727929836087e-03
2.199977439939825117e-03
1.891294858604791393e-03
1.570158513239107781e-03
1.241048227736669170e-03
9.086531784624680454e-04
5.778071951076185981e-04
2.534200803823002317e-04
-5.959407037608925963e-05
-3.563904000255130344e-04
-6.322674093891096853e-04
-8.827403279447387698e-04
-1.103612385329197495e-03
-1.291042743880625558e-03
-1.441609986113145296e-03
-1.552370197398006109e-03
-1.620908826266745460e-03
-1.645385627343036753e-03
-1.624572057001299422e-03
-1.557880568601157896e-03
-1.445385327103520905e-03
-1.287833909187515802e-03
-1.086649645123242882e-03
-8.439243860130499946e-04
-5.624015953360726738e-04
-2.454497875617442956e-04
1.029735245433576206e-04
4.783671095791690851e-04
8.757401683310113080e-04
1.289674887474326218e-03
1.714396822578227514e-03
2.143852424603102155e-03
2.571792882211165927e-03
2.991863267585890065e-03
3.397695779396319674e-03
3.783005659049301118e-03
4.141688145629025472e-03
4.467914718837385363e-03
4.756226800776900202e-03
5.001625105075516858e-03
5.199652956288195252e-03
5.346472037080567466e-03
5.438929274164407655e-03
5.474614083324274606e-03
5.451905137700649440e-03
5.370006257457329846e-03
5.228971131143588837e-03
5.029716735063924707e-03
4.774025356007403562e-03
4.464535165594213199e-03
4.104719297324707986e-03
3.698853387572280903e-03
3.251971563437283576e-03
2.769810923078985798e-03
2.258744706038452992e-03
1.725704681456916717e-03
1.178092973564920896e-03
6.236841985510954874e-04
7.051887654950799063e-05
-4.732106224324431022e-04
-9.992800379118693503e-04
-1.499557238341166568e-03
-1.966128127553761970e-03
-2.391422124023847001e-03
-2.768334725422844089e-03
-3.090344700062273853e-03
-3.351623487495351567e-03
-3.547134691328016499e-03
-3.672721916941416778e-03
-3.725183620878132727e-03
-3.702334082248692933e-03
-3.603050026687089173e-03
-3.427302797933074775e-03
-3.176176154489147342e-03
-2.851869856828543378e-03
-2.457689196141473603e-03
-1.998020526862688551e-03
-1.478292714717602567e-03
-9.049242799865539998e-04
-2.852559326408708284e-04
3.725317644358818380e-04
1.059515714488668122e-03
1.766142428071390677e-03
2.482354418415287211e-03
3.197729742170834621e-03
3.901632940018814021e-03
4.583375065450244826e-03
5.232379909286739329e-03
5.838352989205835078e-03
6.391449708953745971e-03
6.882438678083168879e-03
7.302855743913098246e-03
7.645146840451802137e-03
7.902794998723566833e-03
8.070430204749779596e-03
8.143920492058911650e-03
8.120443900788637884e-03
7.998541219556119450e-03
7.778150162508766161e-03
7.460621888083818036e-03
7.048720995616082272e-03
6.546609912209812136e-03
5.959818245837649256e-03
5.295197177211341706e-03
4.560858368875815409e-03
3.766096503824774028e-03
2.921294269687663755e-03
2.037808147756279761e-03
1.127834067244597779e-03
2.042523630027833588e-04
-7.195458249037077697e-04
-1.629851110367120043e-03
-2.512843629697663218e-03
-3.354812094210165262e-03
-4.142379476658197140e-03
-4.862728908660233183e-03
-5.503823458553225474e-03
-6.054613547870139369e-03
-6.505227087373285401e-03
-6.847137108038259430e-03
-7.073303404823593453e-03
-7.178288244025383784e-03
-7.158343828953598643e-03
-7.011474013454381884e-03
-6.737472283459604305e-03
-6.337938413372139895e-03
-5.816276362333834375e-03
-5.177675753182539413e-03
-4.429078321871088297e-03
-3.579129077004266583e-03
-2.638110476339004633e-03
-1.617857166057784599e-03
-5.316475098886234030e-04
6.059301424123453381e-04
1.779140835556803886e-03
2.971298559186691998e-03
4.164993856477161409e-03
5.342352244080863025e-03
6.485319593432108815e-03
7.575967345374861814e-03
8.596808908566417468e-03
9.531114066392237447e-03
1.036322067839438345e-02
1.107881690513699315e-02
1.166518851092220206e-02
1.211143336085209778e-02
1.240863194863245540e-02
1.254997380794560177e-02
1.253084159499012924e-02
1.234885748456016584e-02
1.200389854821073791e-02
1.149808896977779805e-02
1.083577603773659172e-02
1.002349538568630093e-02
9.069928355504085909e-03
7.985852085476913623e-03
6.784079710811929433e-03
5.479385141054006828e-03
4.088403648070015189e-03
2.629500617391513240e-03
1.122601334128057017e-03
-4.110318181917814321e-04
-1.949073436046681786e-03
-3.468465323527933179e-03
-4.945793524835532216e-03
-6.357707403088407039e-03
-7.681361815170139988e-03
-8.894864255678971640e-03
-9.977712406324758254e-03
-1.091119323272820262e-02
-1.167874556030218045e-02
-1.226623635635721091e-02
-1.266216945674613834e-02
-1.285782573586193717e-02
-1.284733544391290262e-02
-1.262769752714015814e-02
-1.219875777698514914e-02
-1.156316267368164875e-02
-1.072630322533541826e-02
-9.696263941364051051e-03
-8.483780075839102153e-03
-7.102206007338728380e-03
-5.567487315810419786e-03
-3.898126077208812715e-03
-2.115121702320092029e-03
-2.418675139324413022e-04
1.696019222748168217e-03
3.670964331544147689e-03
5.653791191285944574e-03
7.614171208850787666e-03
9.521165563929026576e-03
1.134383952886584834e-02
1.305194151034226938e-02
1.461665076175489020e-02
1.601116961168994393e-02
1.721131879594339775e-02
1.819603003547214104e-02
1.894770707566854201e-02
1.945245181443749569e-02
1.970014931102144484e-02
1.968444665533021845e-02
1.940263443047044248e-02
1.885548093482942653e-02
1.804705301190503638e-02
1.698455827071588056e-02
1.567822433469534191e-02
1.414124246844266838e-02
1.238977814411397829e-02
1.044303294864428085e-02
8.323323973985705115e-03
6.056145705405863687e-03
3.670173420044348361e-03
1.197193288408127500e-03
-1.328090917141917402e-03
-3.868435340004784673e-03
-6.384612394026067429e-03
-8.836175264335395518e-03
-1.118239303774118051e-02
-1.338324043391552094e-02
-1.540044004185063715e-02
-1.719854033628430076e-02
-1.874591039140026394e-02
-2.001534055477456955e-02
-2.098456923427800477e-02
-2.163654924359384793e-02
-2.195943165696204180e-02
-2.194637495069047539e-02
-2.159518351892935825e-02
-2.090788764808361455e-02
-1.989031462294955921e-02
-1.855176188154741487e-02
-1.690480354199471597e-02
-1.496526306113260020e-02
-1.275232241725286590e-02
-1.028875583992192207e-02
-7.601258542791119836e-03
-4.720804214149881307e-03
-1.682922482659305425e-03
1.472204671790335994e-03
4.699884399694844589e-03
7.951264634146467530e-03
1.117409184552796940e-02
1.431392016693816722e-02
1.731543491961093362e-02
2.012444360083564046e-02
2.268978083154999173e-02
2.496452913331290852e-02
2.690778338381724297e-02
2.848576354877591435e-02
2.967244038111977247e-02
3.044967664164516599e-02
3.080686434075871269e-02
3.074016850787059454e-02
3.025149652278755208e-02
2.934747972694729326e-02
2.803853418684355142e-02
2.633813644050345473e-02
2.426240385346472087e-02
2.183008106015538186e-02
1.906288892807641785e-02
1.598616931835419516e-02
1.262968152609616514e-02
9.028459657189602180e-03
5.223630672330362330e-03
1.263044379974997272e-03
-2.798506333529109363e-03
-6.899595930210652116e-03
-1.097311497055120620e-02
-1.494770802811161078e-02
-1.874982345865758987e-02
-2.230617667381547958e-02
-2.554675518913445548e-02
-2.840882983756724822e-02
-3.083883340899121889e-02
-3.279385165515677492e-02
-3.424303563014246404e-02
-3.516746014898787520e-02
-3.555918448299694168e-02
-3.541964280596024417e-02
-3.475757571639917498e-02
-3.358675643644497971e-02
-3.192406543666113233e-02
-2.978823478440395175e-02
-2.719922490912404442e-02
-2.417824338767249684e-02
-2.074846486377097260e-02
-1.693649284227819254e-02
-1.277434406681168810e-02
-8.301382143510489461e-03
-3.565798523630654693e-03
1.374406495369936369e-03
6.450772885133965705e-03
1.158423108663342305e-02
1.668598952133093505e-02
2.165985666773085142e-02
2.407825656998532210e-02
2.642635812131032685e-02
2.869109357657943088e-02
3.086013242624611672e-02
3.292173327173106290e-02
3.486491896714852962e-02
3.667918680823829131e-02
3.986044115931534210e-02
4.124013672815111942e-02
4.246229784009207531e-02
4.438555582366240232e-02
4.511002434734925209e-02
4.566657277473117754e-02
4.625057131841816410e-02
4.617690346656023320e-02
4.546830134640778009e-02
4.488821717197890443e-02
4.327485202530618330e-02
4.109467335063924504e-02
3.837582818310208282e-02
3.514501781616966719e-02
3.142576755681328327e-02
2.724043918565650924e-02
2.261479614376314673e-02
1.758185090682002488e-02
1.218349980313549602e-02
6.473122026095842925e-03
5.147616386395769588e-04
-5.617862368649124624e-03
-1.183130831892698770e-02
-1.801554583965839923e-02
-2.107643370584300416e-02
-2.408582854582397986e-02
-2.702433413553450778e-02
-2.987515618185798347e-02
-3.262136167056811642e-02
-3.524658667311114657e-02
-3.773390493677029195e-02
-4.006738586167466615e-02
-4.223216668325658479e-02
-4.421587465575192721e-02
-4.600777900925694108e-02
-4.759846378323004390e-02
-4.898218927481332030e-02
-5.015470400472090556e-02
-5.111455611514494068e-02
-5.186024146619250264e-02
-5.239231765457386114e-02
-5.271396365793178107e-02
-5.283027896127544254e-02
-5.274719320410031775e-02
-5.198916571695871847e-02
-5.051412197549961375e-02
-4.837138389316555931e-02
-4.560061921088640058e-02
-4.223635988000769281e-02
-3.830572222567029533e-02
-3.383021720994849185e-02
-2.882903976624447140e-02
-2.332588402807597022e-02
-1.735377908158127966e-02
-1.095426718215195341e-02
-4.182285549931257645e-03
2.882795639576423569e-03
1.014310282509785568e-02
1.382474341550159018e-02
1.751695352375538459e-02
2.120122333115073004e-02
2.485778284038525979e-02
2.846788140523468999e-02
3.201102911396127432e-02
3.546499327238340077e-02
3.880669581762936221e-02
4.201286794528336088e-02
4.506097027717626685e-02
4.792915138568870637e-02
4.929460118491471587e-02
5.060694353070242790e-02
5.304940821010493274e-02
5.418803207603014455e-02
5.526600025044739461e-02
5.721924276802194814e-02
5.810382474582317935e-02
5.966238207433011143e-02
6.095119063320882796e-02
6.197135978402346784e-02
6.256375597981447823e-02
6.300878392489930868e-02
6.344603827552608433e-02
6.344020794133008179e-02
6.320153464716943281e-02
6.273951157976893900e-02
6.117731365525225229e-02
5.950863723570042757e-02
5.667206987860509693e-02
5.319322727824953023e-02
4.911764795951037432e-02
4.446621278897491814e-02
3.926479972340107816e-02
3.352605845266883045e-02
2.726127157392114683e-02
2.048780536750855613e-02
1.324862815672492485e-02
5.605719420271107305e-03
-2.347155505047741984e-03
-6.417239693522466815e-03
-1.052676053503098438e-02
-1.465923829890248241e-02
-1.879809699741113657e-02
-2.292390218270602339e-02
-2.701758989469042749e-02
-3.105736027429390964e-02
-3.502197567072092010e-02
-3.697481721339850730e-02
-3.889949828158775075e-02
-4.079023253277190564e-02
-4.264468394981227317e-02
-4.445879928786456575e-02
-4.622934310132022911e-02
-4.795315801064473082e-02
-4.962485591341192492e-02
-5.278162269168079623e-02
-5.427996891739143154e-02
-5.571571330169913794e-02
-5.708141596262363698e-02
-5.837684874774705379e-02
-5.959865540431275727e-02
-6.074401044100070229e-02
-6.181395218630390820e-02
-6.280213727383594791e-02
-6.371137427347707549e-02
-6.453970621809303199e-02
-6.528655240896746870e-02
-6.595434729553641129e-02
-6.654065330268280065e-02
-6.704866155866671951e-02
-6.747663238143897235e-02
-6.782698926694698260e-02
-6.810056281743802342e-02
-6.841661458717211708e-02
-6.844836402702414446e-02
-6.821170183456252978e-02
-6.786796365457148372e-02
-6.738778390269319074e-02
-6.603605089706048037e-02
-6.487559198022443963e-02
-6.198083045208781228e-02
-5.840259177002361801e-02
-5.530979511908479251e-02
-5.066877049594709775e-02
-4.546822008921270336e-02
-3.970585014240372856e-02
-3.337371561055734598e-02
-2.647259476794789138e-02
-1.902475494129328773e-02
-1.106635365472233810e-02
-2.669978193735914399e-03
1.668367806228989629e-03
6.074528246931863024e-03
1.053073491170776303e-02
1.501797017641247345e-02
1.952041615045790879e-02
2.402117817576942746e-02
2.850277162721699675e-02
3.073529705363798117e-02
3.295589114233230671e-02
3.516132675027697913e-02
3.734914614013615936e-02
3.951570243884468259e-02
4.165796224080607624e-02
4.377224941799667812e-02
4.585361920584157813e-02
4.789774777874728634e-02
4.989987512306880840e-02
5.185581550253530458e-02
5.376063635376174266e-02
5.561018929408891726e-02
5.739978785031279312e-02
5.912525439271611172e-02
6.078260638242333203e-02
6.236773899021074569e-02
6.387628689083656164e-02
6.530398632484794852e-02
6.664740283995601589e-02
6.790401167458208487e-02
6.907198967427154168e-02
7.015022637144145701e-02
7.113703538750613953e-02
7.203164033516580578e-02
7.283329683489200845e-02
7.354233183580694000e-02
7.415859104145457181e-02
7.468263358834721644e-02
7.545057532966908953e-02
7.580019322138314974e-02
7.596187798427099513e-02
7.573540137960138585e-02
7.522809703942834325e-02
7.342567076805443793e-02
7.073052182886450934e-02
6.821229422952679311e-02
6.426533824973064413e-02
5.972836673043464828e-02
5.465402721832961219e-02
4.905183253507621605e-02
4.290923190150474492e-02
3.621078731471605999e-02
2.894422137912579587e-02
2.111464251042616258e-02
1.275757717949991751e-02
3.957504957004438079e-03
-5.849271192657276705e-04
-5.191757388995237900e-03
-9.839117097037861775e-03
-1.450750953172731846e-02
-1.917910615052484738e-02
-2.383859805976669063e-02
-2.846846009821139487e-02
-3.077513672102422104e-02
-3.306786431018232664e-02
-3.534270398479486680e-02
-3.759798321390737247e-02
-3.983022104826033916e-02
-4.419495549052014638e-02
-4.739117011735144436e-02
-4.896308244868200626e-02
-5.051088780131791911e-02
-5.203078213945665220e-02
-5.352104549441344394e-02
-5.498003876603342610e-02
-5.640532047525728676e-02
-5.779674242486807639e-02
-5.915053999829949366e-02
-6.046473156228780038e-02
-6.295933167178129064e-02
-6.414459341187131458e-02
-6.528416177678270094e-02
-6.637423741106972253e-02
-6.741440221333096228e-02
-6.840366507324534273e-02
-6.933926079506176621e-02
-7.022236011364345332e-02
-7.105160415172939725e-02
-7.182612288850558080e-02
-7.254556909639889306e-02
-7.321007001329558894e-02
-7.400820343537312107e-02
-7.470817571675175683e-02
-7.530994712076168052e-02
-7.621138391094303688e-02
-7.652636461163037085e-02
-7.687779717227226361e-02
-7.688106276602021949e-02
-7.676427401463259415e-02
-7.629268975174424705e-02
-7.553195592463916863e-02
-7.451037433986099079e-02
-7.325150722346827903e-02
-7.177731917513693882e-02
-6.824394139550846172e-02
-6.405797237597778138e-02
-5.931482133783282096e-02
-5.406472533933984193e-02
-4.830474396447430319e-02
-4.201960857177836073e-02
-3.517459342032424469e-02
-2.773069909564933322e-02
-1.967610536396019461e-02
-1.105133085549602281e-02
-1.943798199323882323e-03
2.763597284374022609e-03
7.537479864381013521e-03
1.235270672765614516e-02
1.718452078422916252e-02
2.201812918058462798e-02
2.443494604692904998e-02
2.684556721924891143e-02
2.924713777961237063e-02
3.163789632561665732e-02
3.401560761790691639e-02
3.637841140778109300e-02
3.872422451614575961e-02
4.104951745994956519e-02
4.335100159576872614e-02
4.562552978015345373e-02
4.786888111616496161e-02
5.007695374100264163e-02
5.224568597699494332e-02
5.436980743415609912e-02
5.644503709125981566e-02
5.846546924650063148e-02
6.042663620728217638e-02
6.232246408366282076e-02
6.414748273587800309e-02
6.589639960164660193e-02
6.756406641328285834e-02
6.914641783788090523e-02
7.063917164450536634e-02
7.203906588115591147e-02
7.334258248253927581e-02
7.454759159554870396e-02
7.565191925727973721e-02
7.665358013870961218e-02
7.755139021882756500e-02
7.834453714571529281e-02
7.960654710309769677e-02
8.009096454387018560e-02
8.047579761005485555e-02
8.076132037259356466e-02
8.095026530779625418e-02
8.103943680488868984e-02
8.095404977496650778e-02
8.052671457060912863e-02
7.978403810428855158e-02
7.876089974090498547e-02
7.596901121537595614e-02
7.425911064852400156e-02
7.135174626815375676e-02
6.694074281728519538e-02
6.201523093693069727e-02
5.662136337592099666e-02
5.076338389517417310e-02
4.441390566405673673e-02
3.752558046418236204e-02
3.005390640334859587e-02
2.198406593804617948e-02
1.333242396606929871e-02
4.184724664156994067e-03
-5.506144853277568753e-04
-5.355021250257353642e-03
-1.020222046100902752e-02
-1.506333489390455742e-02
-1.991723288159112301e-02
-2.474366404985461204e-02
-2.714897712060020465e-02
-2.954145223836271081e-02
-3.191746603094271217e-02
-3.427574298121074253e-02
-3.661357873511974365e-02
-3.892877530984417689e-02
-4.121880858926139229e-02
-4.348030065041227216e-02
-4.788622581999493061e-02
-5.004767024719710550e-02
-5.216979519372178659e-02
-5.424323218443966726e-02
-5.626473511668287492e-02
-5.822885769041552528e-02
-6.012980261865841225e-02
-6.196607667068078362e-02
-6.285808908712740839e-02
-6.458307565770338154e-02
-6.622877062617545108e-02
-6.779063085777367603e-02
-6.926565821430581693e-02
-7.064767907293997840e-02
-7.193637131241011062e-02
-7.312550607411028025e-02
-7.421576240745991759e-02
-7.520395440311725133e-02
-7.587850584401910348e-02
-7.649515008176863140e-02
-7.705204694543373034e-02
-7.798571593575762129e-02
-7.836831935985637265e-02
-7.895992566657948630e-02
-7.932639631814930592e-02
-7.943093404316468875e-02
-7.948306059220504316e-02
-7.942819517090775328e-02
-7.932860324620338854e-02
-7.898486432966839166e-02
-7.846171968290510668e-02
-7.777201440420804246e-02
-7.677057817575912158e-02
-7.420618901265715883e-02
-7.245052431613996369e-02
-6.840304554832903061e-02
-6.376618999935626531e-02
-6.061927745233274684e-02
-5.521658814323696790e-02
-4.936597489647179260e-02
-4.304745725158012210e-02
-3.620094386003418901e-02
-2.876028075443367790e-02
-2.068324769698302867e-02
-1.198565786388614864e-02
-2.739720963255071369e-03
2.060284877599747114e-03
6.941744965941121052e-03
1.186976758018624609e-02
1.681730703521765180e-02
2.175900615483639111e-02
2.422714268336582932e-02
2.668537683959709000e-02
2.913132501002149710e-02
3.156367244739410882e-02
3.397927379578231932e-02
3.637762559897615711e-02
3.875594803095522289e-02
4.111132022298760041e-02
4.344080662244153429e-02
4.574181580426941313e-02
4.801164548790994718e-02
5.024665822342452154e-02
5.244290932401906441e-02
5.459568318754854516e-02
5.670019610607350546e-02
5.875215786852377997e-02
6.074663862591965502e-02
6.267829280209349929e-02
6.454128141090598181e-02
6.633077462135902880e-02
6.804170983049744048e-02
6.966946337954321722e-02
7.120924355979926790e-02
7.265680190138130989e-02
7.400874935262080623e-02
7.526273928215056197e-02
7.641614870899339496e-02
7.746680294342941919e-02
7.841292594567947360e-02
7.925360638147026238e-02
7.998874612558133645e-02
8.061859992506617556e-02
8.114403577159512437e-02
8.156646950746668234e-02
8.188776408887527003e-02
8.210969348574652382e-02
8.223430820798827146e-02
8.226352183841229015e-02
8.204016750028618465e-02
8.147293743171815650e-02
8.059210801882306374e-02
7.942761478732279778e-02
7.800849608212366559e-02
7.450169292858611902e-02
7.246692763025171236e-02
6.794108943301209458e-02
6.291448876743654939e-02
5.745883168849168221e-02
5.159109897794927208e-02
4.527992839765415667e-02
3.846209843923292099e-02
3.107596621133439097e-02
2.308353330267319536e-02
1.448335161510348572e-02
5.333740052251563328e-03
5.755131649034711310e-04
-4.267063186717732180e-03
-9.161430212184433139e-03
-1.407779928670527779e-02
-1.899025234716023025e-02
-2.144416030652222110e-02
-2.388823960647343259e-02
-2.631924218955023625e-02
-3.112236917640063064e-02
-3.350418738230592081e-02
-3.586599227800519457e-02
-3.820360518769645719e-02
-4.051440616829270203e-02
-4.279577710014494801e-02
-4.504513226134195664e-02
-4.726036517348410765e-02
-4.943700002754431583e-02
-5.157224115714158924e-02
-5.366176781410843255e-02
-5.570092586009589564e-02
-5.768502606331977339e-02
-5.960976211048357037e-02
-6.146998484968413390e-02
-6.326141775368165909e-02
-6.497956106680695398e-02
-6.815797480534477315e-02
-6.963204503967010406e-02
-7.033839886415754750e-02
-7.167711736385339039e-02
-7.291946595763448835e-02
-7.406350594608768212e-02
-7.510555948356233136e-02
-7.582311305034668270e-02
-7.648358681780403900e-02
-7.708390111970973846e-02
-7.762809038486580271e-02
-7.811352412887800911e-02
-7.854050274018509192e-02
-7.891107306972551527e-02
-7.922306622141513099e-02
-7.947925170349501300e-02
-7.967939138642285424e-02
-7.982434845889378738e-02
-7.991500413373210654e-02
-7.995248471949444047e-02
-7.986934843984944132e-02
-7.958751144231288044e-02
-7.912003717119031609e-02
-7.847728684099390672e-02
-7.752254694771704147e-02
-7.636543362602439544e-02
-7.350789582789886423e-02
-6.950882734332496093e-02
-6.489407789778176006e-02
-6.143168192863290855e-02
-5.603310526663288910e-02
-5.022529526697833147e-02
-4.398196170102736807e-02
-3.724678202370240720e-02
-2.995348728373321140e-02
-2.607802750936992833e-02
-2.204077447725992164e-02
-1.784042625663155579e-02
-1.347887026884473337e-02
-8.961404508727345911e-03
-6.647396735529033374e-03
-4.300266434383590367e-03
4.757264123682745558e-04
2.900838494492391680e-03
5.345038047392053696e-03
7.804657462986360622e-03
1.027596451758886267e-02
1.275471708275795375e-02
1.523855097814657764e-02
1.772417781172944476e-02
2.020817293791573460e-02
2.268722166552964922e-02
2.761028679522829765e-02
2.944982559514853701e-02
3.309940612210116734e-02
3.491370162860071152e-02
3.671809109125713511e-02
3.850993858738376019e-02
4.028867725948255540e-02
4.379570842856121693e-02
4.552885481733140449e-02
4.893347438806323890e-02
5.060838848270114015e-02
5.226130782129277674e-02
5.547861118811435455e-02
5.704999566619645135e-02
5.859251749592545022e-02
6.010006101945617601e-02
6.157411332048555452e-02
6.439744874278285902e-02
6.553075200471239481e-02
6.663603997640722698e-02
6.770917335750853416e-02
6.874962497093807523e-02
6.975760785784342055e-02
7.072990041042567788e-02
7.166678026018769021e-02
7.256845649860065028e-02
7.343279173421603245e-02
7.425953797824333402e-02
7.504824818088941252e-02
7.579808018617106846e-02
7.650839786156729549e-02
7.717875098908490161e-02
7.780840202973932085e-02
7.894098171223606908e-02
7.944858795599878121e-02
7.991581525580555845e-02
8.072287499038721670e-02
8.136763452378016626e-02
8.185336734288466143e-02
8.217991228323277830e-02
8.231208306631809801e-02
8.237889435904900692e-02
8.232175116122808500e-02
8.220658345028639125e-02
8.180142085293373722e-02
8.118423837349098005e-02
8.036650536455755556e-02
7.936394796507305338e-02
7.818955096685864525e-02
7.538550318633210900e-02
7.320788410309019001e-02
6.873264611147344993e-02
6.373735821003408131e-02
5.830989737244255539e-02
5.247352595145441528e-02
4.619970310157118371e-02
3.943473069541002241e-02
3.212172012448095970e-02
2.421381085274512679e-02
1.569696262450091806e-02
6.615707037191981450e-03
1.882113576542130589e-03
-2.946707627083166876e-03
-7.840684801810708648e-03
-1.276905766317389980e-02
-1.524252054985496610e-02
-1.771372406377381623e-02
-2.017847000593494741e-02
-2.263430338331442679e-02
-2.507839564951909114e-02
-2.750791167567105330e-02
-2.992110098662622078e-02
-3.231460378429204527e-02
-3.468758154451240250e-02
-3.703662850631861403e-02
-3.936049136592627284e-02
-4.165581853985140387e-02
-4.392069883610041220e-02
-4.615202089798223217e-02
-4.834615559874455570e-02
-5.049970425239509036e-02
-5.260773697336870725e-02
-5.466728148295649931e-02
-5.667384282804963785e-02
-5.862439741888948036e-02
-6.051409189332122851e-02
-6.143664706497112965e-02
-6.322698640943411053e-02
-6.494326599654894061e-02
-6.577506460236676178e-02
-6.737599428697287063e-02
-6.814619760541777704e-02
-6.962022148894531082e-02
-7.100408769990880498e-02
-7.166296344601814916e-02
-7.290950746130255011e-02
-7.405829398337328284e-02
-7.511009756252581826e-02
-7.606068738012744523e-02
-7.690901057630404603e-02
-7.765569890638614192e-02
-7.829689600811130801e-02
-7.883768450959366403e-02
-7.927642462917533495e-02
-7.961485232858950267e-02
-7.985589700553381853e-02
-7.999874492221514810e-02
-8.004828165086082248e-02
-8.000435967410220173e-02
-7.987125302259368009e-02
-7.965170523750400577e-02
-7.934907128953322397e-02
-7.896782268254280701e-02
-7.797785724604147650e-02
-7.671337785618738414e-02
-7.345910751711599851e-02
-6.940969789723931693e-02
-6.473371005316630455e-02
-6.220110852245924749e-02
-5.680336258431187280e-02
-5.099494615974669437e-02
-4.476407811547605808e-02
-3.805811800563926178e-02
-3.080947381708793592e-02
-2.296206867963510728e-02
-1.448486710601464694e-02
-5.405910831202326468e-03
-6.586848938160382028e-04
4.194318251713628938e-03
9.124283989299073611e-03
1.410013008599628366e-02
1.909228118597513027e-02
2.159024768999436017e-02
2.408188931744256397e-02
2.656412744723729222e-02
2.903508737702747630e-02
3.149109548623791471e-02
3.393086759014796866e-02
3.635159236967629853e-02
3.875029513277311599e-02
4.112487694309811120e-02
4.347237586428969597e-02
4.579024872446945532e-02
4.807445446973333814e-02
5.032189210143895447e-02
5.252803447426491329e-02
5.468861266338834876e-02
5.679908385152821620e-02
5.885450323055356481e-02
6.085005648859058425e-02
6.278061801622335236e-02
6.464165200214658236e-02
6.642779233230625135e-02
6.813431589343096895e-02
6.975662687373533621e-02
7.129069346936087181e-02
7.273328564050797473e-02
7.408150321283669959e-02
7.533280408017226093e-02
7.648474053017992325e-02
7.753572039282656536e-02
7.848437489513761245e-02
7.932974381235696759e-02
8.007117393095028457e-02
8.070863420671393895e-02
8.124279267404629912e-02
8.167485571558150137e-02
8.200641281345114053e-02
8.223921890357867304e-02
8.237529203269092215e-02
8.241692502648054197e-02
8.236669374412605715e-02
8.199588116389089354e-02
8.129548296067738711e-02
8.029444531599709556e-02
7.901899849067954562e-02
7.573849624004391767e-02
7.378934068500113408e-02
6.938106775493911582e-02
6.441877544963048319e-02
5.900567110699305590e-02
5.318712673037843258e-02
4.695360415673352494e-02
4.025297652104833923e-02
3.302272492873955384e-02
2.521643291204761841e-02
1.681454028028675496e-02
7.844647755191395261e-03
3.159639394845553499e-03
-1.629192023802995609e-03
-6.494536273416365475e-03
-1.140726689455861739e-02
-1.633972322495166885e-02
-1.881127042892915061e-02
-2.127770416793601030e-02
-2.373504777759697509e-02
-2.618153586693760040e-02
-2.861394378292423865e-02
-3.103028670991895416e-02
-3.342853271120318354e-02
-3.580512633496676922e-02
-3.815840707709374641e-02
-4.048513993714633608e-02
-4.278262057328786894e-02
-4.504773232572620995e-02
-4.727738173633132951e-02
-4.837950058650856283e-02
-4.947146432576920994e-02
-5.001355004900227830e-02
-5.108835144687013524e-02
-5.215168154650494381e-02
