0.000000000000000000e+00
1.000000000000000021e-02
2.000000000000000042e-02
2.999999999999999889e-02
4.000000000000000083e-02
5.000000000000000278e-02
6.000000000000000472e-02
7.000000000000000666e-02
8.000000000000000167e-02
8.999999999999999667e-02
9.999999999999999167e-02
1.099999999999999867e-01
1.199999999999999817e-01
1.299999999999999767e-01
1.399999999999999856e-01
1.499999999999999944e-01
1.600000000000000033e-01
1.700000000000000122e-01
1.800000000000000211e-01
1.900000000000000300e-01
2.000000000000000111e-01
2.100000000000000200e-01
2.200000000000000289e-01
2.300000000000000377e-01
2.399999999999999911e-01
2.500000000000000000e-01
2.600000000000000089e-01
2.700000000000000178e-01
2.800000000000000266e-01
2.900000000000000355e-01
3.000000000000000444e-01
3.100000000000000533e-01
3.200000000000000067e-01
3.300000000000000155e-01
3.400000000000000244e-01
3.500000000000000333e-01
3.599999999999999867e-01
3.699999999999999956e-01
3.800000000000000044e-01
3.900000000000000133e-01
4.000000000000000222e-01
4.100000000000000311e-01
4.200000000000000400e-01
4.300000000000000488e-01
4.400000000000000022e-01
4.500000000000000111e-01
4.600000000000000200e-01
4.700000000000000289e-01
4.799999999999999822e-01
4.899999999999999911e-01
5.000000000000000000e-01
5.100000000000000089e-01
5.200000000000000178e-01
5.300000000000000266e-01
5.400000000000000355e-01
5.500000000000000444e-01
5.600000000000000533e-01
5.700000000000000622e-01
5.800000000000000711e-01
5.900000000000000799e-01
5.999999999999999778e-01
6.099999999999999867e-01
6.199999999999999956e-01
6.300000000000000044e-01
6.400000000000000133e-01
6.500000000000000222e-01
6.600000000000000311e-01
6.700000000000000400e-01
6.800000000000000488e-01
6.900000000000000577e-01
7.000000000000000666e-01
7.100000000000000755e-01
7.199999999999999734e-01
7.299999999999999822e-01
7.399999999999999911e-01
7.500000000000000000e-01
7.600000000000000089e-01
7.700000000000000178e-01
7.800000000000000266e-01
7.900000000000000355e-01
8.000000000000000444e-01
8.100000000000000533e-01
8.200000000000000622e-01
8.300000000000000711e-01
8.399999999999999689e-01
8.499999999999999778e-01
8.599999999999999867e-01
8.699999999999999956e-01
8.800000000000000044e-01
8.900000000000000133e-01
9.000000000000000222e-01
9.100000000000000311e-01
9.200000000000000400e-01
9.300000000000000488e-01
9.400000000000000577e-01
9.500000000000000666e-01
9.599999999999999645e-01
9.699999999999999734e-01
9.799999999999999822e-01
9.899999999999999911e-01
1.000000000000000000e+00
1.010000000000000009e+00
1.020000000000000018e+00
1.030000000000000027e+00
1.040000000000000036e+00
1.050000000000000044e+00
1.060000000000000053e+00
1.070000000000000062e+00
1.080000000000000071e+00
1.090000000000000080e+00
1.100000000000000089e+00
1.110000000000000098e+00
1.120000000000000107e+00
1.130000000000000115e+00
1.140000000000000124e+00
1.150000000000000133e+00
1.159999999999999920e+00
1.169999999999999929e+00
1.179999999999999938e+00
1.189999999999999947e+00
1.199999999999999956e+00
1.209999999999999964e+00
1.219999999999999973e+00
1.229999999999999982e+00
1.239999999999999991e+00
1.250000000000000000e+00
1.260000000000000009e+00
1.270000000000000018e+00
1.280000000000000027e+00
1.290000000000000036e+00
1.300000000000000044e+00
1.310000000000000053e+00
1.320000000000000062e+00
1.330000000000000071e+00
1.340000000000000080e+00
1.350000000000000089e+00
1.360000000000000098e+00
1.370000000000000107e+00
1.380000000000000115e+00
1.390000000000000124e+00
1.400000000000000133e+00
1.410000000000000142e+00
1.420000000000000151e+00
1.430000000000000160e+00
1.439999999999999947e+00
1.449999999999999956e+00
1.459999999999999964e+00
1.469999999999999973e+00
1.479999999999999982e+00
1.489999999999999991e+00
1.500000000000000000e+00
1.510000000000000009e+00
1.520000000000000018e+00
1.530000000000000027e+00
1.540000000000000036e+00
1.550000000000000044e+00
1.560000000000000053e+00
1.570000000000000062e+00
1.580000000000000071e+00
1.590000000000000080e+00
1.600000000000000089e+00
1.610000000000000098e+00
1.620000000000000107e+00
1.630000000000000115e+00
1.640000000000000124e+00
1.650000000000000133e+00
1.660000000000000142e+00
1.670000000000000151e+00
1.679999999999999938e+00
1.689999999999999947e+00
1.699999999999999956e+00
1.709999999999999964e+00
1.719999999999999973e+00
1.729999999999999982e+00
1.739999999999999991e+00
1.750000000000000000e+00
1.760000000000000009e+00
1.770000000000000018e+00
1.780000000000000027e+00
1.790000000000000036e+00
1.800000000000000044e+00
1.810000000000000053e+00
1.820000000000000062e+00
1.830000000000000071e+00
1.840000000000000080e+00
1.850000000000000089e+00
1.860000000000000098e+00
1.870000000000000107e+00
1.880000000000000115e+00
1.890000000000000124e+00
1.900000000000000133e+00
1.910000000000000142e+00
1.919999999999999929e+00
1.929999999999999938e+00
1.939999999999999947e+00
1.949999999999999956e+00
1.959999999999999964e+00
1.969999999999999973e+00
1.979999999999999982e+00
1.989999999999999991e+00
2.000000000000000000e+00
2.009999999999999787e+00
2.019999999999999574e+00
2.029999999999999361e+00
2.039999999999999147e+00
2.049999999999998934e+00
2.059999999999998721e+00
2.069999999999998508e+00
2.079999999999998295e+00
2.089999999999998082e+00
2.099999999999997868e+00
2.109999999999997655e+00
2.119999999999997442e+00
2.129999999999997229e+00
2.139999999999997016e+00
2.149999999999996803e+00
2.159999999999996589e+00
2.169999999999996376e+00
2.179999999999996163e+00
2.189999999999995950e+00
2.199999999999995737e+00
2.209999999999995524e+00
2.219999999999995310e+00
2.229999999999995097e+00
2.239999999999994884e+00
2.249999999999994671e+00
2.259999999999994458e+00
2.269999999999994245e+00
2.279999999999994031e+00
2.289999999999993818e+00
2.299999999999993605e+00
2.309999999999993392e+00
2.319999999999993179e+00
2.329999999999992966e+00
2.339999999999992752e+00
2.349999999999992539e+00
2.359999999999992326e+00
2.369999999999992113e+00
2.379999999999991900e+00
2.389999999999991687e+00
2.399999999999991473e+00
2.409999999999991260e+00
2.419999999999991047e+00
2.429999999999990834e+00
2.439999999999990621e+00
2.449999999999990408e+00
2.459999999999990195e+00
2.469999999999989981e+00
2.479999999999989768e+00
2.489999999999989555e+00
2.499999999999989342e+00
2.509999999999989129e+00
2.519999999999988916e+00
2.529999999999988702e+00
2.539999999999988489e+00
2.549999999999988276e+00
2.559999999999988063e+00
2.569999999999987850e+00
2.579999999999987637e+00
2.589999999999987423e+00
2.599999999999987210e+00
2.609999999999986997e+00
2.619999999999986784e+00
2.629999999999986571e+00
2.639999999999986358e+00
2.649999999999986144e+00
2.659999999999985931e+00
2.669999999999985718e+00
2.679999999999985505e+00
2.689999999999985292e+00
2.699999999999985079e+00
2.709999999999984865e+00
2.719999999999984652e+00
2.729999999999984439e+00
2.739999999999984226e+00
2.749999999999984013e+00
2.759999999999983800e+00
2.769999999999983586e+00
2.779999999999983373e+00
2.789999999999983160e+00
2.799999999999982947e+00
2.809999999999982734e+00
2.819999999999982521e+00
2.829999999999982307e+00
2.839999999999982094e+00
2.849999999999981881e+00
2.859999999999981668e+00
2.869999999999981455e+00
2.879999999999981242e+00
2.889999999999981029e+00
2.899999999999980815e+00
2.909999999999980602e+00
2.919999999999980389e+00
2.929999999999980176e+00
2.939999999999979963e+00
2.949999999999979750e+00
2.959999999999979536e+00
2.969999999999979323e+00
2.979999999999979110e+00
2.989999999999978897e+00
2.999999999999978684e+00
3.009999999999978471e+00
3.019999999999978257e+00
3.029999999999978044e+00
3.039999999999977831e+00
3.049999999999977618e+00
3.059999999999977405e+00
3.069999999999977192e+00
3.079999999999976978e+00
3.089999999999976765e+00
3.099999999999976552e+00
3.109999999999976339e+00
3.119999999999976126e+00
3.129999999999975913e+00
3.139999999999975699e+00
3.149999999999975486e+00
3.159999999999975273e+00
3.169999999999975060e+00
3.179999999999974847e+00
3.189999999999974634e+00
3.199999999999974420e+00
3.209999999999974207e+00
3.219999999999973994e+00
3.229999999999973781e+00
3.239999999999973568e+00
3.249999999999973355e+00
3.259999999999973141e+00
3.269999999999972928e+00
3.279999999999972715e+00
3.289999999999972502e+00
3.299999999999972289e+00
3.309999999999972076e+00
3.319999999999971863e+00
3.329999999999971649e+00
3.339999999999971436e+00
3.349999999999971223e+00
3.359999999999971010e+00
3.369999999999970797e+00
3.379999999999970584e+00
3.389999999999970370e+00
3.399999999999970157e+00
3.409999999999969944e+00
3.419999999999969731e+00
3.429999999999969518e+00
3.439999999999969305e+00
3.449999999999969091e+00
3.459999999999968878e+00
3.469999999999968665e+00
3.479999999999968452e+00
3.489999999999968239e+00
3.499999999999968026e+00
3.509999999999967812e+00
3.519999999999967599e+00
3.529999999999967386e+00
3.539999999999967173e+00
3.549999999999966960e+00
3.559999999999966747e+00
3.569999999999966533e+00
3.579999999999966320e+00
3.589999999999966107e+00
3.599999999999965894e+00
3.609999999999965681e+00
3.619999999999965468e+00
3.629999999999965254e+00
3.639999999999965041e+00
3.649999999999964828e+00
3.659999999999964615e+00
3.669999999999964402e+00
3.679999999999964189e+00
3.689999999999963975e+00
3.699999999999963762e+00
3.709999999999963549e+00
3.719999999999963336e+00
3.729999999999963123e+00
3.739999999999962910e+00
3.749999999999962697e+00
3.759999999999962483e+00
3.769999999999962270e+00
3.779999999999962057e+00
3.789999999999961844e+00
3.799999999999961631e+00
3.809999999999961418e+00
3.819999999999961204e+00
3.829999999999960991e+00
3.839999999999960778e+00
3.849999999999960565e+00
3.859999999999960352e+00
3.869999999999960139e+00
3.879999999999959925e+00
3.889999999999959712e+00
3.899999999999959499e+00
3.909999999999959286e+00
3.919999999999959073e+00
3.929999999999958860e+00
3.939999999999958646e+00
3.949999999999958433e+00
3.959999999999958220e+00
3.969999999999958007e+00
3.979999999999957794e+00
3.989999999999957581e+00
3.999999999999957367e+00
4.009999999999957154e+00
4.019999999999956941e+00
4.029999999999956728e+00
4.039999999999956515e+00
4.049999999999956302e+00
4.059999999999956088e+00
4.069999999999955875e+00
4.079999999999955662e+00
4.089999999999955449e+00
4.099999999999955236e+00
4.109999999999955023e+00
4.119999999999954809e+00
4.129999999999954596e+00
4.139999999999954383e+00
4.149999999999954170e+00
4.159999999999953957e+00
4.169999999999953744e+00
4.179999999999953531e+00
4.189999999999953317e+00
4.199999999999953104e+00
4.209999999999952891e+00
4.219999999999952678e+00
4.229999999999952465e+00
4.239999999999952252e+00
4.249999999999952038e+00
4.259999999999951825e+00
4.269999999999951612e+00
4.279999999999951399e+00
4.289999999999951186e+00
4.299999999999950973e+00
4.309999999999950759e+00
4.319999999999950546e+00
4.329999999999950333e+00
4.339999999999950120e+00
4.349999999999949907e+00
4.359999999999949694e+00
4.369999999999949480e+00
4.379999999999949267e+00
4.389999999999949054e+00
4.399999999999948841e+00
4.409999999999948628e+00
4.419999999999948415e+00
4.429999999999948201e+00
4.439999999999947988e+00
4.449999999999947775e+00
4.459999999999947562e+00
4.469999999999947349e+00
4.479999999999947136e+00
4.489999999999946922e+00
4.499999999999946709e+00
4.509999999999946496e+00
4.519999999999946283e+00
4.529999999999946070e+00
4.539999999999945857e+00
4.549999999999945643e+00
4.559999999999945430e+00
4.569999999999945217e+00
4.579999999999945004e+00
4.589999999999944791e+00
4.599999999999944578e+00
4.609999999999944365e+00
4.619999999999944151e+00
4.629999999999943938e+00
4.639999999999943725e+00
4.649999999999943512e+00
4.659999999999943299e+00
4.669999999999943086e+00
4.679999999999942872e+00
4.689999999999942659e+00
4.699999999999942446e+00
4.709999999999942233e+00
4.719999999999942020e+00
4.729999999999941807e+00
4.739999999999941593e+00
4.749999999999941380e+00
4.759999999999941167e+00
4.769999999999940954e+00
4.779999999999940741e+00
4.789999999999940528e+00
4.799999999999940314e+00
4.809999999999940101e+00
4.819999999999939888e+00
4.829999999999939675e+00
4.839999999999939462e+00
4.849999999999939249e+00
4.859999999999939035e+00
4.869999999999938822e+00
4.879999999999938609e+00
4.889999999999938396e+00
4.899999999999938183e+00
4.909999999999937970e+00
4.919999999999937756e+00
4.929999999999937543e+00
4.939999999999937330e+00
4.949999999999937117e+00
4.959999999999936904e+00
4.969999999999936691e+00
4.979999999999936477e+00
4.989999999999936264e+00
4.999999999999936051e+00
5.009999999999935838e+00
5.019999999999935625e+00
5.029999999999935412e+00
5.039999999999935199e+00
5.049999999999934985e+00
5.059999999999934772e+00
5.069999999999934559e+00
5.079999999999934346e+00
5.089999999999934133e+00
5.099999999999933920e+00
5.109999999999933706e+00
5.119999999999933493e+00
5.129999999999933280e+00
5.139999999999933067e+00
5.149999999999932854e+00
5.159999999999932641e+00
5.169999999999932427e+00
5.179999999999932214e+00
5.189999999999932001e+00
5.199999999999931788e+00
5.209999999999931575e+00
5.219999999999931362e+00
5.229999999999931148e+00
5.239999999999930935e+00
5.249999999999930722e+00
5.259999999999930509e+00
5.269999999999930296e+00
5.279999999999930083e+00
5.289999999999929869e+00
5.299999999999929656e+00
5.309999999999929443e+00
5.319999999999929230e+00
5.329999999999929017e+00
5.339999999999928804e+00
5.349999999999928590e+00
5.359999999999928377e+00
5.369999999999928164e+00
5.379999999999927951e+00
5.389999999999927738e+00
5.399999999999927525e+00
5.409999999999927311e+00
5.419999999999927098e+00
5.429999999999926885e+00
5.439999999999926672e+00
5.449999999999926459e+00
5.459999999999926246e+00
5.469999999999926033e+00
5.479999999999925819e+00
5.489999999999925606e+00
5.499999999999925393e+00
5.509999999999925180e+00
5.519999999999924967e+00
5.529999999999924754e+00
5.539999999999924540e+00
5.549999999999924327e+00
5.559999999999924114e+00
5.569999999999923901e+00
5.579999999999923688e+00
5.589999999999923475e+00
5.599999999999923261e+00
5.609999999999923048e+00
5.619999999999922835e+00
5.629999999999922622e+00
5.639999999999922409e+00
5.649999999999922196e+00
5.659999999999921982e+00
5.669999999999921769e+00
5.679999999999921556e+00
5.689999999999921343e+00
5.699999999999921130e+00
5.709999999999920917e+00
5.719999999999920703e+00
5.729999999999920490e+00
5.739999999999920277e+00
5.749999999999920064e+00
5.759999999999919851e+00
5.769999999999919638e+00
5.779999999999919424e+00
5.789999999999919211e+00
5.799999999999918998e+00
5.809999999999918785e+00
5.819999999999918572e+00
5.829999999999918359e+00
5.839999999999918145e+00
5.849999999999917932e+00
5.859999999999917719e+00
5.869999999999917506e+00
5.879999999999917293e+00
5.889999999999917080e+00
5.899999999999916866e+00
5.909999999999916653e+00
5.919999999999916440e+00
5.929999999999916227e+00
5.939999999999916014e+00
5.949999999999915801e+00
5.959999999999915588e+00
5.969999999999915374e+00
5.979999999999915161e+00
5.989999999999914948e+00
5.999999999999914735e+00
6.009999999999914522e+00
6.019999999999914309e+00
6.029999999999914095e+00
6.039999999999913882e+00
6.049999999999913669e+00
6.059999999999913456e+00
6.069999999999913243e+00
6.079999999999913030e+00
6.089999999999912816e+00
6.099999999999912603e+00
6.109999999999912390e+00
6.119999999999912177e+00
6.129999999999911964e+00
6.139999999999911751e+00
6.149999999999911537e+00
6.159999999999911324e+00
6.169999999999911111e+00
6.179999999999910898e+00
6.189999999999910685e+00
6.199999999999910472e+00
6.209999999999910258e+00
6.219999999999910045e+00
6.229999999999909832e+00
6.239999999999909619e+00
6.249999999999909406e+00
6.259999999999909193e+00
6.269999999999908979e+00
6.279999999999908766e+00
6.289999999999908553e+00
6.299999999999908340e+00
6.309999999999908127e+00
6.319999999999907914e+00
6.329999999999907700e+00
6.339999999999907487e+00
6.349999999999907274e+00
6.359999999999907061e+00
6.369999999999906848e+00
6.379999999999906635e+00
6.389999999999906422e+00
6.399999999999906208e+00
6.409999999999905995e+00
6.419999999999905782e+00
6.429999999999905569e+00
6.439999999999905356e+00
6.449999999999905143e+00
6.459999999999904929e+00
6.469999999999904716e+00
6.479999999999904503e+00
6.489999999999904290e+00
6.499999999999904077e+00
6.509999999999903864e+00
6.519999999999903650e+00
6.529999999999903437e+00
6.539999999999903224e+00
6.549999999999903011e+00
6.559999999999902798e+00
6.569999999999902585e+00
6.579999999999902371e+00
6.589999999999902158e+00
6.599999999999901945e+00
6.609999999999901732e+00
6.619999999999901519e+00
6.629999999999901306e+00
6.639999999999901092e+00
6.649999999999900879e+00
6.659999999999900666e+00
6.669999999999900453e+00
6.679999999999900240e+00
6.689999999999900027e+00
6.699999999999899813e+00
6.709999999999899600e+00
6.719999999999899387e+00
6.729999999999899174e+00
6.739999999999898961e+00
6.749999999999898748e+00
6.759999999999898534e+00
6.769999999999898321e+00
6.779999999999898108e+00
6.789999999999897895e+00
6.799999999999897682e+00
6.809999999999897469e+00
6.819999999999897256e+00
6.829999999999897042e+00
6.839999999999896829e+00
6.849999999999896616e+00
6.859999999999896403e+00
6.869999999999896190e+00
6.879999999999895977e+00
6.889999999999895763e+00
6.899999999999895550e+00
6.909999999999895337e+00
6.919999999999895124e+00
6.929999999999894911e+00
6.939999999999894698e+00
6.949999999999894484e+00
6.959999999999894271e+00
6.969999999999894058e+00
6.979999999999893845e+00
6.989999999999893632e+00
6.999999999999893419e+00
7.009999999999893205e+00
7.019999999999892992e+00
7.029999999999892779e+00
7.039999999999892566e+00
7.049999999999892353e+00
7.059999999999892140e+00
7.069999999999891926e+00
7.079999999999891713e+00
7.089999999999891500e+00
7.099999999999891287e+00
7.109999999999891074e+00
7.119999999999890861e+00
7.129999999999890647e+00
7.139999999999890434e+00
7.149999999999890221e+00
7.159999999999890008e+00
7.169999999999889795e+00
7.179999999999889582e+00
7.189999999999889368e+00
7.199999999999889155e+00
7.209999999999888942e+00
7.219999999999888729e+00
7.229999999999888516e+00
7.239999999999888303e+00
7.249999999999888090e+00
7.259999999999887876e+00
7.269999999999887663e+00
7.279999999999887450e+00
7.289999999999887237e+00
7.299999999999887024e+00
7.309999999999886811e+00
7.319999999999886597e+00
7.329999999999886384e+00
7.339999999999886171e+00
7.349999999999885958e+00
7.359999999999885745e+00
7.369999999999885532e+00
7.379999999999885318e+00
7.389999999999885105e+00
7.399999999999884892e+00
7.409999999999884679e+00
7.419999999999884466e+00
7.429999999999884253e+00
7.439999999999884039e+00
7.449999999999883826e+00
7.459999999999883613e+00
7.469999999999883400e+00
7.479999999999883187e+00
7.489999999999882974e+00
7.499999999999882760e+00
7.509999999999882547e+00
7.519999999999882334e+00
7.529999999999882121e+00
7.539999999999881908e+00
7.549999999999881695e+00
7.559999999999881481e+00
7.569999999999881268e+00
7.579999999999881055e+00
7.589999999999880842e+00
7.599999999999880629e+00
7.609999999999880416e+00
7.619999999999880202e+00
7.629999999999879989e+00
7.639999999999879776e+00
7.649999999999879563e+00
7.659999999999879350e+00
7.669999999999879137e+00
7.679999999999878924e+00
7.689999999999878710e+00
7.699999999999878497e+00
7.709999999999878284e+00
7.719999999999878071e+00
7.729999999999877858e+00
7.739999999999877645e+00
7.749999999999877431e+00
7.759999999999877218e+00
7.769999999999877005e+00
7.779999999999876792e+00
7.789999999999876579e+00
7.799999999999876366e+00
7.809999999999876152e+00
7.819999999999875939e+00
7.829999999999875726e+00
7.839999999999875513e+00
7.849999999999875300e+00
7.859999999999875087e+00
7.869999999999874873e+00
7.879999999999874660e+00
7.889999999999874447e+00
7.899999999999874234e+00
7.909999999999874021e+00
7.919999999999873808e+00
7.929999999999873594e+00
7.939999999999873381e+00
7.949999999999873168e+00
7.959999999999872955e+00
7.969999999999872742e+00
7.979999999999872529e+00
7.989999999999872315e+00
7.999999999999872102e+00
8.009999999999871889e+00
8.019999999999871676e+00
8.029999999999871463e+00
8.039999999999871250e+00
8.049999999999871036e+00
8.054999999999871818e+00
8.059999999999872600e+00
8.064999999999873381e+00
8.069999999999874163e+00
8.074999999999874944e+00
8.080000000000000071e+00
8.085000000000000853e+00
8.095000000000000639e+00
8.100000000000001421e+00
8.105000000000002203e+00
8.115000000000001990e+00
8.120000000000000995e+00
8.125000000000000000e+00
8.134999999999998010e+00
8.144999999999997797e+00
8.154999999999997584e+00
8.160000000000000142e+00
8.169999999999999929e+00
8.179999999999999716e+00
8.189999999999999503e+00
8.199999999999999289e+00
8.209999999999999076e+00
8.219999999999998863e+00
8.229999999999998650e+00
8.239999999999998437e+00
8.249999999999998224e+00
8.259999999999998010e+00
8.269999999999997797e+00
8.279999999999997584e+00
8.289999999999997371e+00
8.299999999999997158e+00
8.304999999999997939e+00
8.309999999999998721e+00
8.314999999999999503e+00
8.320000000000000284e+00
8.325000000000001066e+00
8.330000000000001847e+00
8.335000000000002629e+00
8.340000000000003411e+00
8.345000000000004192e+00
8.350000000000004974e+00
8.355000000000002203e+00
8.359999999999999432e+00
8.364999999999996660e+00
8.369999999999993889e+00
8.374999999999991118e+00
8.379999999999988347e+00
8.384999999999985576e+00
8.389999999999982805e+00
8.394999999999980034e+00
8.400000000000000355e+00
8.410000000000000142e+00
8.419999999999999929e+00
8.429999999999999716e+00
8.439999999999999503e+00
8.449999999999999289e+00
8.459999999999999076e+00
8.469999999999998863e+00
8.479999999999998650e+00
8.489999999999998437e+00
8.499999999999998224e+00
8.509999999999998010e+00
8.519999999999997797e+00
8.529999999999997584e+00
8.539999999999997371e+00
8.544999999999998153e+00
8.549999999999998934e+00
8.554999999999999716e+00
8.560000000000000497e+00
8.565000000000001279e+00
8.570000000000002061e+00
8.575000000000002842e+00
8.580000000000003624e+00
8.585000000000004405e+00
8.590000000000005187e+00
8.595000000000002416e+00
8.597500000000000142e+00
8.599999999999999645e+00
8.604999999999998650e+00
8.607499999999998153e+00
8.609999999999997655e+00
8.614999999999996660e+00
8.617499999999996163e+00
8.622499999999995168e+00
8.627499999999994174e+00
8.632499999999993179e+00
8.636249999999996874e+00
8.640000000000000568e+00
8.647500000000007958e+00
8.652500000000008740e+00
8.657500000000009521e+00
8.662500000000010303e+00
8.672500000000010090e+00
8.679999999999999716e+00
8.689999999999999503e+00
8.699999999999999289e+00
8.709999999999999076e+00
8.719999999999998863e+00
8.729999999999998650e+00
8.739999999999998437e+00
8.749999999999998224e+00
8.759999999999998010e+00
8.769999999999997797e+00
8.779999999999997584e+00
8.789999999999997371e+00
8.794999999999998153e+00
8.800000000000000711e+00
8.805000000000001492e+00
8.810000000000002274e+00
8.815000000000003055e+00
8.820000000000003837e+00
8.825000000000004619e+00
8.830000000000005400e+00
8.832500000000003126e+00
8.835000000000000853e+00
8.837499999999998579e+00
8.839999999999999858e+00
8.842500000000001137e+00
8.845000000000002416e+00
8.847500000000003695e+00
8.850000000000004974e+00
8.855000000000007532e+00
8.857500000000007034e+00
8.860000000000006537e+00
8.862500000000006040e+00
8.865000000000005542e+00
8.867500000000005045e+00
8.870000000000004547e+00
8.872500000000004050e+00
8.875000000000003553e+00
8.877500000000001279e+00
8.880000000000000782e+00
8.882500000000000284e+00
8.884999999999999787e+00
8.887499999999999289e+00
8.889999999999998792e+00
8.892499999999998295e+00
8.894999999999997797e+00
8.897499999999997300e+00
8.902499999999996305e+00
8.907499999999995310e+00
8.912499999999994316e+00
8.916249999999998010e+00
8.919999999999999929e+00
8.927500000000003766e+00
8.932500000000004547e+00
8.942500000000004334e+00
8.952500000000004121e+00
8.960000000000000853e+00
8.970000000000000639e+00
8.980000000000000426e+00
8.990000000000000213e+00
9.000000000000000000e+00
9.009999999999999787e+00
9.019999999999999574e+00
9.029999999999999361e+00
9.039999999999999147e+00
9.044999999999999929e+00
9.050000000000000711e+00
9.055000000000001492e+00
9.060000000000002274e+00
9.065000000000003055e+00
9.070000000000003837e+00
9.075000000000002842e+00
9.077500000000000568e+00
9.080000000000000071e+00
9.082499999999999574e+00
9.084999999999999076e+00
9.087499999999998579e+00
9.089999999999998082e+00
9.092499999999997584e+00
9.094999999999997087e+00
9.097499999999996589e+00
9.099999999999996092e+00
9.102499999999995595e+00
9.104999999999995097e+00
9.107499999999994600e+00
9.109999999999994102e+00
9.112499999999993605e+00
9.114999999999993108e+00
9.117499999999992610e+00
9.120000000000000995e+00
9.122500000000009379e+00
9.125000000000017764e+00
9.127500000000026148e+00
9.130000000000034532e+00
9.132500000000042917e+00
9.135000000000051301e+00
9.137500000000059686e+00
9.140000000000068070e+00
9.142500000000076454e+00
9.145000000000084839e+00
9.147500000000093223e+00
9.152500000000109992e+00
9.156250000000055067e+00
9.160000000000000142e+00
9.167499999999890292e+00
9.172499999999891074e+00
9.182499999999890861e+00
9.192499999999890647e+00
9.200000000000001066e+00
9.210000000000000853e+00
9.220000000000000639e+00
9.230000000000000426e+00
9.240000000000000213e+00
9.250000000000000000e+00
9.259999999999999787e+00
9.269999999999999574e+00
9.279999999999999361e+00
9.289999999999999147e+00
9.299999999999998934e+00
9.304999999999999716e+00
9.310000000000000497e+00
9.315000000000001279e+00
9.320000000000000284e+00
9.324999999999999289e+00
9.329999999999998295e+00
9.334999999999997300e+00
9.337499999999996803e+00
9.339999999999996305e+00
9.342499999999995808e+00
9.344999999999995310e+00
9.347499999999994813e+00
9.352499999999993818e+00
9.356249999999995737e+00
9.358124999999997584e+00
9.359999999999999432e+00
9.361875000000001279e+00
9.363750000000003126e+00
9.365625000000004974e+00
9.367500000000006821e+00
9.369375000000008669e+00
9.371250000000010516e+00
9.373125000000012363e+00
9.376875000000016058e+00
9.378750000000017906e+00
9.380625000000019753e+00
9.382500000000021600e+00
9.384375000000023448e+00
9.386250000000025295e+00
9.388125000000027143e+00
9.390000000000028990e+00
9.391875000000030838e+00
9.393750000000032685e+00
9.395625000000034532e+00
9.397500000000036380e+00
9.400000000000000355e+00
9.402499999999964331e+00
9.404999999999928306e+00
9.409999999999856257e+00
9.412499999999820233e+00
9.417499999999748184e+00
9.422499999999676135e+00
9.424999999999640110e+00
9.429999999999568061e+00
9.434999999999496012e+00
9.439999999999999503e+00
9.445000000000000284e+00
9.450000000000001066e+00
9.460000000000000853e+00
9.470000000000000639e+00
9.480000000000000426e+00
9.490000000000000213e+00
9.500000000000000000e+00
9.509999999999999787e+00
9.519999999999999574e+00
9.529999999999999361e+00
9.539999999999999147e+00
9.549999999999998934e+00
9.559999999999998721e+00
9.564999999999999503e+00
9.570000000000000284e+00
9.575000000000001066e+00
9.580000000000001847e+00
9.585000000000002629e+00
9.587500000000002132e+00
9.590000000000001634e+00
9.592500000000001137e+00
9.595000000000000639e+00
9.597500000000000142e+00
9.599999999999999645e+00
9.602499999999999147e+00
9.604999999999998650e+00
9.607499999999998153e+00
9.609999999999997655e+00
9.612499999999997158e+00
9.614999999999996660e+00
9.617499999999996163e+00
9.619999999999995666e+00
9.622499999999995168e+00
9.624999999999994671e+00
9.627499999999994174e+00
9.629999999999993676e+00
9.632499999999993179e+00
9.634999999999992681e+00
9.637499999999992184e+00
9.640000000000000568e+00
9.642500000000008953e+00
9.645000000000017337e+00
9.647500000000025722e+00
9.650000000000034106e+00
9.652500000000042490e+00
9.655000000000050875e+00
9.657500000000059259e+00
9.660000000000067644e+00
9.665000000000084412e+00
9.667500000000083915e+00
9.670000000000083418e+00
9.672500000000082920e+00
9.675000000000082423e+00
9.679999999999999716e+00
9.682499999999958362e+00
9.687499999999875655e+00
9.692499999999792948e+00
9.697499999999710241e+00
9.707499999999544826e+00
9.712499999999545608e+00
9.720000000000000639e+00
9.730000000000000426e+00
9.740000000000000213e+00
9.750000000000000000e+00
9.759999999999999787e+00
9.769999999999999574e+00
9.779999999999999361e+00
9.789999999999999147e+00
9.799999999999998934e+00
9.809999999999998721e+00
9.819999999999998508e+00
9.824999999999999289e+00
9.830000000000000071e+00
9.835000000000000853e+00
9.839999999999999858e+00
9.844999999999998863e+00
9.849999999999997868e+00
9.852499999999997371e+00
9.854999999999996874e+00
9.857499999999996376e+00
9.859999999999995879e+00
9.862499999999995381e+00
9.864999999999994884e+00
9.867499999999994387e+00
9.869999999999993889e+00
9.874999999999992895e+00
9.877499999999997726e+00
9.880000000000000782e+00
9.882500000000003837e+00
9.885000000000006892e+00
9.887500000000009948e+00
9.890000000000013003e+00
9.892500000000016058e+00
9.893750000000018474e+00
9.896250000000021529e+00
9.898750000000024585e+00
9.901250000000027640e+00
9.903750000000030695e+00
9.906250000000033751e+00
9.908750000000036806e+00
9.911250000000039861e+00
9.913750000000042917e+00
9.916250000000045972e+00
9.918125000000022951e+00
9.919999999999999929e+00
9.921874999999976907e+00
9.925624999999930864e+00
9.927499999999907843e+00
9.931249999999861799e+00
9.934999999999815756e+00
9.936874999999792735e+00
9.938749999999769713e+00
9.942499999999723670e+00
9.944374999999700648e+00
9.948124999999654605e+00
9.951874999999608562e+00
9.955624999999562519e+00
9.960000000000000853e+00
9.968750000000877520e+00
9.973750000000878302e+00
9.983750000000878089e+00
9.993750000000877876e+00
1.000000000000000000e+01
1.000999999999999979e+01
1.001999999999999957e+01
1.002999999999999936e+01
1.003999999999999915e+01
1.004999999999999893e+01
1.005999999999999872e+01
1.006999999999999851e+01
1.007999999999999829e+01
1.008499999999999908e+01
1.008999999999999986e+01
1.009500000000000064e+01
1.010000000000000142e+01
1.010500000000000220e+01
1.010750000000000171e+01
1.011000000000000121e+01
1.011250000000000071e+01
1.011500000000000021e+01
1.011749999999999972e+01
1.012000000000000099e+01
1.012250000000000227e+01
1.012500000000000355e+01
1.012750000000000483e+01
1.013000000000000611e+01
1.013250000000000739e+01
1.013500000000000867e+01
1.013750000000000995e+01
1.014000000000001123e+01
1.014250000000001251e+01
1.014500000000001378e+01
1.014750000000001506e+01
1.015000000000001634e+01
1.015250000000001762e+01
1.015500000000001890e+01
1.015750000000000952e+01
1.016000000000000014e+01
1.016249999999999076e+01
1.016499999999998138e+01
1.016749999999997200e+01
1.016999999999996263e+01
1.017249999999995325e+01
1.017499999999994387e+01
1.017749999999993449e+01
1.017999999999992511e+01
1.018249999999991573e+01
1.018499999999990635e+01
1.018749999999989697e+01
1.018999999999988759e+01
1.019249999999987821e+01
1.019499999999986883e+01
1.019749999999985945e+01
1.020000000000000107e+01
1.020500000000028429e+01
1.021000000000028507e+01
1.021500000000028585e+01
1.022000000000028663e+01
1.022500000000028741e+01
1.023500000000028720e+01
1.024000000000000021e+01
1.024999999999942624e+01
1.025999999999942602e+01
1.026999999999942581e+01
1.027999999999942560e+01
1.028999999999942538e+01
1.029999999999942517e+01
1.030999999999942496e+01
1.031999999999942474e+01
1.032999999999942453e+01
1.033999999999942432e+01
1.034499999999942510e+01
1.034999999999942588e+01
1.035499999999942666e+01
1.035999999999999943e+01
1.036500000000000021e+01
1.036749999999999972e+01
1.036999999999999922e+01
1.037249999999999872e+01
1.037749999999999950e+01
1.037999999999999901e+01
1.038249999999999851e+01
1.038499999999999801e+01
1.038749999999999751e+01
1.038999999999999702e+01
1.039249999999999652e+01
1.039499999999999602e+01
1.039749999999999552e+01
1.040000000000000036e+01
1.040250000000000519e+01
1.040500000000001002e+01
1.040750000000001485e+01
1.041000000000001968e+01
1.041250000000002451e+01
1.041500000000002935e+01
1.041750000000003418e+01
1.042250000000004384e+01
1.042500000000004334e+01
1.042625000000004398e+01
1.042875000000004349e+01
1.043125000000004299e+01
1.043375000000004249e+01
1.043625000000004199e+01
1.043812500000002075e+01
1.043999999999999950e+01
1.044187499999997826e+01
1.044374999999995701e+01
1.044562499999993577e+01
1.044749999999991452e+01
1.044937499999989328e+01
1.045124999999987203e+01
1.045312499999985079e+01
1.045499999999982954e+01
1.045687499999980830e+01
1.045874999999978705e+01
1.046062499999976581e+01
1.046437499999972331e+01
1.046812499999968082e+01
1.047187499999963833e+01
1.047562499999959584e+01
1.048000000000000043e+01
1.048437500000040501e+01
1.049312500000121418e+01
1.050312500000121396e+01
1.051312500000121375e+01
1.051999999999999957e+01
1.052999999999999936e+01
1.053999999999999915e+01
1.054999999999999893e+01
1.055999999999999872e+01
1.056999999999999851e+01
1.057499999999999929e+01
1.058000000000000007e+01
1.058500000000000085e+01
1.059000000000000163e+01
1.059500000000000064e+01
1.059750000000000014e+01
1.059999999999999964e+01
1.060499999999999865e+01
1.060749999999999815e+01
1.060999999999999766e+01
1.061249999999999716e+01
1.061499999999999666e+01
1.061749999999999616e+01
1.061999999999999567e+01
1.062249999999999517e+01
1.062499999999999467e+01
1.062749999999999417e+01
1.063249999999999318e+01
1.063437499999999503e+01
1.063812499999999872e+01
1.064000000000000057e+01
1.064187500000000242e+01
1.064375000000000426e+01
1.064562500000000611e+01
1.064937500000000981e+01
1.065125000000001165e+01
1.065500000000001535e+01
1.065687500000001720e+01
1.065875000000001904e+01
1.066250000000002274e+01
1.066437500000002458e+01
1.066625000000002643e+01
1.066812500000002828e+01
1.067000000000003013e+01
1.067375000000003382e+01
1.067531250000002530e+01
1.067687500000001677e+01
1.067843750000000824e+01
1.067999999999999972e+01
1.068156249999999119e+01
1.068312499999998266e+01
1.068468749999997414e+01
1.068624999999996561e+01
1.068781249999995708e+01
1.068937499999994856e+01
1.069093749999994003e+01
1.069249999999993150e+01
1.069406249999992298e+01
1.069562499999991445e+01
1.069718749999990592e+01
1.070031249999988887e+01
1.070187499999988034e+01
1.070343749999987182e+01
1.070656249999985477e+01
1.070968749999983771e+01
1.071281249999982066e+01
1.071593749999980361e+01
1.071796874999990123e+01
1.072000000000000064e+01
1.072406250000019945e+01
1.072609375000029885e+01
1.073015625000049766e+01
1.073421875000069647e+01
1.073828125000089528e+01
1.074234375000109409e+01
1.074640625000129290e+01
1.075453125000169052e+01
1.075999999999999979e+01
1.076999999999999957e+01
1.077999999999999936e+01
1.078999999999999915e+01
1.079999999999999893e+01
1.080999999999999872e+01
1.081999999999999851e+01
1.082999999999999829e+01
1.083999999999999808e+01
1.084999999999999787e+01
1.085999999999999766e+01
1.086499999999999844e+01
1.086999999999999922e+01
1.087500000000000000e+01
1.088000000000000078e+01
1.088250000000000028e+01
1.088499999999999979e+01
1.088749999999999929e+01
1.088999999999999879e+01
1.089249999999999829e+01
1.089499999999999780e+01
1.089749999999999730e+01
1.089999999999999680e+01
1.090249999999999631e+01
1.090499999999999581e+01
1.090749999999999531e+01
1.090999999999999481e+01
1.091249999999999432e+01
1.091499999999999382e+01
1.091749999999999332e+01
1.091999999999999993e+01
1.092250000000000654e+01
1.092500000000001315e+01
1.092750000000001975e+01
1.093000000000002636e+01
1.093250000000003297e+01
1.093375000000003539e+01
1.093625000000004199e+01
1.093875000000004860e+01
1.094000000000005102e+01
1.094250000000005763e+01
1.094375000000006182e+01
1.094625000000006843e+01
1.094875000000007503e+01
1.095000000000007745e+01
1.095250000000008406e+01
1.095500000000009067e+01
1.095750000000004576e+01
1.096000000000000085e+01
1.096249999999995595e+01
1.096499999999991104e+01
1.096749999999986613e+01
1.096999999999982123e+01
1.097249999999977632e+01
1.097499999999973141e+01
1.097749999999968651e+01
1.097999999999964160e+01
1.098249999999959670e+01
1.098499999999955179e+01
1.098749999999950688e+01
1.098999999999946198e+01
1.099249999999941707e+01
1.099499999999937216e+01
1.099999999999928235e+01
1.100499999999919254e+01
1.101499999999901291e+01
1.102499999999901270e+01
1.103499999999901249e+01
1.104000000000000092e+01
1.105000000000000071e+01
1.106000000000000050e+01
1.107000000000000028e+01
1.108000000000000007e+01
1.108999999999999986e+01
1.109999999999999964e+01
1.110999999999999943e+01
1.112000000000000099e+01
1.112500000000000178e+01
1.113000000000000256e+01
1.113500000000000334e+01
1.114000000000000412e+01
1.114500000000000490e+01
1.114750000000000441e+01
1.115000000000000391e+01
1.115250000000000341e+01
1.115500000000000291e+01
1.115750000000000242e+01
1.116000000000000014e+01
1.116249999999999787e+01
1.116499999999999559e+01
1.116749999999999332e+01
1.116999999999999105e+01
1.117249999999998877e+01
1.117499999999998650e+01
1.117749999999998423e+01
1.117999999999998195e+01
1.118249999999997968e+01
1.118499999999997740e+01
1.118749999999997513e+01
1.118999999999997286e+01
1.119249999999997058e+01
1.119499999999996831e+01
1.119749999999996604e+01
1.120000000000000107e+01
1.120250000000003610e+01
1.120500000000007113e+01
1.120750000000010616e+01
1.121000000000014118e+01
1.121250000000017621e+01
1.121500000000021124e+01
1.121750000000024627e+01
1.122000000000028130e+01
1.122250000000031633e+01
1.122500000000035136e+01
1.122750000000038639e+01
1.123000000000042142e+01
1.123250000000045645e+01
1.123500000000049148e+01
1.123750000000024585e+01
1.124000000000000021e+01
1.124249999999975458e+01
1.124499999999950894e+01
1.124999999999901767e+01
1.125499999999852641e+01
1.125999999999803514e+01
1.126499999999754387e+01
1.127499999999656133e+01
1.127999999999999936e+01
1.128999999999999915e+01
1.129999999999999893e+01
1.130999999999999872e+01
1.131999999999999851e+01
1.132999999999999829e+01
1.133999999999999808e+01
1.134999999999999787e+01
1.135999999999999766e+01
1.136999999999999744e+01
1.137999999999999723e+01
1.138499999999999801e+01
1.138999999999999879e+01
1.139499999999999957e+01
1.140000000000000036e+01
1.140500000000000114e+01
1.140750000000000064e+01
1.141000000000000014e+01
1.141249999999999964e+01
1.141499999999999915e+01
1.141749999999999865e+01
1.141999999999999815e+01
1.142249999999999766e+01
1.142499999999999716e+01
1.142749999999999666e+01
1.142999999999999616e+01
1.143249999999999567e+01
1.143499999999999517e+01
1.143749999999999467e+01
1.143874999999999709e+01
1.143999999999999950e+01
1.144062500000000071e+01
1.144187500000000313e+01
1.144312500000000554e+01
