1.000000000000000000e+00
9.999929601988817307e-01
9.999772954472888609e-01
9.999670548735164477e-01
9.999602335195210134e-01
9.999445166999222367e-01
9.999302180129222561e-01
9.999236137373683775e-01
9.999115973673809998e-01
9.998969094290384163e-01
9.998896279560973710e-01
9.998813670926868236e-01
9.998680790038650956e-01
9.998590753375745654e-01
9.998510935316704540e-01
9.998374145047479455e-01
9.998258073599641804e-01
9.998176327318228918e-01
9.998049222407252579e-01
9.997918622344809103e-01
9.997841871733458285e-01
9.997748124375590573e-01
9.997628856334073166e-01
9.997546163194470648e-01
9.997465848758492202e-01
9.997353252271770074e-01
9.997255238659060739e-01
9.997166932617402857e-01
9.997051128835624523e-01
9.996941789218821706e-01
9.996856315151387840e-01
9.996757241528440030e-01
9.996652444965294926e-01
9.996573128887320525e-01
9.996495264296533234e-01
9.996401901034536186e-01
9.996315850872687925e-01
9.996234802909177430e-01
9.996141247379519701e-01
9.996047003914213525e-01
9.995960288055596443e-01
9.995868638457887645e-01
9.995777923299700163e-01
9.995700304584761442e-01
9.995602909852069340e-01
9.995241503299838737e-01
9.994776868167571937e-01
9.994282846687420063e-01
9.993768922278871703e-01
9.993230919291928860e-01
9.992663128085869095e-01
9.992073030451732452e-01
9.991457362266976672e-01
9.990804436220261930e-01
9.990118862230019658e-01
9.989405650267522141e-01
9.988658947343355132e-01
9.987882247290598148e-01
9.987083590562746416e-01
9.986261278615542469e-01
9.985417593668425296e-01
9.984558609094185133e-01
9.983679375461468330e-01
9.982776386792021617e-01
9.981855083149606678e-01
9.980913847326200461e-01
9.979947503572264011e-01
9.978961426172834326e-01
9.977960669927746773e-01
9.976944591232969062e-01
9.975917890969258073e-01
9.974885389746528386e-01
9.973845685973723452e-01
9.972800971831080608e-01
9.971754491541157117e-01
9.970702114356374546e-01
9.969545923587906922e-01
9.968341917367603555e-01
9.967121925399358151e-01
9.965883566760254109e-01
9.964631392247428332e-01
9.963389132327217235e-01
9.962173999383228118e-01
9.960986601511989669e-01
9.959825150763814694e-01
9.958686545288454317e-01
9.957560987074944858e-01
9.956438407601156948e-01
9.955310990232253410e-01
9.954171386174341940e-01
9.953021645987657484e-01
9.951876062626074937e-01
9.950746221098836219e-01
9.949635327252636108e-01
9.948550061877922124e-01
9.947498861535780668e-01
9.946476873666171281e-01
9.945469371226679511e-01
9.944466073383751992e-01
9.943460395722053535e-01
9.942445035910568718e-01
9.941418315230258207e-01
9.940384768356381739e-01
9.939349246846453934e-01
9.938321176046683858e-01
9.937312194689215117e-01
9.936321645209271747e-01
9.935342145487435772e-01
9.934372812750288384e-01
9.933408492692666902e-01
9.932434880229952245e-01
9.931445360478653450e-01
9.930442854287023779e-01
9.929429904114809302e-01
9.928413668323377017e-01
9.927406912406673278e-01
9.926417575931389958e-01
9.925452025313116211e-01
9.924519570514110933e-01
9.923620498865807216e-01
9.922746758031418812e-01
9.921897610029988268e-01
9.921075884746930473e-01
9.920279214153687741e-01
9.919510602655663423e-01
9.918781930742510689e-01
9.918103191639734417e-01
9.917483657271450870e-01
9.916934494059073124e-01
9.916459603576188719e-01
9.916057476029759288e-01
9.915729575021036135e-01
9.915473663464651199e-01
9.915282032182577421e-01
9.915154307263656097e-01
9.915097720164118833e-01
9.915118769632688123e-01
9.915227667601629324e-01
9.915441215463640656e-01
9.915775409625270376e-01
9.916244946285741602e-01
9.916865935289903566e-01
9.917650926898966546e-01
9.918609602105050715e-01
9.919755956345601700e-01
9.921105654344758440e-01
9.922672168308533935e-01
9.924473029797328261e-01
9.926530831313493675e-01
9.928866075530395907e-01
9.931496738431291327e-01
9.934342022381402737e-01
9.937248421927512565e-01
9.940476580980055488e-01
9.944034435707851394e-01
9.947927355252790260e-01
9.952158860407315233e-01
9.956731533473015539e-01
9.961646379164540432e-01
9.966902794533263332e-01
9.969632986008735154e-01
9.968829820777462825e-01
9.968050635260665704e-01
9.967292340079584312e-01
9.966570254741694557e-01
9.965901907020778827e-01
9.964894491644368246e-01
9.961803845176341321e-01
9.951320712749740505e-01
9.940541950682846295e-01
9.929502494682832525e-01
9.918244286272969168e-01
9.906812681937426923e-01
9.895254931191358461e-01
9.883620543090680943e-01
9.871959608348321868e-01
9.860320941153132290e-01
9.848752531954008127e-01
9.837302489238907155e-01
9.826019297678834086e-01
9.814952109437905525e-01
9.804150450838490238e-01
9.793662863065303315e-01
9.783536174510271133e-01
9.773814132894270701e-01
9.764535606051429895e-01
9.755732774922291073e-01
9.747431363473331167e-01
9.739651751910466393e-01
9.732408531082840097e-01
9.725710996605624326e-01
9.719564842063573851e-01
9.713972799941954506e-01
9.708933921351026175e-01
9.704443122091287455e-01
9.700490405279796891e-01
9.697059500580057501e-01
9.694127738859021903e-01
9.691666067864584955e-01
9.689638283897004101e-01
9.688001765096112550e-01
9.686763801128481788e-01
9.685947504462927293e-01
9.685429876595100795e-01
9.685080757074866487e-01
9.684919701745212661e-01
9.684882727219523701e-01
9.684800189060177589e-01
9.684607393011678278e-01
9.684247600879064555e-01
9.683612206991284443e-01
9.682717762925920901e-01
9.681595191902792052e-01
9.680122428893047637e-01
9.678255338354337933e-01
9.676088031504056497e-01
9.673556360367784324e-01
9.670498426406146653e-01
9.666926386995642329e-01
9.662873681960217898e-01
9.658254523469239627e-01
9.653072313773812807e-01
9.647412186495407660e-01
9.641271595665753535e-01
9.634703856585747905e-01
9.627858272653848637e-01
9.620745140398370143e-01
9.613341277481974867e-01
9.605797241982300116e-01
9.598205318646702011e-01
9.590517284604095360e-01
9.582827813805714356e-01
9.575311767983287758e-01
9.568028349853401338e-01
9.561085753921937380e-01
9.554670164647723896e-01
9.548864202664479883e-01
9.543748834322886010e-01
9.539487923616165599e-01
9.536135461817882852e-01
9.533662189040001955e-01
9.532150986045727636e-01
9.531677964046977314e-01
9.532189571334264144e-01
9.533680747252692989e-01
9.536212927960421304e-01
9.539753397215767761e-01
9.544252034524906003e-01
9.549706768532501000e-01
9.556032558336499116e-01
9.563103817068133727e-01
9.570862012374498073e-01
9.579197969267719825e-01
9.587928296153764851e-01
9.596947249277480996e-01
9.606184474544117169e-01
9.615495110330543049e-01
9.624751100175095164e-01
9.633878449057803328e-01
9.642761592102839785e-01
9.651267507220147035e-01
9.659294745027324769e-01
9.666711630653503917e-01
9.673366953438967686e-01
9.679163214565087436e-01
9.684010114846848261e-01
9.687785062347537002e-01
9.690412194165787252e-01
9.691871266221743220e-01
9.692122924260576644e-01
9.691131590014450126e-01
9.688905791267583556e-01
9.685456890923903606e-01
9.680797534614816735e-01
9.674975237201209888e-01
9.668048826804155338e-01
9.660084175505573301e-01
9.651193334467654816e-01
9.641518370186741294e-01
9.631196933000992777e-01
9.620383955963019984e-01
9.609265025542382821e-01
9.598022358114948194e-01
9.586821838755514857e-01
9.575832357390731131e-01
9.565222405860236421e-01
9.555147965267201116e-01
9.545760255700906916e-01
9.537206363534080911e-01
9.529620829146346894e-01
9.523134290207797559e-01
9.517875385255356591e-01
9.513949584469013621e-01
9.511433809438781806e-01
9.510392809720407126e-01
9.510874668368314300e-01
9.512893581386497877e-01
9.516437434828461939e-01
9.521482004682352285e-01
9.527986009960222047e-01
9.535886941896717373e-01
9.545107686669822566e-01
9.555554024329241392e-01
9.567109388382505353e-01
9.579641907596015971e-01
9.593001036349231292e-01
9.607005614251739045e-01
9.621455626427868335e-01
9.636147661094399686e-01
9.650865472953752411e-01
9.665377853970743560e-01
9.679459446512098664e-01
9.692894099030282540e-01
9.705467013020246947e-01
9.716975076313403292e-01
9.727229739457275981e-01
9.736049956694177165e-01
9.743272495502249830e-01
9.748759463845662054e-01
9.752388709469088646e-01
9.754058478693503620e-01
9.753705243790254942e-01
9.751298970233582830e-01
9.746834255190042207e-01
9.740341669639862587e-01
9.731889877798226562e-01
9.721573218955372742e-01
9.709513151240687368e-01
9.695860112750309678e-01
9.680781299609830803e-01
9.664464257525837709e-01
9.647122379819851323e-01
9.628984639799512690e-01
9.610291725960266040e-01
9.591301427400928947e-01
9.572288086481061109e-01
9.553529161880889298e-01
9.535304169206594294e-01
9.517891743729939291e-01
9.501560565677166226e-01
9.486567195297916921e-01
9.473154997953761036e-01
9.461547671292628303e-01
9.451945800569507838e-01
9.444530750955463239e-01
9.439458325818725903e-01
9.436850890914240120e-01
9.436801028817776160e-01
9.439369894225828617e-01
9.444577584469290299e-01
9.452402589256890808e-01
9.462784595411375399e-01
9.475621449818231179e-01
9.490769534994133450e-01
9.508049197519630180e-01
9.527244921936968147e-01
9.548107152054525759e-01
9.570360319433675045e-01
9.593703360756441478e-01
9.617807785006978749e-01
9.642331171135934964e-01
9.666923478825906191e-01
9.691222105567697254e-01
9.714859585259295605e-01
9.737474872052530595e-01
9.758711057130768918e-01
9.778227549728214507e-01
9.795705001954432278e-01
9.810849639041846482e-01
9.823395534951288033e-01
9.833111833852620220e-01
9.839805701897419432e-01
9.843322764828016380e-01
9.843549869699331767e-01
9.840419113907440396e-01
9.833908993743123439e-01
9.824044906063784666e-01
9.810901101013492775e-01
9.794601706639376459e-01
9.775320580351141153e-01
9.753279853800173038e-01
9.728747645778206277e-01
9.702035465217937471e-01
9.673495741459193775e-01
9.643513532019954981e-01
9.612503675168484474e-01
9.580902590346764836e-01
9.549166864144589262e-01
9.517770966394072385e-01
9.487183628309813210e-01
9.457870788321623978e-01
9.430290895769902759e-01
9.404887477364605175e-01
9.382079768560009914e-01
9.362256903291769072e-01
9.345771075762007163e-01
9.332930637751892800e-01
9.323994507467959769e-01
9.319168708966952819e-01
9.318601953613933064e-01
9.322382963386860455e-01
9.330539460985645128e-01
9.343036563656855753e-01
9.359775568767429998e-01
9.380593705360099621e-01
9.405266256807832681e-01
9.433508968863237865e-01
9.464979724330321309e-01
9.499282233054375801e-01
9.535974362319810105e-01
9.574569654988908107e-01
9.614536996467063501e-01
9.655307603286523710e-01
9.696303613929032617e-01
9.736923997283752907e-01
9.776563884040936347e-01
9.814619451511060744e-01
9.850501001828753100e-01
9.883638962601198896e-01
9.913492754606749724e-01
9.936158118884853563e-01
9.930874155801060477e-01
9.925594060521518713e-01
9.920423828461889526e-01
9.915601739178907525e-01
9.911234775743910097e-01
9.907397446242385275e-01
9.904157423742918631e-01
9.901574350646767941e-01
9.899698813517942009e-01
9.898571709393062523e-01
9.890244862404991011e-01
9.854072817770540560e-01
9.813649230888932262e-01
9.769486237386676430e-01
9.722164453076929114e-01
9.672326930801992129e-01
9.620669916806470212e-01
9.567927587973892312e-01
9.514876300354576655e-01
9.462302130260840105e-01
9.410982238079492745e-01
9.361693958002471616e-01
9.315203215067018316e-01
9.272249619988528480e-01
9.233531533118262136e-01
9.199695080898371291e-01
9.171325414501275697e-01
9.148937868085454950e-01
9.132970026363688154e-01
9.123774734467167136e-01
9.121614228984143979e-01
9.126655164473013171e-01
9.138964934598184930e-01
9.158509053500041297e-01
9.185149166056765235e-01
9.218642555433288477e-01
9.258642327473423084e-01
9.304699304442440866e-01
9.356264990205752641e-01
9.412695265101448383e-01
9.473265737802166742e-01
9.537179468573411256e-01
9.603580731147629557e-01
9.671517454717366569e-01
9.740012709162582105e-01
9.808052647000152779e-01
9.874614628775683078e-01
9.938687643693809859e-01
9.956174585189706550e-01
9.947027320269273831e-01
9.909297035367712336e-01
9.873007138205640576e-01
9.842136251714217465e-01
9.817259446659517552e-01
9.798874061928206647e-01
9.787389851646649541e-01
9.783120694411020501e-01
9.786277646082731652e-01
9.796963445415322047e-01
9.815168797101329057e-01
9.840770450880664821e-01
9.861728829111183758e-01
9.861079591892348839e-01
9.861791886122561746e-01
9.863880114958891721e-01
9.867197984907084551e-01
9.807828391360725595e-01
9.725217234867817861e-01
9.639356180401246199e-01
9.551481756975304105e-01
9.462913786556235163e-01
9.374940943856135966e-01
9.288870821427190894e-01
9.206031937616917515e-01
9.127715196924813812e-01
9.055160606390286748e-01
8.989559061376511950e-01
8.932034773247101711e-01
8.883577382490566166e-01
8.845085379788852897e-01
8.817303858552265616e-01
8.800663549897023152e-01
8.795425269942945823e-01
8.801802141492532927e-01
8.819950308056946353e-01
8.849975651947695754e-01
8.891906218617853241e-01
8.945470371653069241e-01
9.010079695624383378e-01
9.085027020261656761e-01
9.169398099251466761e-01
9.262129861253665108e-01
9.362029183639504204e-01
9.467764070286061040e-01
9.577916910463194489e-01
9.690953688108352448e-01
9.805194105656324099e-01
9.918917479461205611e-01
9.977874381542966020e-01
9.891915123685898203e-01
9.809980660048253087e-01
9.733383623002820340e-01
9.663403838392303769e-01
9.601234193000203199e-01
9.547973740546289445e-01
9.504591241619906317e-01
9.471926302703972400e-01
9.450683130359521789e-01
9.441413310097738210e-01
9.444503895397865501e-01
9.460167055829098448e-01
9.488432914174518285e-01
9.529145724368612846e-01
9.581962890551810608e-01
9.646348410650424920e-01
9.721562737669219301e-01
9.802413163395056195e-01
9.807860951756255385e-01
9.815565355613674603e-01
9.822687639543368210e-01
9.679936092988531415e-01
9.533467568680767945e-01
9.385553077573741687e-01
9.238376565664079276e-01
9.094229167871327180e-01
8.955409721187144179e-01
8.824535491187863734e-01
8.705628883385749806e-01
8.600275591504497052e-01
8.509259694261893658e-01
8.433544589204124975e-01
8.363662714245735375e-01
8.320411240693633692e-01
8.296277220168793987e-01
8.288233562770946916e-01
8.295558353263828844e-01
8.318195017064518026e-01
8.356446951736302697e-01
8.410890962848177610e-01
8.507993707515225656e-01
8.605004807412425238e-01
8.720111877956542301e-01
8.852770583805358307e-01
9.002944355084342432e-01
9.166902873113158545e-01
9.341360221169673350e-01
9.523758964060159427e-01
9.711547772468106521e-01
9.901840703857971437e-01
9.929480698005905825e-01
9.785449878356856646e-01
9.646407053895066364e-01
9.508692234199361826e-01
9.379066397461515159e-01
9.260200041698162243e-01
9.154114297261223276e-01
9.062699733359622645e-01
8.987631677563558963e-01
8.930317285166488039e-01
8.891939891015558928e-01
8.873214876063347800e-01
8.874690390658347416e-01
8.896782266628097124e-01
8.939768280418808333e-01
9.003714842007884966e-01
9.088174877979089405e-01
9.192365649482701073e-01
9.315109016015680199e-01
9.454876016790086934e-01
9.609888064780482964e-01
9.719977674637066967e-01
9.736036297278659601e-01
9.755571332679315866e-01
9.519735194280082302e-01
9.272798155480336257e-01
9.026985826092442933e-01
8.787037578644683045e-01
8.563830383312577288e-01
8.347912049832055814e-01
8.174800778359839759e-01
8.037849471670538426e-01
7.931890589204325659e-01
7.852687983875175082e-01
7.795937296962652807e-01
7.757723425848980225e-01
7.735553394954334250e-01
7.728070554783729174e-01
7.734653633006223217e-01
7.755273860591381796e-01
7.790447804497693252e-01
7.841292820716021517e-01
7.909739717748414112e-01
7.998947299261588428e-01
8.113536318467177155e-01
8.258534852295769113e-01
8.579313356852360517e-01
8.832780592377459383e-01
9.115359377582530342e-01
9.416331213050183058e-01
9.727572112763723799e-01
9.847277378688614746e-01
9.714719780566775098e-01
9.473311830794313160e-01
9.240581790298809661e-01
9.020634668420263180e-01
8.806852121749983997e-01
8.612675882467631938e-01
8.399342646041665361e-01
8.247856028235336368e-01
8.138929371573362381e-01
8.063013443325441898e-01
8.013912169555854614e-01
7.987873737779869199e-01
7.982920622814927425e-01
7.998580717080960856e-01
8.035732386313897413e-01
8.096657261663396943e-01
8.185170027835270146e-01
8.306695573813900335e-01
8.631279680433248114e-01
8.854119134538346314e-01
9.106908089663257044e-01
9.384595908258508423e-01
9.584813333125489221e-01
9.616721375948631412e-01
9.523933863394291599e-01
9.112063674364190291e-01
8.704123093349748208e-01
8.314508854304807350e-01
7.988095819475399262e-01
7.746479474196125148e-01
7.579616267906442717e-01
7.460687412873824309e-01
7.373762852297459647e-01
7.311456257292698879e-01
7.267825950648644229e-01
7.238562500194873905e-01
7.221181436762528216e-01
7.214376626039513685e-01
7.217534687563329499e-01
7.230540892368241268e-01
7.253748583200780864e-01
7.288075025727765999e-01
7.335257146928145788e-01
7.398492332962292028e-01
7.482980754555158542e-01
7.595300917842747745e-01
7.741892165066016629e-01
7.932287515414699897e-01
8.734520088309131181e-01
9.214725114516407745e-01
9.650141820492187383e-01
9.704823089046651363e-01
9.382933082883277986e-01
8.981142489636657622e-01
8.603841619845796762e-01
8.249172087438099155e-01
7.955088053409763438e-01
7.759865198233290018e-01
7.628037874708442079e-01
7.533159789614598534e-01
7.464532566330958074e-01
7.415874587398892936e-01
7.383151573222123121e-01
7.364040923719179510e-01
7.357506899548496015e-01
7.363351287756680907e-01
7.382060837785839880e-01
7.414869921796913843e-01
7.464118360546885267e-01
7.533672692279519412e-01
7.628810391865794571e-01
7.755171016422589547e-01
7.926672881797680592e-01
8.705432310447269728e-01
9.191578111208054125e-01
9.382076577658560179e-01
9.443231903438180641e-01
8.890703662774798177e-01
8.231505503632299270e-01
7.679541717981959170e-01
7.355983978331522843e-01
7.172057837041080353e-01
7.054680094149904379e-01
6.970590453908177553e-01
6.907556831193294444e-01
6.860234084292525791e-01
6.825727174145252985e-01
6.802040562424561676e-01
6.787871116950600081e-01
6.782319130520122474e-01
6.784812303043586956e-01
6.795015788117000355e-01
6.812846996574200009e-01
6.838477673148202207e-01
6.872417509969827032e-01
6.915637644314768240e-01
6.969749123746115105e-01
7.037013146572400624e-01
7.121377968252058377e-01
7.230953884542330456e-01
7.384565366234223660e-01
8.876437799471311729e-01
9.373370499482498452e-01
9.461597925000634346e-01
8.876266232933507361e-01
8.229677114116694669e-01
7.726525686411259697e-01
7.490750990928685127e-01
7.360537661711545887e-01
7.251324086947887881e-01
7.165057887664554315e-01
7.036463167599736890e-01
6.939565316648749205e-01
6.867844772522360142e-01
6.816972691467143575e-01
6.784394956541027755e-01
6.768868572641395520e-01
6.769947360789458912e-01
6.787885478458922650e-01
6.823540256455121744e-01
6.878699996111458104e-01
6.956318722700334245e-01
7.061172561035596873e-01
7.160506995202480240e-01
7.252690771899060751e-01
7.368079315679394448e-01
8.369363672127407838e-01
8.991120739161717612e-01
9.090057601413729094e-01
8.597566529901355947e-01
7.537876308728439501e-01
7.017766104536173888e-01
6.829994475042641122e-01
6.700114794450667821e-01
6.605494183339444270e-01
6.534207165809469142e-01
6.480329339602748373e-01
6.440829153869778168e-01
6.413694912460963238e-01
6.397268391804741272e-01
6.389937599252869527e-01
6.390176880366356116e-01
6.396511258653588827e-01
6.407752582245028750e-01
6.423106343210764901e-01
6.442297901522718862e-01
6.465581566529995383e-01
6.493745854836751041e-01
6.528030813008443012e-01
6.570065333454381262e-01
6.621911832091923467e-01
6.686458181099139697e-01
6.768640754795768322e-01
6.876065352284741472e-01
8.917250351820870113e-01
9.056174868170114856e-01
8.133506043308390554e-01
7.296545121941998557e-01
7.083119424291688393e-01
6.972766206189191518e-01
6.790151295355747463e-01
6.616528787161451985e-01
6.478608878936767956e-01
6.364802351302298877e-01
6.270673867896816578e-01
6.194285957067903192e-01
6.134703883956503789e-01
6.091689153453481165e-01
6.065122457086526975e-01
6.055175886811540176e-01
6.061904810394457277e-01
6.085608827415920352e-01
6.126440930765352233e-01
6.184730593871914373e-01
6.260774323198524671e-01
6.355319996764816626e-01
6.469963485420815452e-01
6.607592704938977102e-01
6.774947144663292509e-01
8.378571225126943967e-01
8.527027357940125674e-01
8.155360511918350319e-01
6.651251000419745596e-01
6.463459161478337656e-01
6.381509424152717047e-01
6.321449999911509243e-01
6.269789239692443727e-01
6.225153764758356578e-01
6.187831771699401351e-01
6.157063700610249102e-01
6.133614248863689111e-01
6.102349379443547939e-01
6.098543794608060065e-01
6.101358443835206424e-01
6.108783122134571197e-01
6.120162123987749059e-01
6.134317243843442347e-01
6.149605321059231633e-01
6.092272016802381396e-01
6.011266071321199611e-01
5.955108892285461142e-01
5.932324156826488393e-01
5.913843258602883290e-01
5.916173398225792468e-01
5.946639553988416482e-01
5.999777389343461387e-01
6.079049831384332192e-01
6.179796146090856812e-01
6.253150563517979599e-01
6.229531367005169962e-01
6.206915893203676093e-01
6.193936378120074027e-01
6.199624375579629865e-01
8.250703878809538816e-01
8.384237863044093908e-01
7.029172130227164805e-01
6.906847364625077201e-01
6.808269915961796537e-01
6.733522468310155773e-01
6.676835848305719967e-01
6.634932227114879177e-01
6.522747580106509346e-01
6.400847254559312027e-01
6.289446992864526909e-01
6.187390610654213141e-01
6.092138486785076967e-01
6.003760531410928802e-01
5.920819634568758039e-01
5.843752877028326465e-01
5.771890744800350914e-01
5.705902919535009721e-01
5.645261592761589009e-01
5.591027168548658999e-01
5.542394777749809487e-01
5.500369274364951266e-01
5.464009573500163697e-01
5.413925115255205922e-01
5.381470373001602248e-01
5.370335177530956017e-01
5.377611372279847979e-01
5.405672219873748352e-01
5.453320597396611458e-01
5.522446511646871281e-01
5.611840051299550325e-01
5.721072448401516297e-01
5.847352011202469058e-01
5.988293948077227924e-01
6.143052309255961907e-01
7.903365016471375348e-01
7.986619378952820592e-01
7.399370931546118690e-01
6.868336901474756395e-01
6.663172359673631417e-01
6.506766170572113595e-01
6.383074689314833794e-01
6.282232550344345468e-01
6.198010323072211669e-01
6.132029775950565975e-01
6.107240575819137263e-01
6.067562988213067721e-01
6.051800880941098360e-01
6.045510371267708294e-01
6.049932785120927248e-01
6.061064133316640401e-01
6.065434796007428409e-01
6.033898805954134303e-01
5.988409958402738376e-01
5.895938583077674489e-01
5.807037225319187090e-01
5.720841079974086085e-01
5.640139523899021512e-01
5.574255972858943586e-01
5.515385854809286004e-01
5.458322270204376547e-01
5.365326701517053598e-01
5.245360096007003481e-01
5.194947896113202290e-01
5.158504448864229541e-01
5.116604828974320451e-01
5.111170471950029492e-01
5.107926624512655334e-01
5.103286407320511975e-01
5.098539946609598195e-01
5.110994180841610390e-01
5.148162470792784218e-01
5.215598793296363223e-01
5.228827613679600805e-01
5.251406374304240510e-01
5.300940900967360259e-01
5.424775688700729237e-01
5.583114401464405185e-01
5.769961347804174467e-01
5.824885923882571204e-01
5.922203265610741507e-01
6.085508331643125768e-01
6.046619590861370686e-01
7.816409968741991898e-01
7.866731377836203576e-01
7.917235987118691476e-01
7.791800163353694852e-01
7.214676803214029599e-01
6.964556660111496100e-01
6.810450007535293615e-01
6.697704582677682650e-01
6.654872704879676304e-01
6.618480933735987337e-01
6.538980943139776070e-01
6.452123109265248679e-01
6.369159315639204566e-01
6.288453853709874419e-01
6.210199416120498750e-01
6.133668813640440476e-01
6.058895135667341503e-01
5.984683497281109155e-01
5.912252846133021489e-01
5.840168997862447142e-01
5.769201701684547601e-01
5.699391008880069220e-01
5.630369192567034053e-01
5.562769577525716880e-01
5.496781800257796169e-01
5.432057972101210774e-01
5.369597214270400709e-01
5.309148979998979945e-01
5.251136790331039084e-01
5.196294387299871254e-01
5.144557617111963355e-01
5.096278229395156956e-01
5.052025113517004673e-01
5.011418467113702979e-01
4.974846466866491013e-01
4.917221515353332184e-01
4.869352903076271111e-01
4.836548052619540350e-01
4.817475079271548721e-01
4.805965122502063869e-01
4.799609387264113791e-01
4.810662872072407614e-01
4.812034057872629500e-01
4.823590864601051131e-01
4.831454541372795508e-01
4.848960845187454405e-01
4.903340982451984131e-01
4.984610168819095244e-01
5.058710173379632469e-01
5.104756012319164871e-01
5.210482597115304593e-01
5.335960355876581129e-01
5.472801826274614756e-01
5.613586615675805191e-01
7.648091060908186467e-01
7.694889352511046221e-01
7.782749223004218342e-01
6.966612176726124650e-01
6.663771774674640547e-01
6.458013150425147009e-01
6.378230326170162279e-01
6.309083589244286472e-01
6.243373904082596404e-01
6.184199206173538466e-01
6.129938948990689696e-01
6.033146624064941177e-01
5.994790853535866271e-01
5.961317636758168836e-01
5.934863154910078320e-01
5.911498230909236762e-01
5.895977962408405215e-01
5.884496955323874623e-01
5.879618320847852520e-01
5.878428456882733855e-01
5.878984705122376475e-01
5.836524022049284222e-01
5.762116683000900741e-01
5.675919517055708630e-01
5.576892974211669074e-01
5.472271535289399136e-01
5.372410269579650510e-01
5.278483082599045861e-01
5.185932803995059182e-01
5.100694911357362971e-01
5.018768406863933773e-01
4.945084265301126769e-01
4.814370937247126059e-01
4.707766312606501691e-01
4.650155932177169049e-01
4.580125030608026560e-01
4.515217981970622296e-01
4.474751021286554331e-01
4.445319780618227634e-01
4.430461644271235788e-01
4.434818001637561569e-01
4.434059580590112848e-01
4.447242752459955595e-01
4.479268036943950260e-01
4.523971995164871029e-01
4.579645851150070390e-01
4.616652316170610226e-01
4.704600416805262975e-01
4.827195933998921218e-01
4.988159616933096063e-01
5.182240106629828480e-01
5.393778438255336649e-01
5.603337081886829996e-01
7.598939937592994465e-01
7.628170542940956311e-01
7.674804798540995066e-01
7.718566072982538939e-01
7.583415878965769075e-01
7.347236529875578182e-01
7.185506539290206218e-01
7.062937084154108369e-01
6.961566764826486731e-01
6.876671033760948237e-01
6.801604697129851607e-01
6.737013873432738942e-01
6.679718085849943865e-01
6.610572593493211357e-01
6.500623885953349390e-01
6.395632739059702310e-01
6.293034360973962515e-01
6.191965012602290708e-01
6.091804158306389771e-01
5.992166826199688545e-01
5.892503520773691994e-01
5.792553294449487300e-01
5.691957668640452717e-01
5.590405275114249672e-01
5.488003109309271821e-01
5.385477740661716028e-01
5.283549714339881298e-01
5.184060093485775012e-01
5.087777294801359984e-01
4.996208525662900191e-01
4.909969517543142370e-01
4.829740227225436944e-01
4.755849191112812013e-01
4.688460134273500501e-01
4.627707333701667203e-01
4.573431664247349371e-01
4.525905395266726083e-01
4.484527726721950769e-01
4.449449693520264315e-01
4.419989060407875092e-01
4.396076533818955578e-01
4.377287212471532296e-01
4.363338978331641194e-01
4.302638657524842647e-01
4.244246308642464771e-01
4.206302294234475214e-01
4.181303389080167632e-01
4.170098453520797999e-01
4.180590183594311005e-01
4.208280070825540786e-01
4.246847715746313590e-01
4.289272604294815383e-01
4.345750476009027641e-01
4.422575987817818355e-01
4.537055835932806147e-01
4.696453033621411088e-01
4.907700198221145449e-01
5.091546553925877516e-01
5.230643959402712095e-01
6.933160272263728663e-01
7.505451770662905364e-01
7.580879181905176845e-01
7.623263972196733240e-01
7.663307292939197657e-01
7.034985126781082565e-01
6.868838523962744746e-01
6.731334912698450079e-01
6.614569629190599764e-01
6.511896162752930373e-01
6.422442643844256116e-01
6.340148977885146087e-01
6.265190985949965485e-01
6.126513459204120382e-01
6.067573979817642016e-01
6.011553835575743632e-01
5.963264971086591482e-01
5.916342881073812787e-01
5.877393126152299363e-01
5.842047755441086565e-01
5.812472407256960016e-01
5.787696566690977429e-01
5.767784980181506205e-01
5.751519365858879240e-01
5.724948162625791426e-01
5.665828133563310942e-01
5.610790419665190321e-01
5.532036181267133701e-01
5.407196205526132449e-01
5.286289093344018752e-01
5.170629343975433612e-01
5.059585935913448740e-01
4.955371871341345269e-01
4.857410224475554039e-01
4.765395489691637287e-01
4.611633210811755257e-01
4.470791715394613619e-01
4.360871707904429018e-01
4.308890714527087717e-01
4.267919657482702189e-01
4.210246027568655403e-01
4.164746173271890450e-01
4.141211461292019225e-01
4.139929358712176044e-01
4.182366925523983148e-01
4.236521261535527993e-01
4.296497668885885246e-01
4.349348235460242518e-01
4.406589160075484735e-01
4.474324265307280113e-01
4.570033408707049882e-01
4.704283565753071272e-01
4.879603691636957841e-01
5.083951954362262438e-01
5.299076075242064032e-01
5.410429815030709522e-01
7.543944204415976573e-01
7.568837257842403465e-01
7.609917647572564947e-01
7.648736474279771436e-01
7.692726155896135731e-01
7.432935185876038409e-01
7.244801871123103254e-01
7.105952369059440610e-01
6.994684816031090380e-01
6.901934288544918639e-01
6.820943695895022030e-01
6.750178391850051307e-01
6.687499258334278496e-01
6.631025749397371216e-01
6.516815607884626216e-01
6.408249320343782918e-01
6.300762913518123121e-01
6.194885505874884180e-01
6.089219772093864558e-01
5.983063368399630377e-01
5.876267631623194321e-01
5.768491317080312042e-01
5.658716147574130995e-01
5.547409524322276519e-01
5.434593741556931201e-01
5.321165697981069531e-01
5.209477925581678104e-01
5.100368268977607533e-01
4.995581525088395036e-01
4.896351340595820334e-01
4.802990326662439635e-01
4.716460165934273641e-01
4.636960490496434550e-01
4.564591381144008642e-01
4.499560878993307811e-01
4.441798093663354985e-01
4.391050362488973513e-01
4.347302447027664440e-01
4.310151301425922954e-01
4.279171556989300185e-01
4.254261432754896655e-01
4.234835481481446506e-01
4.195082197989325468e-01
4.150597093272253568e-01
4.088089635304759106e-01
4.044951165470510590e-01
4.018565743436959825e-01
3.997612631954369777e-01
3.995080430611658850e-01
4.029430199913561217e-01
4.076968979215164213e-01
4.117424834749110474e-01
4.165307109047369227e-01
4.217362718299094149e-01
4.278550502104409015e-01
4.369816076608706856e-01
4.501803936806078044e-01
4.689054833335147277e-01
4.928184683143508327e-01
5.081301968135636393e-01
6.712121860158725140e-01
7.543244481793144329e-01
7.587735305095542060e-01
7.624940253964984649e-01
7.307005005518552032e-01
7.058559620329886153e-01
6.890041745355743874e-01
6.752028560513662070e-01
6.634441109800207625e-01
6.533161305876039604e-01
6.353137341325248988e-01
6.201238467784022657e-01
6.137691678973522524e-01
6.077195553142971107e-01
6.022848178549696785e-01
5.972105738060599078e-01
5.927959410355867487e-01
5.887800774903969581e-01
5.853047693431269183e-01
5.823268451158517545e-01
5.798169225966129936e-01
5.776589785710329883e-01
5.758078627280469597e-01
5.696781762458594800e-01
5.637688090080583692e-01
5.552426109814626587e-01
5.424078140648026514e-01
5.298556825670908133e-01
5.177964104986733096e-01
5.062084971190889959e-01
4.952278282254904407e-01
4.848790020049569272e-01
4.751334239633988599e-01
4.660856650989339545e-01
4.576620856158432060e-01
4.436908518809525304e-01
4.362603138421646820e-01
4.307059185568492543e-01
4.254314766517338642e-01
4.172649562360722375e-01
4.114928033737591528e-01
4.070817427481008277e-01
4.052899187807478265e-01
4.046430001910059637e-01
4.083381524285720765e-01
4.093340098403627780e-01
4.124915166704710701e-01
4.192124456584199188e-01
4.259407092592504829e-01
4.318515482528400007e-01
4.348636921781146025e-01
4.408309622279878992e-01
4.490926818693360967e-01
4.607410349641228864e-01
4.763155942814857324e-01
4.953490698330858533e-01
5.163974833277206189e-01
5.277006584017385205e-01
7.556155208583160698e-01
7.592358100162870382e-01
7.628579493556610913e-01
7.669965485594432142e-01
7.647622972142965603e-01
7.379576512415964018e-01
7.189382701301325618e-01
6.915894183388330285e-01
6.828764489363315926e-01
6.753162670393569877e-01
6.683833775130929578e-01
6.626132885841858888e-01
6.571402406371301685e-01
6.484196254774884371e-01
6.376174207826966756e-01
6.271621709325058136e-01
6.165397560066295801e-01
6.061890762981193559e-01
5.954438901137744100e-01
5.849037289348443247e-01
5.740054753608803129e-01
5.629608385705896501e-01
5.517091058046681429e-01
5.402631381454956472e-01
5.287860760294796902e-01
5.175520473350493367e-01
5.065510846223827413e-01
4.960762176889795261e-01
4.861857874150962155e-01
4.768731143899595515e-01
4.682927577353827031e-01
4.603964660815642596e-01
4.531745103294319010e-01
4.467382676038197387e-01
4.409808307676804096e-01
4.359474338324977882e-01
4.316290347166134023e-01
4.279412386693990933e-01
4.249070494595333369e-01
4.224708955461049520e-01
4.205994354193832163e-01
4.159413523617961905e-01
4.114993428262594954e-01
4.052065063517055754e-01
4.001480787974507902e-01
3.972652422211730983e-01
3.958507213685272808e-01
3.977590739650471718e-01
4.023503845523486167e-01
4.084362736733563870e-01
4.144139217342717174e-01
4.203796771948917765e-01
4.267308597516012436e-01
4.350567119734098376e-01
4.469676356361096947e-01
4.638026327069343369e-01
4.858695495438251077e-01
5.040372498497862619e-01
5.116410128834011362e-01
7.000177017479474184e-01
7.532884817724713189e-01
7.574242996031836928e-01
7.613245575299572021e-01
7.648489599813514950e-01
7.293972449267479563e-01
7.029499353375942006e-01
6.852216831427786481e-01
6.710624480670295267e-01
6.593388709831140559e-01
6.490398615888630651e-01
6.399669743027257551e-01
6.234828425953289344e-01
6.094102357503227152e-01
6.035203874654074818e-01
5.979212717772754981e-01
5.929656003089149863e-01
5.882845961572911175e-01
5.843384964930586900e-01
5.807061695360981046e-01
5.776681121634714700e-01
5.749953022633040867e-01
5.727448561817537476e-01
5.707228594538023003e-01
5.659043180354392799e-01
5.600321971640874752e-01
5.528695871874861334e-01
5.402361741173387077e-01
5.279505684494546491e-01
5.161515047880234075e-01
5.048477825197938973e-01
4.941155355762713031e-01
4.840192878428134504e-01
4.745243065620043388e-01
4.656642892088245778e-01
4.507987426737232739e-01
4.371712909273920422e-01
4.265564234598027693e-01
4.214958899011046478e-01
4.175958713485395379e-01
4.120933479037222069e-01
4.078389049247870268e-01
4.059275487944257743e-01
4.052639933823848906e-01
4.088651543510102293e-01
4.149881870776148673e-01
4.223994536664456012e-01
4.291779906947342793e-01
4.356493894086641006e-01
4.419946057458260524e-01
4.498562951206250271e-01
4.606438445754981181e-01
4.752474938907555457e-01
4.932304882344343278e-01
5.135296381694505197e-01
5.345763084272324717e-01
7.574788638653322526e-01
7.615039426411760459e-01
7.653776217826869788e-01
7.675592627774866505e-01
7.698511082763733748e-01
7.425222008787255579e-01
7.229591383755900047e-01
7.090075830867622608e-01
6.979289030072628464e-01
6.886894214769417877e-01
6.807519958107741687e-01
6.738544006101270245e-01
6.677552048150097175e-01
6.567708343106553048e-01
6.456115195559307685e-01
6.348350351515423817e-01
6.242171325238714541e-01
6.136629189888187508e-01
6.031326184522266542e-01
5.925746501914326281e-01
5.818937429145437656e-01
5.711105199402467525e-01
5.601193005985255491e-01
5.489338808568676731e-01
5.376714522056331713e-01
5.264083096732320444e-01
5.153545192455877277e-01
5.046513997596141499e-01
4.944056056287669532e-01
4.847434596217423119e-01
4.757169364275080081e-01
4.673594062623038781e-01
4.597041781712198905e-01
4.527501385218087870e-01
4.464852601722326120e-01
4.409212584051754868e-01
4.360360842211150612e-01
4.318222301069346569e-01
4.282713727961302563e-01
4.253363188754147872e-01
4.229932780317726682e-01
4.193421008516772797e-01
4.143552693026021361e-01
4.099848392470284431e-01
4.062151852018227594e-01
4.010286878455203152e-01
3.970876514301894811e-01
3.950633865524145749e-01
3.956200654548753803e-01
3.993226960326969888e-01
4.050478976435062384e-01
4.112757678562349861e-01
4.176281541240398631e-01
4.242775927167052874e-01
4.326583716647477984e-01
4.439576046605715476e-01
4.597037873097315486e-01
4.803993709274751445e-01
5.013140525778509993e-01
5.084410100953034028e-01
6.787290686308046217e-01
7.327419834107385954e-01
7.540965177431723232e-01
7.601164996944713703e-01
7.636905640199269651e-01
7.105667786425000632e-01
6.899088462989586557e-01
6.747458748615983160e-01
6.621248823600466293e-01
6.512030325950003418e-01
6.417737985529472500e-01
6.332059617363120507e-01
6.254494763467773888e-01
6.182208519948659831e-01
6.115446118256400165e-01
6.053407748583427006e-01
5.996095899358094838e-01
5.943512337815460844e-01
5.895136673933749627e-01
5.851706706249717449e-01
5.812390283339666786e-01
5.778165150924124971e-01
5.748244309413934605e-01
5.722751647732372549e-01
5.700325686437744954e-01
5.681263878476361384e-01
5.626653954129116064e-01
5.566770371120327576e-01
5.511985765307042540e-01
5.399655840673216467e-01
5.277070582737590776e-01
5.159164979546981833e-01
5.046818498251188778e-01
4.940503002403263677e-01
4.840277249025929929e-01
4.746633952187824801e-01
4.659490713807143414e-01
4.512819609897824602e-01
4.435025296351979840e-01
4.326540415020054819e-01
4.231374268361001167e-01
4.186539621399074651e-01
4.134180978866005551e-01
4.090623554187976518e-01
4.072988997152808266e-01
4.065355277796073308e-01
4.086728626011085219e-01
4.141494477463722457e-01
4.212091924847919944e-01
4.281901611255251039e-01
4.348787068939164446e-01
4.416148234512439208e-01
4.495197217032388393e-01
4.600619852229947959e-01
4.739904772342432571e-01
4.914448028384378331e-01
5.113656009292822935e-01
5.321397215068728315e-01
7.479782124071427951e-01
7.565984977689810265e-01
7.604969487029612507e-01
7.641907736372803850e-01
7.683438646034514985e-01
7.545459818817574771e-01
7.310493571353421371e-01
7.143748981718559543e-01
7.018064242339826508e-01
6.916097674653151062e-01
6.829193041637907635e-01
6.753629594938725944e-01
6.687341739900859450e-01
6.629244663099710388e-01
6.553023012664330738e-01
6.443403699023209086e-01
6.335636440553022997e-01
6.229760707984126622e-01
6.124726726302439639e-01
6.019414476508493372e-01
5.913730933750932506e-01
5.807348594027466060e-01
5.699007518081140589e-01
5.589067694379128426e-01
5.477423695013831084e-01
5.364516585677221450e-01
5.252855638431555008e-01
5.143255141992235657e-01
5.037379779279176351e-01
4.936721688396368823e-01
4.841438522445138948e-01
4.752583579647101097e-01
4.670431969112365800e-01
4.595057357120971853e-01
4.526709826746510568e-01
4.465509658155649153e-01
4.411182551510929861e-01
4.363849355009052355e-01
4.323226359447397971e-01
4.264271160156960505e-01
4.238452061221081868e-01
4.219314413874603042e-01
4.169131825163673866e-01
4.095440096939264585e-01
4.058770412161680774e-01
4.016211327934540720e-01
3.986405482868114469e-01
3.973395789504865494e-01
3.989882909684749901e-01
4.033054857357040723e-01
4.061302133335252806e-01
4.117934487621183193e-01
4.179132466822759184e-01
4.243548268723624783e-01
4.324373763954657557e-01
4.432321931129955539e-01
4.584327293203867004e-01
4.784068011055266356e-01
4.991244818267998595e-01
5.128917570000688375e-01
7.091101311898906356e-01
7.577208212246621111e-01
7.616122886411981208e-01
7.655123326141105577e-01
6.945905943245475056e-01
6.815968645569172590e-01
6.697704116798479657e-01
6.592211314876024186e-01
6.500059527399327797e-01
6.333907492233651348e-01
6.263820333116447703e-01
6.197665819815220134e-01
6.139683687726287253e-01
6.084109872013951925e-01
6.036026251995029179e-01
5.992354548887594001e-01
5.953597465329901750e-01
5.920339244354889674e-01
5.891604408346772237e-01
5.867992295099156985e-01
5.847869978393620549e-01
5.811354061918774239e-01
5.750078136603840040e-01
5.691012949602454185e-01
5.580588440492076918e-01
5.451704156220857911e-01
5.326774226511568067e-01
5.204403892901009465e-01
5.088245391898020831e-01
4.977513599040743197e-01
4.872227462189258618e-01
4.774446437583588221e-01
4.682496058827921859e-01
4.527458570322755449e-01
4.443698181057176844e-01
4.327983198139349619e-01
4.264588566569861294e-01
4.180806473802646805e-01
4.115575608978138678e-01
4.066045365817896329e-01
4.041897850669711190e-01
4.028030625525103603e-01
4.043184235947927530e-01
4.058337525618559982e-01
4.119830837214661923e-01
4.184344404392725814e-01
4.252638951322870176e-01
4.284037579091621306e-01
4.348107175968413673e-01
4.421822163062290034e-01
4.522587679291218965e-01
4.654093887368472848e-01
4.821484213813176378e-01
5.014774291054251432e-01
5.222350157724047204e-01
7.554722949093584106e-01
7.590553382015426953e-01
7.626602740804722114e-01
7.666929306677628952e-01
7.689687513995195900e-01
7.506076471321313504e-01
7.267582456058790941e-01
7.100179069320197156e-01
6.975602646973553256e-01
6.873777869992948597e-01
6.703234962480094650e-01
6.637100569706779751e-01
6.579241418815237052e-01
6.528607281704591481e-01
6.434601111456288436e-01
6.328788387676459459e-01
6.222534144080854590e-01
6.118122372189883640e-01
6.011962948739962842e-01
5.907028282961215293e-01
5.798684763021599853e-01
5.690955112909770186e-01
5.579501484110337417e-01
5.466785849283229970e-01
5.352984978718994258e-01
5.240067569476326570e-01
5.129201309199983294e-01
5.023307208366699639e-01
4.921698305432650189e-01
4.826754709748214967e-01
4.738369103875857413e-01
4.656314854896537181e-01
4.522807972287375966e-01
4.452722504624451183e-01
4.400993123830740927e-01
4.353644580677781262e-01
4.312429092027636468e-01
4.280351515798776485e-01
4.252063597090280922e-01
4.218439349603357313e-01
4.143524944399838983e-01
4.092329856809248656e-01
4.043816656569170220e-01
4.013147640307181963e-01
3.984787657871352584e-01
3.975619532145672208e-01
4.003306848786298833e-01
4.047869558020664171e-01
4.109408197506086990e-01
4.165927860825312523e-01
4.232218044706227422e-01
4.304379495271542511e-01
4.410236499238373575e-01
4.550587550680130211e-01
4.744452621156468597e-01
4.975260062582310128e-01
5.111180986940921933e-01
6.893673931141640621e-01
7.476332532358270777e-01
7.568190232974810749e-01
7.608725353240558542e-01
7.643795624357874186e-01
7.008374659020698560e-01
6.845151862428001666e-01
6.707096406752336426e-01
6.591090460977876431e-01
6.489050819738325648e-01
6.399782446776557387e-01
6.318389159776887087e-01
6.243157844957452074e-01
6.173784582976238333e-01
6.109142371132851856e-01
6.049512670158093686e-01
5.994641052419895644e-01
5.944453511408783752e-01
5.898738417475168916e-01
5.857719491121636812e-01
5.821175618861443857e-01
5.789171890545101729e-01
5.761629016192170161e-01
5.738146806476014383e-01
5.717587595433831771e-01
5.682725952235349043e-01
5.621068038793809452e-01
5.563740517957264098e-01
5.470916987017275801e-01
5.345814517590889992e-01
5.224633206643264360e-01
5.108734897563240729e-01
4.998028044572824791e-01
4.893933760061320304e-01
4.795784270800477200e-01
4.704430128748275930e-01
4.549928462225769632e-01
4.467381478359267466e-01
4.352988702280982669e-01
4.250903310318669970e-01
4.203033129919107602e-01
4.145474619756727708e-01
4.112040206065541437e-01
4.085022238661351612e-01
4.065213628284646274e-01
4.072739121445475563e-01
4.114515501182947621e-01
4.179429869591881341e-01
4.247340878694630950e-01
4.311613188500111882e-01
4.375781462335093241e-01
4.446640637995935563e-01
4.540297306024713708e-01
4.666541009807175788e-01
4.829343356655823039e-01
5.021496478815457021e-01
5.228532084160464333e-01
5.338700879524933551e-01
7.544988349403153327e-01
7.568865250071148409e-01
7.609313931755183891e-01
7.647179779098418617e-01
7.689281794574661655e-01
7.443034705756723657e-01
7.245762363050038957e-01
7.101764220407569272e-01
6.987179672949569431e-01
6.801273185504586039e-01
6.728871118087043079e-01
6.666928545817133456e-01
6.610415970466390068e-01
6.498094487172886291e-01
6.391456170223577260e-01
6.285086527390921773e-01
6.180547051914007106e-01
6.075738667868990639e-01
5.971770737758388403e-01
5.864797309029027295e-01
5.759328941534758162e-01
5.650003838398224287e-01
5.539267101797752391e-01
5.427590986755994606e-01
5.314534905604570980e-01
5.203291268175005424e-01
5.095620250182610889e-01
4.991019805729209335e-01
4.892845715670297579e-01
4.800304799258687249e-01
4.713766586698541206e-01
4.634881826981130937e-01
4.562575437636455233e-01
4.497188107069366447e-01
4.439677747055084667e-01
4.388372148968502362e-01
4.344191988843785768e-01
4.279398069205292976e-01
4.249676639954691471e-01
4.230223579743336293e-01
4.197147653131966250e-01
4.149255155468904999e-01
4.110899793117850920e-01
4.053385477504717338e-01
4.009974145863350325e-01
3.985066270567001467e-01
3.984927940760838450e-01
4.017759263727618269e-01
4.042561016349517922e-01
4.097096707306766561e-01
4.155356998083643005e-01
4.213726090698953763e-01
4.284122691039075614e-01
4.377588851632209233e-01
4.512151928121223565e-01
4.691311262418937367e-01
4.923403051172006717e-01
5.070913130214957931e-01
6.695489573831644448e-01
7.198614101242660768e-01
7.545910399609879748e-01
7.590402536525374666e-01
7.625653565841365999e-01
7.356894194653108565e-01
7.085045087264021380e-01
6.906311358932596400e-01
6.764054013833271650e-01
6.642518651320383771e-01
6.539345104100554584e-01
6.446372096106531835e-01
6.362835638333694810e-01
6.285951221093671881e-01
6.144363081602348675e-01
6.085321056505702542e-01
6.028133262103592127e-01
5.979918539202210281e-01
5.931946327737194213e-01
5.893160187140390471e-01
5.856704049045005078e-01
5.826880242556375933e-01
5.800529771306409677e-01
5.779002860755179105e-01
5.759863477048885461e-01
5.705514315630171307e-01
5.646109446492508788e-01
5.572878004955303943e-01
5.444828973676658634e-01
5.319859704935722133e-01
5.199153573961297070e-01
5.084266244533922618e-01
4.974182731342727259e-01
4.871027434062160655e-01
4.773735907646158294e-01
4.682621119464256965e-01
4.598807788545085651e-01
4.458634918689278748e-01
4.384475664793581751e-01
4.283039095998874557e-01
4.195721973603103727e-01
4.154835197561083660e-01
4.108868142945068525e-01
4.072099009146969983e-01
4.060387236666319066e-01
4.058243449195921837e-01
4.099163306970787790e-01
4.160023534298495362e-01
4.230524725956433807e-01
4.294821158291100560e-01
4.357969062330552812e-01
4.425734254958575975e-01
4.512282385244880123e-01
4.630002217607014914e-01
4.784417483432855667e-01
4.971606764605512319e-01
5.177287674053607791e-01
5.287637920045679119e-01
7.352105894839622291e-01
7.559584611228461482e-01
7.596328161961225511e-01
7.632854414305840773e-01
7.674179267418927974e-01
7.691599871604506422e-01
7.407761797026579664e-01
7.207781293215494989e-01
7.064059532068021063e-01
6.952128123592509201e-01
6.858051867583314642e-01
6.777179271073299205e-01
6.706288881033377614e-01
6.644155378548124435e-01
6.588512440487808153e-01
6.505814576711351771e-01
6.396541615099139433e-01
6.289809979679615859e-01
6.184267404200722851e-01
6.078866410167709233e-01
5.973254070787743508e-01
5.867079233425331886e-01
5.759211706116417195e-01
5.649828109430005130e-01
5.538516796597821035e-01
5.425527334348507758e-01
5.312763769175480322e-01
5.201381920768639588e-01
5.093005108823438487e-01
4.989262913686788314e-01
4.890585421160131285e-01
4.798088424594915691e-01
4.712202302551642963e-01
4.633143496359518054e-01
4.561242433337373559e-01
4.496574773907523470e-01
4.395099482826760884e-01
4.344267347759029896e-01
4.308203932844310580e-01
4.276240623128962914e-01
4.250127339313370944e-01
4.209850615784982986e-01
4.147884024416333415e-01
4.088125649731677025e-01
4.030707557456560397e-01
4.000422990697509729e-01
3.988866562104432245e-01
4.015357664147514161e-01
4.040389793053960621e-01
4.094029018326359459e-01
4.154356173470336588e-01
4.211600170141066024e-01
4.278747670224830602e-01
4.363516928684374463e-01
4.486904011902713707e-01
4.654872954157880383e-01
4.875025736282636024e-01
5.052010227529409869e-01
5.126767633398600088e-01
6.971939442118626484e-01
7.534946511182230022e-01
7.576014384098244125e-01
7.616046099994789875e-01
7.651268172982451654e-01
6.943980335607021770e-01
6.799880998373402097e-01
6.671519109524983726e-01
6.562218314339612890e-01
6.369396317646834893e-01
6.214158911179358258e-01
6.148014590641555088e-01
6.085693150599148504e-01
6.029635963349807559e-01
5.976103706349099598e-01
5.929579446207077220e-01
5.886611314285028485e-01
5.848647413485364988e-01
5.815606422897261485e-01
5.787162687614183509e-01
5.762740115582920541e-01
5.741784074128087889e-01
5.724029654666915601e-01
5.667315481245339681e-01
5.608266082171967648e-01
5.546038326937677843e-01
5.419093304584274851e-01
5.295795471444636471e-01
5.176159204640224942e-01
5.062660506025078444e-01
4.954413645386538945e-01
4.852011500187703441e-01
4.756460278387478757e-01
4.667203519912831999e-01
4.516808407234879086e-01
4.436979359162306347e-01
4.325530975196790751e-01
4.228108899635705242e-01
4.182166334863917090e-01
4.127744049562562245e-01
4.082137862509833126e-01
4.063130568539636833e-01
4.054749574444017068e-01
4.087892260405903699e-01
4.145668516825279926e-01
4.216868291972239446e-01
4.282434237080166017e-01
4.346211089830824825e-01
4.411488749983675239e-01
4.492676236052616789e-01
4.602644603550573033e-01
4.748802573778114766e-01
4.928154418863660569e-01
5.130055911578550454e-01
5.337970579718015474e-01
7.574472980029113289e-01
7.614616041609872932e-01
7.653522368911254148e-01
7.610128136759300999e-01
7.356738805651372726e-01
7.187881319126326884e-01
7.059686821320865224e-01
6.954556772587821012e-01
6.866826800132982411e-01
6.789159062656658916e-01
6.721963181858170433e-01
6.662411198422880654e-01
6.583363775675491469e-01
6.470743339043921738e-01
6.362753547205280968e-01
6.255941870897101520e-01
6.150514738487284916e-01
6.045181070441596471e-01
5.939498867081535183e-01
5.832986697347851690e-01
5.725269882674575150e-01
5.615604857357197055e-01
5.504272674385053410e-01
5.391414906189406775e-01
5.278684732926650636e-01
5.167688183865610796e-01
5.060011573459127776e-01
4.956956213601367844e-01
4.859656544478259677e-01
4.768517224344498429e-01
4.684178796113546150e-01
4.606873080754305683e-01
4.536425922796402666e-01
4.473225834443607107e-01
4.416889178650891257e-01
4.367597215072923644e-01
4.325023600884437824e-01
4.263246406680396561e-01
4.227352652213890449e-01
4.176786782096814088e-01
4.110664511317752012e-01
4.058528300617884055e-01
4.019058879566524967e-01
3.989651635285502151e-01
3.969177969376896931e-01
3.979228565823355601e-01
4.008046004666643847e-01
4.062316522918929529e-01
4.122784194950553371e-01
4.183584207152944434e-01
4.250399376463869228e-01
4.333753730303060436e-01
4.448508099638011637e-01
4.607554776867356927e-01
4.816351549913750474e-01
5.007001891908635649e-01
5.147339121338775358e-01
7.288270220878854122e-01
7.494627618103429922e-01
7.600089226031719880e-01
7.637014253915025419e-01
7.150487240607420469e-01
6.923548183184549121e-01
6.765870144884305049e-01
6.635474913792538398e-01
6.523364952509247416e-01
6.427110933112735180e-01
6.339842351910773832e-01
6.261058779315470391e-01
6.187750087987740066e-01
6.120050052497743032e-01
6.057083015363283751e-01
5.999034057343588522e-01
5.945645917803110692e-01
5.896739029924826792e-01
5.852552141432733057e-01
5.812629766440742252e-01
5.777659663843607296e-01
5.747012092619985246e-01
5.720725478535310105e-01
5.697859106622299441e-01
5.678283904442096297e-01
5.635421044561482740e-01
5.574979635905464859e-01
5.519431323457081318e-01
5.426939894582717416e-01
5.303986379148545316e-01
5.185474290799099162e-01
5.072352288035257839e-01
4.965101174034805553e-01
4.863849186813925529e-01
4.769067542815575433e-01
4.680729492572980321e-01
4.532145392923768168e-01
4.453630763847149510e-01
4.344301512072119564e-01
4.248311526134718741e-01
4.203001037513262594e-01
4.149573447660950265e-01
4.104963378822282793e-01
4.086032922191365491e-01
4.080998674710217267e-01
4.123835840331031566e-01
4.183781490850896900e-01
4.256482407809282220e-01
4.289287230586825150e-01
4.353363839320651962e-01
4.418915840542340101e-01
4.497939237643960864e-01
4.602496386753843205e-01
4.742071746078891370e-01
4.915828535195083671e-01
5.115295722807757794e-01
5.323134764164954014e-01
7.425831179940146631e-01
7.564244231236917360e-01
7.602736865376671371e-01
7.639635221690892486e-01
7.681147581537014490e-01
7.609160644553030206e-01
7.352969891750713582e-01
7.171696302551598956e-01
6.910274234411424299e-01
6.822031974829169121e-01
6.746455352912058556e-01
6.680342073878441367e-01
6.620297524006651946e-01
6.569611012066590705e-01
6.461028420220694679e-01
6.355682979193951754e-01
6.249581717625980470e-01
6.146180545160950803e-01
6.040842917475555129e-01
5.936580959259539769e-01
5.830117378909993597e-01
5.722760038940426508e-01
5.613218895574053624e-01
5.501808839378049543e-01
5.389152512626005365e-01
5.277051059532613664e-01
5.166720930122710165e-01
5.060068581809037402e-01
4.958035488768099963e-01
4.861457670157526834e-01
4.771212001776241607e-01
4.687617001565329011e-01
4.610782660693609758e-01
4.541425686683854823e-01
4.430540998701370525e-01
4.374331202223552539e-01
4.333850363818850249e-01
4.297534617144747604e-01
4.267326671439456987e-01
4.244717898258633659e-01
4.225793110879266234e-01
4.151276751480341143e-01
4.101020445491991850e-01
4.051370605174928197e-01
4.007861487170868986e-01
3.988074002170726162e-01
3.990825355564106003e-01
4.013735639733883032e-01
4.066322732785881411e-01
4.123181833724490208e-01
4.183949477314202747e-01
4.245107204751701335e-01
4.325681890774762950e-01
4.431994182967459173e-01
4.583117078404639333e-01
4.779790242559477931e-01
4.993125772796094819e-01
5.129807442281895113e-01
7.050506600893052811e-01
7.573605869867069407e-01
7.614212776736591914e-01
7.651866104600856255e-01
6.980700371134963556e-01
6.844522807087374261e-01
6.721659865264806299e-01
6.613351026258019738e-01
6.518439644965405844e-01
6.349134215203955378e-01
6.277619465143740030e-01
6.210070370411824303e-01
6.151141345188750886e-01
6.093866962993678138e-01
6.044642634802139813e-01
5.999482951397399066e-01
5.959423769424435635e-01
5.924959758446418645e-01
5.894949019030336634e-01
5.870387774921270729e-01
5.849078143530357377e-01
5.824452075415058605e-01
5.762774955060070425e-01
5.703219726951799240e-01
5.608949493568037292e-01
5.479887423640719124e-01
5.354143133746464001e-01
5.231030782103325283e-01
5.114090630508471014e-01
5.002060428467378639e-01
4.895438131282260352e-01
4.795720143226401833e-01
4.702153094286644075e-01
4.543770867105945133e-01
4.398587859494910157e-01
4.283395201857420620e-01
4.228023853018210709e-01
4.185314589168748767e-01
4.122327029132363263e-01
4.071755911001094796e-01
4.048034680749660330e-01
4.033508487229440220e-01
4.037518634549086549e-01
4.075607983489221153e-01
4.137922161261551879e-01
4.204893836381194405e-01
4.224008546792653584e-01
4.254414048015759953e-01
4.315940472390398797e-01
4.382557052012084897e-01
4.466737441554885502e-01
4.521035868108876921e-01
4.649172111197070190e-01
4.814490412447444689e-01
5.009170130457691883e-01
5.216353560489996877e-01
7.186488535438353420e-01
7.552824612271259452e-01
7.588071193305744311e-01
7.623946810982238365e-01
7.664043837281544480e-01
7.418024999149468446e-01
7.197960907639456840e-01
7.051222568984085726e-01
6.827016521480960831e-01
6.743890118970037317e-01
6.674109324252738284e-01
6.611504841352870976e-01
6.554721989076112143e-01
6.506321545636306602e-01
6.454301231409856898e-01
6.347392601216386154e-01
6.241576618983936120e-01
6.136613137459985268e-01
6.030308221448785755e-01
5.925197945692072254e-01
5.817401110612689941e-01
5.708721496929733963e-01
5.598106799686441981e-01
5.484752135290109631e-01
5.370908867813574128e-01
5.257752821633324691e-01
5.146294681206154964e-01
5.039532231183029287e-01
4.937458925601144744e-01
4.841047981803444644e-01
4.751633129516710241e-01
4.668488843856311021e-01
4.592387270899402907e-01
4.523909591755686521e-01
4.414613928109814567e-01
4.359737217595806014e-01
4.320288556663861579e-01
4.284983756675657673e-01
4.255854315165765178e-01
4.234200253801058134e-01
4.216133895988960489e-01
4.157328418961037664e-01
4.108269190590865261e-01
4.060578816487612208e-01
4.019217045585839476e-01
4.001074648482280116e-01
4.006956636556815443e-01
4.019747728558743516e-01
4.070867488139057189e-01
4.125615968064424433e-01
4.186148293611830495e-01
4.245708156008918821e-01
4.322247427909355344e-01
4.421149600629797338e-01
4.564049190775890108e-01
4.751547304756123524e-01
4.966638618134775474e-01
5.101518516147875992e-01
6.856372620712357646e-01
7.419737615470671788e-01
7.566240529126142533e-01
7.605644794940956688e-01
7.641944562825147003e-01
7.044775599306944969e-01
6.867012097607754217e-01
6.724921136607329153e-01
6.604971972424164006e-01
6.500185418685776595e-01
6.409576447361685636e-01
6.243887872819333662e-01
6.174816824898503587e-01
6.108093686007519674e-01
6.049157736031933741e-01
5.991444927088578343e-01
5.941197819180429329e-01
5.894234412269682144e-01
5.852141154491544706e-01
5.814950763355067886e-01
5.782028825648607429e-01
5.754131682096568223e-01
5.729218951297505580e-01
5.708627936784295143e-01
5.684420728171232229e-01
5.621956785499802045e-01
5.563874153067103201e-01
5.495053622294284734e-01
5.369626066718660162e-01
5.247288107085597009e-01
5.130614417182021159e-01
5.019000517310860943e-01
4.913242925104310821e-01
4.814105047358175904e-01
4.721354730083775486e-01
4.564454020126063605e-01
4.420971195964552569e-01
4.356178869702968526e-01
4.301966625515898923e-01
4.253378626675333729e-01
4.181671825042428403e-01
4.143497689907250092e-01
4.103890564679919528e-01
4.074692956141022782e-01
4.066403601493678854e-01
4.090966938234458783e-01
4.146751678343243985e-01
4.215891450075642255e-01
4.249178774711436790e-01
4.312342840780673536e-01
4.374253359022610144e-01
4.445398347292642827e-01
4.536240321578288714e-01
