0.000000000000000000e+00
-4.151440279056085585e-10
-1.719610940649636913e-09
-3.986547080760294241e-09
-8.204379163930265274e-09
-1.579059489555053311e-08
-2.730569472350683858e-08
-4.379815415823936229e-08
-6.697823468852220029e-08
-9.744544053038011368e-08
-1.351627317093799101e-07
-1.811180309121472789e-07
-2.369754862450324493e-07
-3.041885102050159812e-07
-3.835643523394195874e-07
-4.758633396843915733e-07
-5.836000569179647595e-07
-7.101953521546320791e-07
-8.575268634099907131e-07
-1.028032575593891273e-06
-1.226530174112480901e-06
-1.456456253072984349e-06
-1.720070099795314715e-06
-2.022396884679614374e-06
-2.368049381827829344e-06
-2.759181813836823845e-06
-3.200452653229532995e-06
-3.697548892722638612e-06
-4.253251817197583590e-06
-4.871664144068745869e-06
-5.558399957461282032e-06
-6.316216999683649736e-06
-7.148370539602854520e-06
-8.060485176165240630e-06
-9.056028449545625969e-06
-1.013722963535798338e-05
-1.130825275691851146e-05
-1.257292888749427910e-05
-1.393388581622811859e-05
-1.539478422670990311e-05
-1.695941757601205922e-05
-1.863048483624800555e-05
-2.041138941743936359e-05
-2.230571208491292359e-05
-2.431550243325131827e-05
-2.644308930480939449e-05
-2.869119980335055144e-05
-3.106089472736756426e-05
-3.355315883822385304e-05
-3.616979905849225096e-05
-3.891097610856375375e-05
-4.177575475406820297e-05
-4.476413007595426698e-05
-4.787538664275746127e-05
-5.110734908279407411e-05
-5.445831194542971213e-05
-5.792616545330906054e-05
-6.150716776547168665e-05
-6.519800359461795202e-05
-6.899573851248492963e-05
-7.289586943795484445e-05
-7.689375752754776727e-05
-8.098571779335087830e-05
-8.516710194300314480e-05
-8.943247661943470883e-05
-9.377712055757273435e-05
-9.819582075884619970e-05
-1.026824188829017980e-04
-1.072312311793109413e-04
-1.118364843805232583e-04
-1.164916542098720458e-04
-1.211904578728360918e-04
-1.259265036399248225e-04
-1.306927678755368254e-04
-1.354826688535387452e-04
-1.402898272201228433e-04
-1.451071384260259095e-04
-1.499277063076607987e-04
-1.547451561316061212e-04
-1.595528041050882394e-04
-1.643442509310427875e-04
-1.691138341696447954e-04
-1.738558905358731201e-04
-1.785651659018091045e-04
-1.832374538871149529e-04
-1.878687352639491696e-04
-1.924550561126908146e-04
-1.969934391962512965e-04
-2.014814342823210329e-04
-2.059165958420088418e-04
-2.102973253656453378e-04
-2.146228339088142138e-04
-2.188923690624250342e-04
-2.231057780860536219e-04
-2.272638359244008349e-04
-2.313674710551370177e-04
-2.354179458047435782e-04
-2.394172408190207188e-04
-2.433673432200631859e-04
-2.472702357900625602e-04
-2.511284365743955433e-04
-2.549444246195785974e-04
-2.587203544729701717e-04
-2.624586434672742828e-04
-2.661615995163892794e-04
-2.698308275098662231e-04
-2.734676160239560240e-04
-2.770726756969432280e-04
-2.806453286513727659e-04
-2.841837940320532971e-04
-2.876852770423653206e-04
-2.911451554958741843e-04
-2.945570599782104193e-04
-2.979132481691927343e-04
-3.012040041238259669e-04
-3.044175957999867353e-04
-3.075408554955347913e-04
-3.105587919108438702e-04
-3.134543427212519427e-04
-3.162091248422555867e-04
-3.188035513297907846e-04
-3.212165685157651542e-04
-3.234263836169847255e-04
-3.254110671879254218e-04
-3.271484843389662104e-04
-3.286168168250819103e-04
-3.297951744730917589e-04
-3.306634156002002251e-04
-3.312022076508644441e-04
-3.313933330109598754e-04
-3.312191896931456327e-04
-3.306622124237671746e-04
-3.297047133925110258e-04
-3.283280847269411389e-04
-3.265116075321834472e-04
-3.242317803706953297e-04
-3.214614846818007071e-04
-3.181687954439045042e-04
-3.143163624070267285e-04
-3.098610858602873384e-04
-3.047537615031665147e-04
-2.989394884677158389e-04
-2.923586314441112407e-04
-2.849476559050280662e-04
-2.766404544142113723e-04
-2.673702404591846377e-04
-2.570710598796966252e-04
-2.456791009437888675e-04
-2.331342495506252485e-04
-2.193812807161112913e-04
-2.043706699181731506e-04
-1.880595259241695536e-04
-1.704122231960655191e-04
-1.514006324692646174e-04
-1.310045378337589418e-04
-1.092119193042010502e-04
-8.601871727271385504e-05
-6.142866708583785804e-05
-3.545326830002037841e-05
-8.111467726149890312e-06
2.057055667738425767e-05
5.055926439103405141e-05
8.181359590929164949e-05
1.142845753778010739e-04
1.479145405517260682e-04
1.826365036038158393e-04
2.183736241566728838e-04
2.550385789414450432e-04
2.925333169260728818e-04
3.307493616761166010e-04
3.695682580708781672e-04
4.088622793267065298e-04
4.484955375497477509e-04
4.883251313121326738e-04
5.282023639706272602e-04
5.679742523833594984e-04
6.074850266781241757e-04
6.465776353860389894e-04
6.850956543944610767e-04
7.228853803955031165e-04
7.597978266659531285e-04
7.956908605013210704e-04
8.304313551581370221e-04
8.638969513781913530e-04
8.959775172753619253e-04
9.265763330974597983e-04
9.556107648324806267e-04
9.830126377611294024e-04
1.008728581246473880e-03
1.032720222457718905e-03
1.054964354152321867e-03
1.075453339186582770e-03
1.094195556454489971e-03
1.111215722812658934e-03
1.126555188828459167e-03
1.140272039246058126e-03
1.152440802065689057e-03
1.163151896213951647e-03
1.172510842534046091e-03
1.180637182227676748e-03
1.187663307074360991e-03
1.193732175491474083e-03
1.198995955787040017e-03
1.203617004114251833e-03
1.207765762008065555e-03
1.211617332904110864e-03
1.215351181110547064e-03
1.219149105422081755e-03
1.223190695683025160e-03
1.227650977501543519e-03
1.232697294070140247e-03
1.238483715558775285e-03
1.245149298369103161e-03
1.252820063784457942e-03
1.261608303970550337e-03
1.271607965357355804e-03
1.282890275753251251e-03
1.295502408044790256e-03
1.309467164853030238e-03
1.324781886434812841e-03
1.341418814406143689e-03
1.359325645241343198e-03
1.378424141598875476e-03
1.398612441420426069e-03
1.419768797857092315e-03
1.441747246561089421e-03
1.464374380094071509e-03
1.487454736103542736e-03
1.510770506589295724e-03
1.534078404149669377e-03
1.557115864292525327e-03
1.579603376374897348e-03
1.601244008031825353e-03
1.621735832164721263e-03
1.640781775079742585e-03
1.658090578779255076e-03
1.673387168790056940e-03
1.686421632547826198e-03
1.696966669054737883e-03
1.704823818407729015e-03
1.709834287904569029e-03
1.711876695080818619e-03
1.710868491876926063e-03
1.706777547448361416e-03
1.699622517498482459e-03
1.689468928025656064e-03
1.676434941927096084e-03
1.660688980144609797e-03
1.642438990727999176e-03
1.621932257489378968e-03
1.599452908627826747e-03
1.575307598821229548e-03
1.549819435850117956e-03
1.523329105350715697e-03
1.496187268697187498e-03
1.468749676827009031e-03
1.441381726517599595e-03
1.414454999553823927e-03
1.388338569407299551e-03
1.363399057918982058e-03
1.339997556559265795e-03
1.318478592123832486e-03
1.299166145543040113e-03
1.282362117241755582e-03
1.268337762272166635e-03
1.257330081924668518e-03
1.249543664433066820e-03
1.245144730984933936e-03
1.244255338185100467e-03
1.246954995890557508e-03
1.253276800400792085e-03
1.263199720663260410e-03
1.276647631472653359e-03
1.293486530539572068e-03
1.313518723804523542e-03
1.336486193542563931e-03
1.362077097910681031e-03
1.389928097052431106e-03
1.419632310205791491e-03
1.450750855458658338e-03
1.482818439476932823e-03
1.515350374260917340e-03
1.547853133932650853e-03
1.579828818132112756e-03
1.610778685050733147e-03
1.640212873651550459e-03
1.667657847738900035e-03
1.692660651221210332e-03
1.714797993575047867e-03
1.733685523369596360e-03
1.748983030009055748e-03
1.760401594416295462e-03
1.767710126136074486e-03
1.770735428286277380e-03
1.769361854639997988e-03
1.763533076749330920e-03
1.753250469001133320e-03
1.738571459547668752e-03
1.719611920314991762e-03
1.696547318054031318e-03
1.669612491657049714e-03
1.639103904097166317e-03
1.605380029025840543e-03
1.568857506190217020e-03
1.530007173871281850e-03
1.489348773864389601e-03
1.447442161010995942e-03
1.404878779305350099e-03
1.362273484250807855e-03
1.320254153255430137e-03
1.279452618991647151e-03
1.240498181495574247e-03
1.204009294263007433e-03
1.170584129397990057e-03
1.140792188209880254e-03
1.115163892479519286e-03
1.094178556245389280e-03
1.078254281242893402e-03
1.067738303967254946e-03
1.062897550485101443e-03
1.063913127089022130e-03
1.070877755732992055e-03
1.083793821549824911e-03
1.102574269096609624e-03
1.127045779738508700e-03
1.156950994991164886e-03
1.191951421350296355e-03
1.231632042459326502e-03
1.275504793144721779e-03
1.323011958953248862e-03
1.373532097534367310e-03
1.426386934162047170e-03
1.480849404514923955e-03
1.536154865980292111e-03
1.591513237441544854e-03
1.646120404048902457e-03
1.699170619924664184e-03
1.749868528493276612e-03
1.797438833391286697e-03
1.841135891271876435e-03
1.880253608565992003e-03
1.914133916890498142e-03
1.942175922792973956e-03
1.963846856264284298e-03
1.978692250393103598e-03
1.986345647359686294e-03
1.986538937149102610e-03
1.979110742613313795e-03
1.964012015013586951e-03
1.941310166027194074e-03
1.911190127360845722e-03
1.873951750341429183e-03
1.830006246121034050e-03
1.779871770055184692e-03
1.724166906329884907e-03
1.663603702276814219e-03
1.598980592163090977e-03
1.531173228629041302e-03
1.461123620593520085e-03
1.389828287154763796e-03
1.318323908769470634e-03
1.247670811779446384e-03
1.178936194444152189e-03
1.113176884766102622e-03
1.051421787839873501e-03
9.946558262762027289e-04
9.438053776608777571e-04
8.997245635014653993e-04
8.631833847776967982e-04
8.348574695024798013e-04
8.153178453680875711e-04
8.050210442631240389e-04
8.043002668323886301e-04
8.133570699957029309e-04
8.322542134030864796e-04
8.609109801679572108e-04
8.991007495074202199e-04
9.464509627851982933e-04
1.002446411731702704e-03
1.066435125869187811e-03
1.137635867377881664e-03
1.215147604048491320e-03
1.297960554038739061e-03
1.384967910868803529e-03
1.474978803376416660e-03
1.566732804489124990e-03
1.658915443847213062e-03
1.750175303600146623e-03
1.839143312454438522e-03
1.924453459358481172e-03
2.004764457460412892e-03
2.078782149927592849e-03
2.145281383567851710e-03
2.203126445319861845e-03
2.251290069913890191e-03
2.288870445494274423e-03
2.315105789341336245e-03
2.329387082586151930e-03
2.331269147082884897e-03
2.320479762156456727e-03
2.296927051175488149e-03
2.260705049979712649e-03
2.212096721453550314e-03
2.151574153598500953e-03
2.079795837444918267e-03
1.997600487458228279e-03
1.905997349690521968e-03
1.806153510542347776e-03
1.699378496709350603e-03
1.587106653794918831e-03
1.470878150149797659e-03
1.352318920268591722e-03
1.233119485671927773e-03
1.115012865059748955e-03
9.997515549871641930e-04
8.890832862993131806e-04
7.847257243676872577e-04
6.883405293054108750e-04
6.015070466294525093e-04
5.256963045935002460e-04
4.622462571148800380e-04
4.123387738611287100e-04
3.769788219337508596e-04
3.569764324374077196e-04
3.529315744462360890e-04
3.652218228440028331e-04
3.939929573301880687e-04
4.391524199480936058e-04
5.003654430144461023e-04
5.770541807246300529e-04
6.684002790115257811e-04
7.733510500046251448e-04
8.906295864584523169e-04
1.018749065535484808e-03
1.156030983636979325e-03
1.300627020297075815e-03
1.450544203960657183e-03
1.603672632516282837e-03
1.757815028382710056e-03
1.910717750116101106e-03
2.060102774815518890e-03
2.203700192903443496e-03
2.339281085368712012e-03
2.464690530137574314e-03
2.577880344680067749e-03
2.676941324359765999e-03
2.760134536772844514e-03
2.825920876689212539e-03
2.872988195091350123e-03
2.900275397842515777e-03
2.906992833934207449e-03
2.892638597749311747e-03
2.857010674398983378e-03
2.800214819862607580e-03
2.722668201023398151e-03
2.625099020702915606e-03
2.508542156709495964e-03
2.374330681906726848e-03
2.224083221184876367e-03
2.059687013322473916e-03
1.883276482098068198e-03
1.697207383121634950e-03
1.504026758437603190e-03
1.306438967037416550e-03
1.107268338297373632e-03
9.094192502655225677e-04
7.158343571309193918e-04
5.294516665219410568e-04
3.531611899101741773e-04
1.897616881903945514e-04
4.191793193572096828e-05
-8.788100609698650315e-05
-1.973619191666233310e-04
-2.845055876503397403e-04
-3.475821494349537032e-04
-3.851829545056664815e-04
-3.962482250619259422e-04
-3.800898449410701940e-04
-3.364087027676449220e-04
-2.653062851680765819e-04
-1.672903566691973023e-04
-4.327465590202975751e-05
1.054272642640069230e-04
2.771138582382975967e-04
4.697129327352066218e-04
6.808043561023704874e-04
9.076479912448895881e-04
1.147216795053860369e-03
1.396234937911314906e-03
1.651220634641292328e-03
1.908533283748549848e-03
2.164424329104859979e-03
2.415091027759343287e-03
2.656732202475398617e-03
2.885605056697808195e-03
3.098082049778369627e-03
3.290706882836520047e-03
3.460248778133058391e-03
3.603754264661515171e-03
3.718595754395540715e-03
3.802516278737521922e-03
3.853669705009827532e-03
3.870655813936735041e-03
3.852549645198361569e-03
3.798924428037861629e-03
3.709867556548038930e-03
3.585989221833825978e-03
3.428423430049692792e-03
3.238821307067051708e-03
3.019336785918667453e-03
2.772604845518173398e-03
2.501712539352611304e-03
2.210163174712084875e-03
1.901833949472028686e-03
1.580927371390025704e-03
1.251916837993345558e-03
9.194868403942122945e-04
5.884683735936977302e-04
2.637703541659423725e-04
-4.969198430326516528e-05
-3.470705933058488364e-04
-6.236587273376685255e-04
-8.749643264714692097e-04
-1.096781323188084382e-03
-1.285257665497287422e-03
-1.436958956635790447e-03
-1.548926723776387080e-03
-1.618730480297274257e-03
-1.644512874637950924e-03
-1.625027301025600305e-03
-1.559667424589503354e-03
-1.448488140231349265e-03
-1.292217533714667315e-03
-1.092259493612469847e-03
-8.506867476511523803e-04
-5.702242253799672195e-04
-2.542227737887591075e-04
9.337662677529740256e-05
4.680878854943415403e-04
8.649336856453750241e-04
1.278507776191672909e-03
1.703045116754567422e-03
2.132499186121539995e-03
2.560625636675646633e-03
2.981071345565747960e-03
3.387467538308907775e-03
3.773525622681423580e-03
4.133134103056871310e-03
4.460454740890916307e-03
4.750015948846754432e-03
4.996803023684237045e-03
5.196341404645370317e-03
5.344772790598196523e-03
5.438875490052334782e-03
5.476258380344220002e-03
5.455280656791269660e-03
5.375111250874733439e-03
5.235783693020266971e-03
5.038182770646097708e-03
4.784068766478012831e-03
4.476050702314385982e-03
4.117639293595069458e-03
3.713024597904690267e-03
3.267217383584465618e-03
2.785945853099697396e-03
2.275556882852736856e-03
1.742974234651775440e-03
1.195582356531327837e-03
6.411526866992133108e-04
8.771906057594796278e-05
-4.565235510695915089e-04
-9.833537964273064442e-04
-1.484641988346957530e-03
-1.952474656889039307e-03
-2.379264746490572773e-03
-2.757879007012268343e-03
-3.081767667671523551e-03
-3.345086035437565362e-03
-3.542776872305546457e-03
-3.670646976971179802e-03
-3.725447806297267021e-03
-3.704955295821626970e-03
-3.608018383929335535e-03
-3.434586950375639186e-03
-3.185721675163115819e-03
-2.863586921273113782e-03
-2.471450660421098487e-03
-2.013672262872592822e-03
-1.495657310935065518e-03
-9.237844739554781394e-04
-3.053600254663663919e-04
3.514570454046857684e-04
1.037762241778960584e-03
1.744020096724013986e-03
2.460175830520028827e-03
3.175816431281090410e-03
3.880321971064692576e-03
4.563003027764836808e-03
5.213267467074999065e-03
5.820807190379272134e-03
6.375720223552849494e-03
6.868806812398107857e-03
7.291591058899932719e-03
7.636476087030888253e-03
7.896907110627869597e-03
8.067468983928051396e-03
8.143990779656303317e-03
8.123599439975759395e-03
8.004789785015070311e-03
7.787447848766409012e-03
7.472882543562361056e-03
7.063820437163766293e-03
6.564382519211695889e-03
5.980051485872527224e-03
5.317637035309172311e-03
4.585213100032847766e-03
3.792043977793564582e-03
2.948556611195894857e-03
2.065998604637201298e-03
1.156523771123851635e-03
2.329896425957085388e-04
-6.912274134695954629e-04
-1.602393243272829965e-03
-2.486678354253363168e-03
-3.330361822219278772e-03
-4.120054672149538882e-03
-4.842909140430909365e-03
-5.486851916845030507e-03
-6.040796996636541710e-03
-6.494793380073613648e-03
-6.840316509357575146e-03
-7.070275946547212136e-03
-7.179174742251531044e-03
-7.163217277422262615e-03
-7.020350539550594161e-03
-6.750314209740764133e-03
-6.354632300386226992e-03
-5.836632951138212913e-03
-5.201450643560840727e-03
-4.455997164947090444e-03
-3.608889013262995844e-03
-2.670394135864169287e-03
-1.652274688145751770e-03
-5.677510383700298292e-04
5.686213791281593708e-04
1.741148613945189914e-03
2.933167707551725522e-03
4.127298926880378603e-03
5.305692775027343391e-03
6.450310043130375905e-03
7.543142844749356479e-03
8.566715558714752335e-03
9.504267427768300219e-03
1.034008230195478974e-02
1.105979414207141145e-02
1.165061556073321465e-02
1.210158344288120649e-02
1.240372570330199042e-02
1.255018646728549118e-02
1.253627568322867106e-02
1.235952587399595688e-02
1.201972389268469478e-02
1.151891594878914037e-02
1.086138363418212051e-02
1.005360392380010189e-02
9.104185894789210490e-03
8.023838350141804590e-03
6.825323486826147430e-03
5.523368229064547566e-03
4.134550493745138382e-03
2.677185326822094889e-03
1.171233543077815614e-03
-3.621685772574368984e-04
-1.900715833569631809e-03
-3.421359936155635335e-03
-4.900707583578068488e-03
-6.315401276986814562e-03
-7.642552664829560700e-03
-8.860155791728602584e-03
-9.947712567655720220e-03
-1.088644031208178993e-02
-1.165969944661679296e-02
-1.225328724679139968e-02
-1.265560969899884834e-02
-1.285785179608827343e-02
-1.285405129524742895e-02
-1.264112588347594823e-02
-1.221882834708180009e-02
-1.158971897081942024e-02
-1.075909334669494961e-02
-9.734937823066851584e-03
-8.527898667608679178e-03
-7.151253628337294298e-03
-5.620875985161703087e-03
-3.955205634778930640e-03
-2.175176200083447225e-03
-3.040881698473731922e-04
1.632472959242692052e-03
3.607049271659861465e-03
5.590506584218215766e-03
7.552525062927755058e-03
9.462088665596710135e-03
1.128830992862592600e-02
1.300090960101673437e-02
1.457098008016484425e-02
1.597166047360018201e-02
1.717867814348628119e-02
1.817085469010124368e-02
1.893044961840914184e-02
1.944344577068052304e-02
1.969961056438989527e-02
1.969247217584534429e-02
1.941921134695319753e-02
1.888050069527249034e-02
1.808029877768475152e-02
1.702569988565171694e-02
1.572682425046116605e-02
1.419676416373380490e-02
1.245160775652885861e-02
1.051048798315505454e-02
8.395632225973517770e-03
6.132409755590381185e-03
3.749390274916667570e-03
1.278283336510237277e-03
-1.246439411564950316e-03
-3.787383816479242358e-03
-6.305458194808778380e-03
-8.760268397750407138e-03
-1.111088979177645569e-02
-1.331739868059078624e-02
-1.534140514735183453e-02
-1.714745340428968506e-02
-1.870372120720149162e-02
-1.998282200955456972e-02
-2.096231478236641396e-02
-2.162496903904265189e-02
-2.195877773123984522e-02
-2.195675881041616109e-02
-2.161659290078430870e-02
-2.094017127054366087e-02
-1.993316622258492488e-02
-1.860475685285730221e-02
-1.696744597027205134e-02
-1.503697761932208492e-02
-1.283242821091021627e-02
-1.037641522774666522e-02
-7.695473675437230002e-03
-4.820422996096016856e-03
-1.786658947009631951e-03
1.366414262377322600e-03
4.593542034290329194e-03
7.846064358368581154e-03
1.107171941542739110e-02
1.421589870211515012e-02
1.722347358433711645e-02
2.004022370101418357e-02
2.261483984584674797e-02
2.490024896541820354e-02
2.685535943734422212e-02
2.844613411316662330e-02
2.964634068181520171e-02
3.043757998285995595e-02
3.080896972001422041e-02
3.075643421390965998e-02
3.028168993737676007e-02
2.939114902652975245e-02
2.809509737706300872e-02
2.640697816858452590e-02
2.434288482252617083e-02
2.192154453343154660e-02
1.916457027529810606e-02
1.609708436973519494e-02
1.274863188621751589e-02
9.154112551329852271e-03
5.354448964805059129e-03
1.397300453274093581e-03
-2.662675001040072740e-03
-6.765980714413980662e-03
-1.084360808919629555e-02
-1.482424120232762009e-02
-1.863440375795311424e-02
-2.220011551342691847e-02
-2.545260612630922611e-02
-2.832857445744705813e-02
-3.077398016908553663e-02
-3.274548515662095011e-02
-3.421190921178013378e-02
-3.515391386101120869e-02
-3.556339779671616880e-02
-3.544148182556002002e-02
-3.479665030286608479e-02
-3.364260887984071163e-02
-3.199622915252482713e-02
-2.987596811090337950e-02
-2.730159472226276890e-02
-2.429439803276538939e-02
-2.087779375843319338e-02
-1.707861361272472456e-02
-1.292836929985275926e-02
-8.465273362502030718e-03
-3.736624399598151465e-03
1.199486311474788494e-03
6.277682821708024247e-03
1.141644028040508449e-02
1.652684001873764782e-02
2.151168682430758608e-02
2.393567840313916631e-02
2.629061635518589388e-02
2.856283894106281807e-02
3.073998729081783843e-02
3.281039943452109670e-02
3.476295054694471254e-02
3.658724084937145515e-02
3.978953547663528073e-02
4.118046774164910162e-02
4.241400761702594086e-02
4.348310373190682199e-02
4.438491371654840201e-02
4.511792885834352979e-02
4.568132722103996485e-02
4.628223519573448214e-02
4.622759837234531599e-02
4.553825264478318646e-02
4.496788148517368716e-02
4.337243010285458250e-02
4.120742454465369659e-02
3.850207606795372217e-02
3.528350540995659618e-02
3.157779389272864085e-02
2.740479641006524775e-02
2.278988584344375165e-02
1.776513028488298923e-02
1.237479738691928816e-02
6.670288626977605162e-03
7.141551435184572728e-04
-5.419589866653142310e-03
-1.164150600309085855e-02
-1.783530815458002003e-02
-2.090153257853219135e-02
-2.391581607521980554e-02
-2.685985393938114876e-02
-2.971852703089798015e-02
-3.247467159266186759e-02
-3.511191490205941429e-02
-3.761241618608864717e-02
-3.995966642655308931e-02
-4.213870542643476796e-02
-4.413688223249426223e-02
-4.594419694566972967e-02
-4.755077878390408935e-02
-4.895087385918155815e-02
-5.013903417057323508e-02
-5.111446381422807272e-02
-5.187548306923726871e-02
-5.242332012067703328e-02
-5.276004093188312039e-02
-5.289046171037817962e-02
-5.282029980068751740e-02
-5.208654292385316020e-02
-5.063454907683560824e-02
-4.851304854582792758e-02
-4.576091019995746911e-02
-4.241169008586029993e-02
-3.849372540026153866e-02
-3.403286355676856528e-02
-2.904993553077728566e-02
-2.356479233464582601e-02
-1.760647402846905740e-02
-1.121533095414311253e-02
-4.447471117023098393e-03
2.617557013931879912e-03
9.888912259674540253e-03
1.725622226599442255e-02
2.095533745723456714e-02
2.462949915600817427e-02
2.825609706951021441e-02
3.181589030944746016e-02
3.528671101884345990e-02
3.864637735774272692e-02
4.187094932317596968e-02
4.343116420882077444e-02
4.641047242842944592e-02
4.852584180772071681e-02
5.052638406788995118e-02
5.240137350760228768e-02
5.414522371020359659e-02
5.575027190379517467e-02
5.721217199160030104e-02
5.852633230452568974e-02
5.968902493882203425e-02
6.070062931127512273e-02
6.155905285257206455e-02
6.226666316487458608e-02
6.274217440864141015e-02
6.311469005750654226e-02
6.338600225282051137e-02
6.362396203265704986e-02
6.322122080065430139e-02
6.269934957090787797e-02
6.197003031798262174e-02
5.991215779725468649e-02
5.976020304393023230e-02
5.944787714961542735e-02
5.879068306296324209e-02
5.734736351212374461e-02
5.396761490737360389e-02
4.997999131560380143e-02
4.541422473133047144e-02
4.480434090960880300e-02
4.355824926280678355e-02
4.096289064280022457e-02
3.536521513144454815e-02
2.923543696063574809e-02
2.258646067215309625e-02
2.084614965543346229e-02
1.727617266558063511e-02
9.816664218650919538e-03
1.995106730892483651e-03
-6.087177872966193296e-03
-1.020847560720067673e-02
-1.435574990984598946e-02
-1.851008876244811946e-02
-2.265355537774604508e-02
-2.676566544828578101e-02
-3.082630573511914440e-02
-3.481327229704888476e-02
-3.677887095240839344e-02
-3.871658793288161593e-02
-4.062068944948138416e-02
-4.248940894227398735e-02
-4.431808015288639380e-02
-4.610319742283788130e-02
-4.784164628314980378e-02
-4.952782158179388355e-02
-5.115978602903040878e-02
-5.273307748891718078e-02
-5.424497651820895522e-02
-5.569244124828311854e-02
-5.707232245413019350e-02
-5.838240817972473878e-02
-5.961923353898145733e-02
-6.078039132475585027e-02
-6.186354554411092194e-02
-6.286711507157279055e-02
-6.379038094015629379e-02
-6.463293541783769747e-02
-6.539467826737087319e-02
-6.607545154299268586e-02
-6.667598942761693293e-02
-6.719658877392843677e-02
-6.763791185810789919e-02
-6.800095906805338208e-02
-6.828727420532096359e-02
-6.862905030946780949e-02
-6.868661444843517094e-02
-6.847360111673990446e-02
-6.814590392590298695e-02
-6.768040863973007193e-02
-6.635608274651702554e-02
-6.387246696185915062e-02
-6.066748903610037769e-02
-5.680420921087694225e-02
-5.574299952803901670e-02
-5.350929185539451266e-02
-4.861150364660559581e-02
-4.315613081514532018e-02
-3.713873917308656292e-02
-3.391542237396281273e-02
-2.703287634761391764e-02
-1.959337913837430264e-02
-1.163854233297193994e-02
-3.240727679274438017e-03
5.488670436503011001e-03
9.954963304866143448e-03
1.894773055327103953e-02
2.348103391082924027e-02
2.799946066730265790e-02
3.247921371718024558e-02
3.470466803404684275e-02
3.691173266161889427e-02
3.909787355607032694e-02
4.125905690184051428e-02
4.339108588318828924e-02
4.754150916093537182e-02
4.956720435920401735e-02
5.154843330040995847e-02
5.347886483320869744e-02
5.535435059011548087e-02
5.716923881284141640e-02
5.891975152135796312e-02
6.060316696548704446e-02
6.221321814222544044e-02
6.374738661252077332e-02
6.520173519844779664e-02
6.783652022098074497e-02
6.903280381696560997e-02
7.014012449007474281e-02
7.115328051814363841e-02
7.207341164212754947e-02
7.290016010828581638e-02
7.363313955143076239e-02
7.427553014712819091e-02
7.482328369349888764e-02
7.528128865161159977e-02
7.591992357264029656e-02
7.621434971909825384e-02
7.624406679982699553e-02
7.606247139507565924e-02
7.558982575369188606e-02
7.484793518223976927e-02
7.385972114589478554e-02
7.264433416654149378e-02
6.960302757727596101e-02
6.873146339599121857e-02
6.686257273146499480e-02
6.265184348626219590e-02
5.787419681335888300e-02
5.256046686034451104e-02
4.970727143349138594e-02
4.358913044251459118e-02
3.691944088446429822e-02
2.967690261659188672e-02
2.186400496608200891e-02
1.351563865629880172e-02
4.714065100893124506e-03
-4.413709839945201968e-03
-9.072200177711146896e-03
-1.375881286409932729e-02
-1.845316368133602045e-02
-2.313964827103240363e-02
-2.548119635848065945e-02
-2.781449676317367808e-02
-3.013613100718144991e-02
-3.244435393595171413e-02
-3.473777219295402091e-02
-3.701236366698389124e-02
-3.926706227840485314e-02
-4.149574089447510133e-02
-4.369641647582947486e-02
-4.586352062143703168e-02
-4.799435414519682280e-02
-5.008429335518976150e-02
-5.212889861525607516e-02
-5.412322912046993451e-02
-5.606164166558742085e-02
-5.794000410486190022e-02
-5.975303977378947085e-02
-6.149658622188471785e-02
-6.316487380855523304e-02
-6.475309752362383431e-02
-6.625616612383219972e-02
-6.767039507043351443e-02
-6.899251435989177395e-02
-7.021984856808786979e-02
-7.135031757195835211e-02
-7.238217674168011262e-02
-7.331466148596407773e-02
-7.414731216405862080e-02
-7.488032453929112375e-02
-7.551443495905647840e-02
-7.605000374152112719e-02
-7.648859777230541945e-02
-7.683152791988148711e-02
-7.708161314272976572e-02
-7.724095640820148601e-02
-7.731225235918409711e-02
-7.729759681793295367e-02
-7.719981511020551634e-02
-7.676163841935189358e-02
-7.603078052730501135e-02
-7.503473103700152025e-02
-7.379835442378603061e-02
-7.234587235051723186e-02
-6.886085679779199720e-02
-6.472012178447908437e-02
-6.001834196903885893e-02
-5.480465812958276034e-02
-4.909139516117867752e-02
-4.286341690785429315e-02
-3.607775554835097875e-02
-2.869229824324443304e-02
-2.069053942531666121e-02
-1.209609312510049467e-02
-2.995108988909648846e-03
1.715103718236184443e-03
6.495146029397722356e-03
1.132636148333571180e-02
1.618251840727792656e-02
2.104568591566377198e-02
2.589547672183939442e-02
2.831513328543366556e-02
3.072402042842113309e-02
3.311904775463840600e-02
3.549915363896967435e-02
3.786161512798526946e-02
4.020486209456262255e-02
4.252554662032161092e-02
4.706836947017428718e-02
4.930289498833868161e-02
5.150086743964244623e-02
5.365546520205645431e-02
5.576263671785094272e-02
5.781646948804520375e-02
5.981201168979700250e-02
6.174569250395726266e-02
6.360964839404477378e-02
6.539996929974722928e-02
6.711080151639198244e-02
6.873654910605218882e-02
7.027347305980456704e-02
7.171740264494301520e-02
7.306629200354215758e-02
7.431711459174709933e-02
7.546767692728352517e-02
7.651610701067475262e-02
7.746046707799823794e-02
7.829969559181869376e-02
7.903406401928352032e-02
7.966386778878535579e-02
8.060221030671531339e-02
8.114848869105735496e-02
8.132241061797801374e-02
8.127771036198991328e-02
8.114606992489317716e-02
8.062760059524108625e-02
7.980418148070349271e-02
7.735577987263231314e-02
7.579436759608418339e-02
7.209211538038381994e-02
6.774738048678176361e-02
6.287832297687931393e-02
5.753891099400634118e-02
5.174413979376159267e-02
4.547108513659031681e-02
3.866800666848012324e-02
3.127747606201328884e-02
2.327684341743507801e-02
1.467796011258050946e-02
5.557362621428059771e-03
8.293862236301344747e-04
-3.975818566331383586e-03
-8.819321204325736643e-03
-1.368464583085735389e-02
-1.854729394112310248e-02
-2.339029462614949581e-02
-2.580575506874305952e-02
-2.820967015775674783e-02
-3.059762521085063539e-02
-3.296961471886959011e-02
-3.532267255544848522e-02
-3.765497399421117997e-02
-3.996422296072673491e-02
-4.224583422552143780e-02
-4.449809847871389473e-02
-4.671677356785415569e-02
-4.889900277426265096e-02
-5.104104684377597928e-02
-5.313888519212868478e-02
-5.518863393180280935e-02
-5.718552557009110027e-02
-5.912506568969179421e-02
-6.100206524627914406e-02
-6.281087897065631975e-02
-6.454574709545327083e-02
-6.620117754794493936e-02
-6.777188205965765933e-02
-6.925347049518726372e-02
-7.064251355644662889e-02
-7.193606552346384908e-02
-7.313201634113397631e-02
-7.422839046241937189e-02
-7.522386016891048632e-02
-7.611671220375020031e-02
-7.690633217765735496e-02
-7.759196027946838048e-02
-7.817399400016639133e-02
-7.865340843009742400e-02
-7.903187456648885778e-02
-7.931204681255839273e-02
-7.949611565052382145e-02
-7.958680170259806175e-02
-7.958581486913325620e-02
-7.949516513310005139e-02
-7.931688780420213802e-02
-7.870668336687580702e-02
-7.805073354424431342e-02
-7.724020538213358100e-02
-7.519312674896773407e-02
-7.355040855098567143e-02
-6.968924509515654619e-02
-6.521286058528899532e-02
-6.152859914686108211e-02
-5.621820931179226377e-02
-5.047246161779258417e-02
-4.427330914753065810e-02
-3.755761310141612214e-02
-3.026072996686861999e-02
-2.233858538668491434e-02
-1.377796406444782400e-02
-4.643039681952627895e-03
1.108595671538457282e-04
9.814709437258250027e-03
1.475656564330139926e-02
1.971077684900772800e-02
2.465548575601023140e-02
2.712198357875164612e-02
2.957587581243414226e-02
3.201631839581599304e-02
3.444014182361618270e-02
3.684505586701986024e-02
4.157390815903023312e-02
4.619789523038164009e-02
4.847344719355457798e-02
5.071379506172695589e-02
5.291174368828196334e-02
5.506314799632514717e-02
5.716434430039754599e-02
5.921032011662306221e-02
6.119669919123209983e-02
6.311686720162876241e-02
6.496768858507187550e-02
6.674294421762924645e-02
6.843758099986191334e-02
7.004826715273813897e-02
7.156975544014840263e-02
7.299887367163160334e-02
7.433183412072001672e-02
7.556599022219416539e-02
7.669861297700712732e-02
7.772739730421228399e-02
7.865130122519595202e-02
7.946910420213439130e-02
8.018104727852330693e-02
8.078790680752569175e-02
8.129054509794968186e-02
8.197823937505796521e-02
8.217994577330549333e-02
8.228741552127609438e-02
8.230054900770715498e-02
8.204951510600365372e-02
8.145520277424629640e-02
8.055030530778473086e-02
7.936471581608377235e-02
7.792406682695084130e-02
7.438689994784922210e-02
7.338509125019110346e-02
7.126327675898569414e-02
6.659327063549574932e-02
6.143679744466757492e-02
5.584983183636759579e-02
5.290711006996481197e-02
4.669337878730836500e-02
3.998275314116290363e-02
3.271488328537524443e-02
2.485274798765007773e-02
1.637982895201187117e-02
7.337440853731086454e-03
2.626837558641018349e-03
-7.018904491614947824e-03
-1.192708189812470218e-02
-1.684936041242248578e-02
-2.175584137708398702e-02
-2.420367868895063196e-02
-2.663790472764290471e-02
-2.905741731565151739e-02
-3.383879149488996929e-02
-3.619925296153236882e-02
-3.853358608829873105e-02
-4.084323486497784539e-02
-4.312268159393251032e-02
-4.536904283709893015e-02
-4.758121941925285564e-02
-4.975250299959063649e-02
-5.188368436826626406e-02
-5.396645615258049977e-02
-5.599950582334980304e-02
-5.797782540446797667e-02
-5.989421778497859561e-02
-6.174845843347744750e-02
-6.353123101327236288e-02
-6.524250360316855013e-02
-6.687428372031191393e-02
-6.842314015407723049e-02
-6.988481261995467542e-02
-7.125399946673942331e-02
-7.252893146506206312e-02
-7.370474134148484457e-02
-7.478207910685580329e-02
-7.575791897542959175e-02
-7.663354116827059137e-02
-7.740689978110690261e-02
-7.807789321410570083e-02
-7.864570900940383302e-02
-7.911145110318780482e-02
-7.947585985035654499e-02
-7.974199718857497010e-02
-7.991107324656186728e-02
-7.998519854214589109e-02
-7.996701030301819890e-02
-7.985851651326315859e-02
-7.966451688196338199e-02
-7.902230376271048018e-02
-7.807584860003155547e-02
-7.685457054723310311e-02
-7.538680379034851109e-02
-7.179700306914445218e-02
-6.749480951954556218e-02
-6.262975338772076850e-02
-5.729909239960946643e-02
-5.154897868914231490e-02
-4.538094908807092237e-02
-3.874548123246855658e-02
-3.156665268343226277e-02
-2.378467935532527916e-02
-1.537308635185038151e-02
-6.357199750568301964e-03
-1.641786862752050470e-03
3.183150348127938411e-03
8.080616141112198850e-03
1.302953398538296732e-02
1.800134317590143182e-02
2.297170750340768799e-02
2.545466230857175785e-02
2.792744409435506808e-02
3.038639256099807257e-02
3.282945000342286923e-02
3.525389080374115303e-02
3.765765959982005084e-02
4.003941603871796068e-02
4.470639279323166543e-02
4.924977755657108242e-02
5.147788038493928547e-02
5.366327642507365964e-02
5.579884626763029210e-02
5.788096010904220101e-02
5.990448453774568915e-02
6.186578384202810754e-02
6.376048896926175824e-02
6.558218314874911248e-02
6.732738414705229102e-02
6.899013357186557782e-02
7.056635448238937625e-02
7.205244565090319908e-02
7.344456691913078816e-02
7.474053923708544322e-02
7.593748077233443416e-02
7.703430677286493555e-02
7.802914723333047309e-02
7.892078251263659472e-02
7.970830393226589761e-02
8.039173965016588319e-02
8.097132578288625260e-02
8.181243240544359974e-02
8.226491688774588418e-02
8.234649681783373643e-02
8.225496419297878559e-02
8.207550114671910424e-02
8.145836034517991986e-02
8.053159464568984682e-02
7.932738336574303439e-02
7.787114861890000184e-02
7.429009316023939269e-02
6.998577841875402994e-02
6.512181149805541802e-02
5.979257926032513493e-02
5.404990319345775313e-02
4.790047939016028183e-02
4.129561372235314443e-02
3.415584451253939752e-02
2.643710908975099860e-02
1.812277361919769139e-02
9.233028001923731035e-03
-1.360175822972508317e-04
-9.821293314653978257e-03
-1.473577914220981604e-02
-1.965814591764245348e-02
-2.212106915656995507e-02
-2.457557027723307821e-02
-2.701623400086124865e-02
-2.944275271581229050e-02
-3.185090861838769938e-02
-3.423945462834672437e-02
-3.660608792308538834e-02
-3.894725127563348349e-02
-4.126036849890236252e-02
-4.354088856244379274e-02
-4.578615729124071304e-02
-4.799229875562661257e-02
-5.015670828414637433e-02
-5.227576860552026611e-02
-5.434554653150073383e-02
-5.636173681922612005e-02
-5.832004960125196369e-02
-6.021596101664303258e-02
-6.204502995163304474e-02
-6.380302718660497974e-02
-6.548533849825252662e-02
-6.708807604122782320e-02
-6.860720943833542584e-02
-7.003905942284681385e-02
-7.137976079654287376e-02
-7.262590090665063669e-02
-7.377466726041417844e-02
-7.482417296096369186e-02
-7.577373238298011626e-02
-7.662297139798288081e-02
-7.737209803528563579e-02
-7.802125162198828012e-02
-7.857048565804679308e-02
-7.902004779186111438e-02
-7.937039671598275503e-02
-7.962298344953824825e-02
-7.977971940334507850e-02
-7.984310810124348179e-02
-7.981572158905156367e-02
-7.970031193688432991e-02
-7.949948088221969744e-02
-7.921602414983154594e-02
-7.840925088882115535e-02
-7.731314269276061413e-02
-7.595747620091097829e-02
-7.256604328135277115e-02
-6.842674519205080297e-02
-6.367681261512123103e-02
-5.842284607260643525e-02
-5.273374403056969167e-02
-4.662612377563726818e-02
-4.007028366822126125e-02
-3.300799366431077936e-02
-2.537716760744153019e-02
-1.714003529774668980e-02
-8.309490077325298180e-03
-3.683579751820735635e-03
1.062527387653994584e-03
5.899027515368373241e-03
1.080274093312004295e-02
1.574609858991097081e-02
2.070468263521013999e-02
2.565231292527827764e-02
2.812126271666427757e-02
3.057753749429712592e-02
3.301807424993765533e-02
3.544130731488939756e-02
3.784407981310838193e-02
4.022426482884532833e-02
4.257951073206649867e-02
4.490640328212121973e-02
4.720197898653992474e-02
4.946225232748295564e-02
5.168331352887615276e-02
5.386059244138835522e-02
5.598966832624460016e-02
5.806565827026956284e-02
6.008374639895145558e-02
6.203907427531892005e-02
6.392641693379808032e-02
6.574036115601210317e-02
6.747539831511192854e-02
6.912697189187085034e-02
7.069062984927243498e-02
7.216293085701616650e-02
7.354091305133034218e-02
7.482194181421326917e-02
7.600383016993711438e-02
7.708456265483168424e-02
7.806276942415851794e-02
7.893720883312534131e-02
7.970762910906198373e-02
8.037407562955641016e-02
8.093756616356560796e-02
8.175023017043044071e-02
8.201592336027793695e-02
8.225647985714383548e-02
8.212997336192283393e-02
8.194066113722310585e-02
8.130962296869079231e-02
8.037571225296100130e-02
7.916833392379268863e-02
7.770942576826579684e-02
7.509704341857086074e-02
7.095292377986031629e-02
6.621079200071272597e-02
6.097044266959446984e-02
5.529683853085192585e-02
4.920735602906702033e-02
4.266797866329151423e-02
3.561760182111564643e-02
2.801266125029838391e-02
1.981778196173561435e-02
1.104278267732511538e-02
1.779149200487131289e-03
-3.009110699972429581e-03
-7.856007861426849911e-03
-1.274567484886550937e-02
-1.764863366395599820e-02
-2.254306569448299644e-02
-2.498751853680115237e-02
-2.742090549583454245e-02
-2.983885827530078846e-02
-3.224030559210586816e-02
-3.462118650533085873e-02
-3.697895952173810286e-02
-3.931154849154286368e-02
-4.161423238122942403e-02
-4.388534839023734702e-02
-4.612113117663490386e-02
-4.831808246505828880e-02
-5.047281271345343406e-02
-5.258124438748303792e-02
-5.463955187207193004e-02
-5.664330762472602476e-02
-5.858833900652871129e-02
-6.047106104263863524e-02
-6.228639387748439310e-02
-6.403013445362708278e-02
-6.569707522910882280e-02
-6.728220653167216181e-02
-6.878087762929757654e-02
-7.018937774217230696e-02
-7.150512055027637148e-02
-7.272594371187104945e-02
-7.385055893773705138e-02
-7.487763094268364006e-02
-7.580558990275101938e-02
-7.663389019954786052e-02
-7.736133903950415114e-02
-7.798799796231176140e-02
-7.851416376478886905e-02
-7.894069131582820420e-02
-7.926964721023133098e-02
-7.963392138868088943e-02
-7.968398442372014168e-02
-7.964624789911839420e-02
-7.952096768923516690e-02
-7.901265787850758615e-02
-7.864058038227292324e-02
-7.767344144108562221e-02
-7.643990542470205374e-02
-7.496466264607941354e-02
-7.136757012721424431e-02
-6.705886763384229232e-02
-6.468668310389841247e-02
-5.956133454598098315e-02
-5.397625395954460531e-02
-4.796133547397146007e-02
-4.149702688610104606e-02
-3.452486276354517492e-02
-2.699144973619226756e-02
-1.886037957677321950e-02
-1.013354318615096623e-02
-8.829985910754900580e-04
3.912326882683058414e-03
1.365030090786717963e-02
1.860051658542068512e-02
2.355441944979111066e-02
2.848703719425340480e-02
3.094353339078375828e-02
3.338452564396723887e-02
3.580875492698120527e-02
3.821279140227405724e-02
4.293072044170371387e-02
4.525893794659826413e-02
4.755612048713044049e-02
4.981515084177177283e-02
5.203362015748902447e-02
5.420561186249492347e-02
5.632595273908307110e-02
5.839273400320986462e-02
6.039851057630363229e-02
6.234072175909671082e-02
6.421380506787945086e-02
6.601304595278548182e-02
6.773406280583525729e-02
6.937062269533625369e-02
7.091963100260194330e-02
7.237561813478582406e-02
7.373575114179202472e-02
7.499769793080111879e-02
7.615993017018549138e-02
7.722087229565967326e-02
7.817907440118532225e-02
7.903358516366418285e-02
7.978320302474119219e-02
8.042885101484122112e-02
8.139950521428633567e-02
8.174205425051078722e-02
8.213118733102701963e-02
8.218982783848809148e-02
8.203656064930303637e-02
8.154111422071480542e-02
8.073088727795282860e-02
7.963263821959072619e-02
7.827642276269923538e-02
7.581261064809924344e-02
7.391661056013280884e-02
6.961037759739012454e-02
6.473306284147777034e-02
5.937704484591786042e-02
5.653248834427114511e-02
5.052959888174872460e-02
4.408396740081441806e-02
3.713752375071303208e-02
2.964027752883072880e-02
2.157046780778380107e-02
1.292212634523915923e-02
3.763536294226407612e-03
-5.764260484565776610e-03
-1.063126242905379666e-02
-1.552741386170717469e-02
-2.042643566369124405e-02
-2.287559840059260122e-02
-2.531611941724977444e-02
-2.774426650130741925e-02
-3.015909947775744296e-02
-3.255746531914870123e-02
-3.493744894553212771e-02
-3.960600223811096970e-02
-4.191293742764957975e-02
-4.419106124851007039e-02
-4.643167972863648102e-02
-4.863348105419276757e-02
-5.079351919661431736e-02
-5.290644070113602326e-02
-5.497220871572829765e-02
-5.698064271561709832e-02
-5.893059830608575467e-02
-6.081577064259276189e-02
-6.262979248204605942e-02
-6.437195772700426977e-02
-6.603483112887396922e-02
-6.761767766142276481e-02
-6.911292690171386144e-02
-7.051791138753686627e-02
-7.182803459753889230e-02
-7.304027362297865755e-02
-7.415317613657200491e-02
-7.516561279057398792e-02
-7.607762636626499986e-02
-7.758056437960363094e-02
-7.819224321333613503e-02
-7.870545924707635088e-02
-7.911657497905968950e-02
-7.942858647994079091e-02
-7.964353556188813466e-02
-7.976169548945256926e-02
-7.972129192264514053e-02
-7.946711078927355676e-02
-7.903543465012290159e-02
-7.842657078702870710e-02
-7.765530387192891293e-02
-7.566534702048363648e-02
-7.405326358876275494e-02
-7.023638963600685459e-02
-6.575076550616970605e-02
-6.071985251485861185e-02
-5.521986963531713005e-02
-4.928957154205484276e-02
-4.290584509376251660e-02
-3.601997516258168691e-02
-2.856936181230745886e-02
-2.052673098498158932e-02
-1.187922165886906405e-02
-2.692741288501296869e-03
2.079354672402010211e-03
6.929653042777254857e-03
1.184274459373505124e-02
1.678616929646564032e-02
2.173691946311090417e-02
2.667073217039184554e-02
2.913092643489006636e-02
3.157850578259772945e-02
3.400863180940878056e-02
3.642018580349674906e-02
3.880968732756327755e-02
4.117594667097391331e-02
4.351685364630682867e-02
4.582885927780944169e-02
4.810925466212825213e-02
5.035289495241771635e-02
5.255512186186180740e-02
5.471156010406250103e-02
5.681653551062931795e-02
5.886633407526552231e-02
6.085537942587422588e-02
6.278040869903553367e-02
6.463649250454252260e-02
6.641901906825484203e-02
6.812214310628270098e-02
6.973980593855752530e-02
7.126742349156268974e-02
7.270115012178991754e-02
7.403913373231173212e-02
7.527929037157830849e-02
7.642027551031184418e-02
7.746035954961137671e-02
7.839793859811383658e-02
7.923184700123959978e-02
7.996190555506095532e-02
8.058843517595336292e-02
8.152269970071771010e-02
8.184701487490807226e-02
8.219932814511408947e-02
8.218024553841608848e-02
8.204365267917576587e-02
8.151182552075225685e-02
8.112882500396333130e-02
8.013997932927174883e-02
7.888067472790642742e-02
7.654468824991601805e-02
7.271149216655471703e-02
6.821873051829822898e-02
6.319344812835127334e-02
5.771447598598319906e-02
5.180775804308350441e-02
4.546571869727089599e-02
3.863070128912298590e-02
3.124884839830692485e-02
2.328838290271120423e-02
1.473931532467671369e-02
5.653474370073591909e-03
9.325496177099895688e-04
-3.871647441730789296e-03
-8.725941986474430867e-03
-1.361404100128354132e-02
-1.851298313240534732e-02
-2.339847349286659772e-02
-2.583772331037547179e-02
-2.826471203596317081e-02
-3.067602572265008820e-02
-3.307001618198530946e-02
-3.777335530662703084e-02
-4.010136624184941490e-02
-4.240361507929830270e-02
-4.466984472557336550e-02
-4.690093861278176596e-02
-4.909086133682926539e-02
-5.123630755646953194e-02
-5.333671516038104160e-02
-5.538288049505928762e-02
-5.737538184182242734e-02
-5.930638318159715122e-02
-6.117250179155273720e-02
-6.296988728472725783e-02
-6.469195064936456019e-02
-6.633576409166663801e-02
-6.789415664687857566e-02
-6.936405901883312131e-02
-7.074123656107968172e-02
-7.202352975748467501e-02
-7.320906538964161436e-02
-7.429692650348029836e-02
-7.528580530315914787e-02
-7.617415561122697909e-02
-7.696165266154507412e-02
-7.764678307988652495e-02
-7.823026364220850293e-02
-7.871271976221387578e-02
-7.909632682556376471e-02
-7.956401056841523600e-02
-7.966394671030313512e-02
-7.967435552845357483e-02
-7.959600564075156037e-02
-7.943148734420377166e-02
-7.918276960841011403e-02
-7.844393936566596004e-02
-7.741722734151527952e-02
-7.613160468145926951e-02
-7.286633158802260923e-02
-6.883426024322251979e-02
-6.658284982948689534e-02
-6.168343994439933614e-02
-5.631102076909635240e-02
-5.050185475799721935e-02
-4.425145581980351878e-02
-3.750518231880849152e-02
-3.020553700090761878e-02
-2.231762911916245276e-02
-1.381797298143889498e-02
-4.750686875298113128e-03
-2.935125755659974281e-05
4.782526471145559684e-03
9.666810895205366072e-03
1.459255899263737881e-02
1.953611552012544592e-02
2.447291848108642046e-02
2.693849784188523389e-02
2.939349719148892995e-02
3.183434034540533891e-02
3.425984393350231527e-02
3.666746417362166249e-02
3.905542289969159142e-02
4.142077095009045334e-02
4.375905043751922990e-02
4.832254637891714166e-02
5.056114950765799865e-02
5.276050833719442279e-02
5.491248757235100975e-02
5.701433022745991397e-02
5.906001236971125667e-02
6.104476912613857748e-02
6.296619411877639461e-02
6.481530476879562852e-02
6.658981645233912061e-02
6.828342148889150753e-02
6.989193121470814452e-02
7.141169377399383955e-02
7.283874426084666065e-02
7.417092602767112741e-02
7.540432337537268659e-02
7.653700797277712686e-02
7.756677478630362443e-02
7.849251955767416744e-02
7.931397319413502345e-02
8.003159276428666036e-02
8.064544010717207556e-02
8.115572681954737189e-02
8.186128936908887432e-02
8.207246024205372414e-02
8.220647862017699259e-02
8.197817193932536994e-02
8.174057159150088792e-02
8.101978247082697315e-02
8.000343827403083585e-02
7.871944543893998059e-02
7.719291316194913655e-02
7.350591553863100591e-02
6.913193159702200885e-02
6.421183786951070727e-02
5.882465390654566251e-02
5.301541549216961385e-02
4.677452189684964262e-02
4.005350522671968783e-02
3.279478814817426979e-02
2.495904058761016370e-02
1.652632961266424158e-02
7.539749055190701939e-03
2.859049696225037917e-03
-1.919974130932704205e-03
-6.760410215090677591e-03
-1.164180859437693658e-02
-1.653662466178970267e-02
-2.142442336333254607e-02
-2.386554624533295324e-02
-2.629630686917866153e-02
-2.871202443306675525e-02
-3.111183894660599081e-02
-3.349309106885356435e-02
-3.585338840520724268e-02
-3.819089946053118995e-02
-4.050140496904734710e-02
-4.278340559792491449e-02
-4.503291159717628250e-02
-4.724702238220879896e-02
-4.942164662296731625e-02
-5.155268361660182708e-02
-5.363591647151182834e-02
-5.566741255622102008e-02
-5.764325138224316025e-02
-5.955977859065564317e-02
-6.141202565918679745e-02
-6.319493982513992025e-02
-6.490301985316163091e-02
-6.653109312129303066e-02
-6.807454575305053879e-02
-6.952963246679191855e-02
-7.089345572086271086e-02
-7.216377248409094891e-02
-7.333864736926735961e-02
-7.441630418493877519e-02
-7.539472062186164392e-02
-7.627251201284314386e-02
-7.704833158386052705e-02
-7.772158151254536518e-02
-7.874906364005475334e-02
-7.912229436261251914e-02
-7.940158174423615767e-02
-7.958449880848864066e-02
-7.967492316554919407e-02
-7.957335917979867224e-02
-7.939570498908624097e-02
-7.879175397506965606e-02
-7.788315787023177006e-02
-7.670752388529725185e-02
-7.362073255188181231e-02
-6.972509355026769440e-02
-6.752614610690901853e-02
-6.272386705978051646e-02
-5.743972191163938118e-02
-5.171880326848950910e-02
-4.557086259613983559e-02
-3.894542492642277115e-02
-3.177777729528956374e-02
-2.402005947738997810e-02
-1.564870489977332468e-02
-6.683527783754232392e-03
-2.000233833027947536e-03
2.792001287888334383e-03
7.656313844288521568e-03
1.257617175431826120e-02
1.752278182680216609e-02
2.247432609860616423e-02
2.740423213862928919e-02
2.986141553532793008e-02
3.230472995883710424e-02
3.473123586269785679e-02
3.950945870184727898e-02
4.418683467747101801e-02
4.649143213292666194e-02
4.876162460018054756e-02
5.099170498798615003e-02
5.317870556754367151e-02
5.531777593847036351e-02
5.740495045243880490e-02
5.943560646876728387e-02
6.140278419487749800e-02
6.330407010628165410e-02
6.513300678306246927e-02
6.688609897489743161e-02
6.855859252166998652e-02
7.014557938183103858e-02
7.164300437203965921e-02
7.304669034289124063e-02
7.435404679812224193e-02
7.556248453206924898e-02
7.667066509946617037e-02
7.767709834212720155e-02
7.858120682871849727e-02
7.938190241583588380e-02
8.007848734846990946e-02
8.067125021723020595e-02
8.153853589391474310e-02
8.183059933039076028e-02
8.212247208890599559e-02
8.204543790631675659e-02
8.188021483937188427e-02
8.129404748084605170e-02
8.039905116799737905e-02
7.922607638842533995e-02
7.780095952844368057e-02
7.428566749775375455e-02
7.004234611759101170e-02
6.522965450144974087e-02
5.994060696385624526e-02
5.422443539728269424e-02
4.808466994701232622e-02
4.148328228240370091e-02
3.435213540313613451e-02
2.665397148874956018e-02
1.836837592829752147e-02
9.511089945587320599e-03
1.800438932091366563e-04
-9.464317950232762136e-03
-1.435758369034057305e-02
-1.926096682593696208e-02
-2.414445195088721699e-02
-2.658058207911417198e-02
-2.900288424933138501e-02
-3.140882201075084756e-02
-3.379554484703206629e-02
-3.616139201000232589e-02
-3.850271745940542223e-02
-4.081775711521819228e-02
-4.310132442162272620e-02
-4.535186850039791412e-02
-4.756575732588261274e-02
-4.973875325030565481e-02
-5.186796640732035252e-02
-5.394780702516045051e-02
-5.597546244480092192e-02
-5.794534416882129307e-02
-5.985412025005754089e-02
-6.169623665231350335e-02
-6.346747986710118972e-02
-6.516393340802892342e-02
-6.678153276153923901e-02
-6.831632189250623488e-02
-6.976359237234108779e-02
-7.111958255835611198e-02
-7.238016052729928651e-02
-7.354328382744881876e-02
-7.460673178913380943e-02
-7.556992578985406717e-02
-7.643218927130623896e-02
-7.719403125065600613e-02
-7.785507737948586804e-02
-7.841533849546028501e-02
-7.887507326342797775e-02
-7.923495329028479306e-02
-7.965408282821524744e-02
-7.972817766636784709e-02
-7.960471809974037360e-02
-7.929022219575697361e-02
-7.879528993755451072e-02
-7.812923882256964103e-02
-7.730349437486241926e-02
-7.521541934692810294e-02
-7.167057097296465618e-02
-6.853806276729565439e-02
-6.383131043439160823e-02
-5.861959115720644098e-02
-5.296447172859170688e-02
-4.688063835363433934e-02
-4.034067683723132486e-02
-3.328843014887684221e-02
-2.566315908646128047e-02
-1.743278638753557527e-02
-8.609035934212323077e-03
7.217463284635478081e-04
5.547876564180734445e-03
1.043674436482949081e-02
1.536928968873115323e-02
2.031563790921391346e-02
2.525356284176048099e-02
2.771828451918426778e-02
3.017113739867574931e-02
3.260941726582460704e-02
3.503087856467528710e-02
3.743288436427155003e-02
3.981330233069998309e-02
4.217039716389863607e-02
4.449921888968542960e-02
4.679766377786249987e-02
4.906147618229654561e-02
5.128636567159283038e-02
5.346776966543964615e-02
5.560083988156985790e-02
5.768117688340313604e-02
5.970361298469573086e-02
6.166425222429584851e-02
6.355836937683306820e-02
6.538106388142600478e-02
6.712724943970507785e-02
6.879179577897875930e-02
7.036917548368232245e-02
7.185498211529342538e-02
7.324567908622121870e-02
7.453890430470871964e-02
7.573301644238825125e-02
7.682691957844137165e-02
7.781944935193622903e-02
7.870916028487265348e-02
7.949563827434658059e-02
8.017841855020040043e-02
8.075796552712193044e-02
8.159945198008054790e-02
8.187815947312780673e-02
8.214450573841583503e-02
8.204667874326201926e-02
8.187295562315116682e-02
8.127083371592716543e-02
8.036033946077428269e-02
7.847991462802879348e-02
7.693073889974766377e-02
7.321074341095221150e-02
6.879797131106661634e-02
6.383644672389389430e-02
6.118072748132236116e-02
5.554728409515997944e-02
4.948811359931450105e-02
4.298024876605267830e-02
3.595991434200890985e-02
2.838055148055421834e-02
2.021690107353377869e-02
1.147547754291291904e-02
2.237974557141197106e-03
-2.539287358477919539e-03
-7.376549018335670262e-03
-1.225804710687051005e-02
-1.715387767117718121e-02
-2.204305280428642613e-02
-2.448505468639723681e-02
-2.691645274727433312e-02
-2.933276291557078419e-02
-3.409677667473644952e-02
-3.645955811852995276e-02
-3.880089774905104427e-02
-4.111340429851009781e-02
-4.339432404092104234e-02
-4.564090841334627474e-02
-4.784860090253056919e-02
-5.001628065203888446e-02
-5.213672357374087712e-02
-5.420888267333106442e-02
-5.622757698492554523e-02
-5.818832104810526401e-02
-6.008767849815990075e-02
-6.192012140435437795e-02
-6.368155394419565407e-02
-6.536617745244861777e-02
-6.696956569780258828e-02
-6.848673531618199029e-02
-6.991382477773600002e-02
-7.124821624259232433e-02
-7.248802666676218420e-02
-7.363146822052696328e-02
-7.467690534572768435e-02
-7.562334410206728030e-02
-7.646861511890151730e-02
-7.721293104615485625e-02
-7.838189361073438777e-02
-7.882630643054949759e-02
-7.917455077374199734e-02
-7.942484531005238046e-02
-7.958092208327000039e-02
-7.964435457020944964e-02
-7.961754512113415616e-02
-7.929920455329672602e-02
-7.901800712099389667e-02
-7.822300213829246063e-02
-7.714252262848438069e-02
-7.580781346955517419e-02
-7.245624053487904892e-02
-6.943792662068701271e-02
-6.486667832799733469e-02
-5.977490176123757826e-02
-5.422775618280136628e-02
-4.824633287436470158e-02
-4.181028408350618425e-02
-3.485938124008129690e-02
-2.734936983724335288e-02
-1.923950836047887136e-02
-1.052982949929924354e-02
-1.292052744555557964e-03
3.494369877350885292e-03
1.322230827716863039e-02
1.816713457369841314e-02
2.311696886240355298e-02
2.804656200045858166e-02
3.050251721573137009e-02
3.294305389502882875e-02
3.536658230268718145e-02
3.777011168602561336e-02
4.248890631087307718e-02
4.481765940134241344e-02
4.711541892396963610e-02
4.937520396384098564e-02
5.159628386112536519e-02
5.377290451334777038e-02
5.590046405621768022e-02
5.797662648421538639e-02
5.999251733974331896e-02
6.194584187564072114e-02
6.382947348090155237e-02
6.564029048006007894e-02
6.737311172311760687e-02
6.902354487837283892e-02
7.058829893455439985e-02
7.206218510584647130e-02
7.344147440026699281e-02
7.472277892291810664e-02
7.590423874976305607e-02
7.698427427759316211e-02
7.796232227073951471e-02
7.883770832089991021e-02
7.960907561034365199e-02
8.027676800907380950e-02
8.128953508196073985e-02
8.190599437480153289e-02
8.214551434755994197e-02
8.213178892208251869e-02
8.203026336554342102e-02
8.156498439046291904e-02
8.078294467767391240e-02
8.000614215612364410e-02
7.907653836462834318e-02
7.680408809675155768e-02
7.304700391290785966e-02
6.861711543894404020e-02
6.363939463263881824e-02
6.232158324841050034e-02
5.960096858380260071e-02
5.383490057635257481e-02
4.764369056448960332e-02
4.098915905952620758e-02
3.746888592361818926e-02
3.000130507374236880e-02
2.195616693077468914e-02
1.332732653474519649e-02
4.184674680450659566e-03
-5.533297168927841505e-04
-5.364760995120874260e-03
-1.022947535975727261e-02
-1.511867996470952526e-02
-2.001145392220025562e-02
-2.488337136993670068e-02
-2.731440281765166317e-02
-2.973236557706618668e-02
-3.449468561475462630e-02
-3.685626713747786054e-02
-3.919527641607678525e-02
-4.150477169715156150e-02
-4.378390010862907161e-02
-4.602771894312653045e-02
-4.823391724319599227e-02
-5.040019512781094418e-02
-5.251998409532818851e-02
-5.459180569812533551e-02
-5.660917328550331418e-02
-5.856780533170834191e-02
-6.046327417458188802e-02
-6.229037375403688459e-02
-6.404549123054678605e-02
-6.572288312280809286e-02
-6.731800676204202638e-02
-6.882610860693509636e-02
-7.024278566186298312e-02
-7.156516232149985612e-02
-7.279123740514456542e-02
-7.391938919920136575e-02
-7.494851750838962823e-02
-7.587789116539636614e-02
-7.670597611023113882e-02
-7.743247204803806183e-02
-7.856505376388660256e-02
-7.899013869865596782e-02
-7.931883263028269293e-02
-7.954962425208561561e-02
-7.968597950510913908e-02
-7.972989996866416962e-02
-7.968294198102955639e-02
-7.932589927095931581e-02
-7.902631119411528127e-02
-7.819802308671629232e-02
-7.708759050286238812e-02
-7.572543291278464872e-02
-7.232482230073994378e-02
-7.033452797239365950e-02
-6.587544249910001759e-02
-6.088099236847579337e-02
-5.542268081602525626e-02
-4.952471106726351324e-02
-4.317454259682972778e-02
-3.631644911439792234e-02
-2.890426573129398213e-02
-2.089324897830605737e-02
-1.227383713922165429e-02
-3.103131850263042557e-03
1.660000993252063947e-03
6.506491280261186318e-03
1.141248835502806785e-02
1.635042622196612033e-02
2.129739506647659181e-02
2.623100309591606602e-02
2.869231092263752406e-02
3.114098872624458669e-02
3.357370991826436057e-02
3.598879838745975418e-02
3.838330932185079342e-02
4.308326016476948100e-02
4.540032731753253920e-02
4.768557824076320034e-02
4.993368457200443589e-02
5.214117379833638211e-02
5.430380435383880960e-02
5.641610130632226244e-02
5.847587392368235742e-02
6.047475497215853285e-02
6.241087748962134002e-02
6.427827791100140797e-02
6.607234396130837184e-02
6.778858953349595207e-02
6.942156615222813687e-02
7.096726480593254505e-02
7.242042327567299598e-02
7.377855384190258603e-02
7.503903173997331089e-02
7.620025203972576044e-02
7.726049326930178873e-02
7.821834761885863851e-02
7.907239855393156935e-02
7.982186350631918781e-02
8.046710426118434956e-02
8.143557032159788600e-02
8.201071551724259390e-02
8.216156877698987948e-02
8.221905211198732299e-02
8.218500948324866662e-02
8.184594554584256887e-02
8.155383529410376031e-02
8.073327236839761278e-02
7.962543265889360233e-02
7.826150103244580714e-02
7.484905439331691890e-02
7.069121665741984195e-02
6.594273275744258478e-02
6.338358987408101997e-02
5.792615533410262751e-02
5.204131959508794675e-02
4.572307131138943909e-02
3.891480934199066655e-02
