0.000000000000000000e+00
1.000000000000000021e-02
2.000000000000000042e-02
2.999999999999999889e-02
4.000000000000000083e-02
5.000000000000000278e-02
6.000000000000000472e-02
7.000000000000000666e-02
8.000000000000000167e-02
8.999999999999999667e-02
9.999999999999999167e-02
1.099999999999999867e-01
1.199999999999999817e-01
1.299999999999999767e-01
1.399999999999999856e-01
1.499999999999999944e-01
1.600000000000000033e-01
1.700000000000000122e-01
1.800000000000000211e-01
1.900000000000000300e-01
2.000000000000000111e-01
2.100000000000000200e-01
2.200000000000000289e-01
2.300000000000000377e-01
2.399999999999999911e-01
2.500000000000000000e-01
2.600000000000000089e-01
2.700000000000000178e-01
2.800000000000000266e-01
2.900000000000000355e-01
3.000000000000000444e-01
3.100000000000000533e-01
3.200000000000000067e-01
3.300000000000000155e-01
3.400000000000000244e-01
3.500000000000000333e-01
3.599999999999999867e-01
3.699999999999999956e-01
3.800000000000000044e-01
3.900000000000000133e-01
4.000000000000000222e-01
4.100000000000000311e-01
4.200000000000000400e-01
4.300000000000000488e-01
4.400000000000000022e-01
4.500000000000000111e-01
4.600000000000000200e-01
4.700000000000000289e-01
4.799999999999999822e-01
4.899999999999999911e-01
5.000000000000000000e-01
5.100000000000000089e-01
5.200000000000000178e-01
5.300000000000000266e-01
5.400000000000000355e-01
5.500000000000000444e-01
5.600000000000000533e-01
5.700000000000000622e-01
5.800000000000000711e-01
5.900000000000000799e-01
5.999999999999999778e-01
6.099999999999999867e-01
6.199999999999999956e-01
6.300000000000000044e-01
6.400000000000000133e-01
6.500000000000000222e-01
6.600000000000000311e-01
6.700000000000000400e-01
6.800000000000000488e-01
6.900000000000000577e-01
7.000000000000000666e-01
7.100000000000000755e-01
7.199999999999999734e-01
7.299999999999999822e-01
7.399999999999999911e-01
7.500000000000000000e-01
7.600000000000000089e-01
7.700000000000000178e-01
7.800000000000000266e-01
7.900000000000000355e-01
8.000000000000000444e-01
8.100000000000000533e-01
8.200000000000000622e-01
8.300000000000000711e-01
8.399999999999999689e-01
8.499999999999999778e-01
8.599999999999999867e-01
8.699999999999999956e-01
8.800000000000000044e-01
8.900000000000000133e-01
9.000000000000000222e-01
9.100000000000000311e-01
9.200000000000000400e-01
9.300000000000000488e-01
9.400000000000000577e-01
9.500000000000000666e-01
9.599999999999999645e-01
9.699999999999999734e-01
9.799999999999999822e-01
9.899999999999999911e-01
1.000000000000000000e+00
1.010000000000000009e+00
1.020000000000000018e+00
1.030000000000000027e+00
1.040000000000000036e+00
1.050000000000000044e+00
1.060000000000000053e+00
1.070000000000000062e+00
1.080000000000000071e+00
1.090000000000000080e+00
1.100000000000000089e+00
1.110000000000000098e+00
1.120000000000000107e+00
1.130000000000000115e+00
1.140000000000000124e+00
1.150000000000000133e+00
1.159999999999999920e+00
1.169999999999999929e+00
1.179999999999999938e+00
1.189999999999999947e+00
1.199999999999999956e+00
1.209999999999999964e+00
1.219999999999999973e+00
1.229999999999999982e+00
1.239999999999999991e+00
1.250000000000000000e+00
1.254999999999999893e+00
1.264999999999999902e+00
1.274999999999999911e+00
1.280000000000000027e+00
1.290000000000000036e+00
1.300000000000000044e+00
1.310000000000000053e+00
1.320000000000000062e+00
1.330000000000000071e+00
1.340000000000000080e+00
1.350000000000000089e+00
1.360000000000000098e+00
1.370000000000000107e+00
1.380000000000000115e+00
1.390000000000000124e+00
1.400000000000000133e+00
1.410000000000000142e+00
1.420000000000000151e+00
1.430000000000000160e+00
1.439999999999999947e+00
1.449999999999999956e+00
1.459999999999999964e+00
1.469999999999999973e+00
1.479999999999999982e+00
1.489999999999999991e+00
1.500000000000000000e+00
1.510000000000000009e+00
1.520000000000000018e+00
1.530000000000000027e+00
1.540000000000000036e+00
1.550000000000000044e+00
1.560000000000000053e+00
1.570000000000000062e+00
1.580000000000000071e+00
1.590000000000000080e+00
1.600000000000000089e+00
1.610000000000000098e+00
1.620000000000000107e+00
1.630000000000000115e+00
1.640000000000000124e+00
1.650000000000000133e+00
1.660000000000000142e+00
1.670000000000000151e+00
1.679999999999999938e+00
1.689999999999999947e+00
1.699999999999999956e+00
1.709999999999999964e+00
1.719999999999999973e+00
1.729999999999999982e+00
1.739999999999999991e+00
1.750000000000000000e+00
1.760000000000000009e+00
1.770000000000000018e+00
1.780000000000000027e+00
1.790000000000000036e+00
1.800000000000000044e+00
1.810000000000000053e+00
1.820000000000000062e+00
1.830000000000000071e+00
1.840000000000000080e+00
1.850000000000000089e+00
1.860000000000000098e+00
1.870000000000000107e+00
1.880000000000000115e+00
1.890000000000000124e+00
1.900000000000000133e+00
1.910000000000000142e+00
1.919999999999999929e+00
1.929999999999999938e+00
1.939999999999999947e+00
1.949999999999999956e+00
1.959999999999999964e+00
1.969999999999999973e+00
1.979999999999999982e+00
1.989999999999999991e+00
2.000000000000000000e+00
2.009999999999999787e+00
2.019999999999999574e+00
2.029999999999999361e+00
2.039999999999999147e+00
2.049999999999998934e+00
2.059999999999998721e+00
2.069999999999998508e+00
2.079999999999998295e+00
2.089999999999998082e+00
2.099999999999997868e+00
2.109999999999997655e+00
2.119999999999997442e+00
2.129999999999997229e+00
2.139999999999997016e+00
2.149999999999996803e+00
2.159999999999996589e+00
2.169999999999996376e+00
2.179999999999996163e+00
2.189999999999995950e+00
2.199999999999995737e+00
2.209999999999995524e+00
2.219999999999995310e+00
2.229999999999995097e+00
2.239999999999994884e+00
2.249999999999994671e+00
2.259999999999994458e+00
2.269999999999994245e+00
2.279999999999994031e+00
2.289999999999993818e+00
2.299999999999993605e+00
2.309999999999993392e+00
2.319999999999993179e+00
2.329999999999992966e+00
2.339999999999992752e+00
2.349999999999992539e+00
2.359999999999992326e+00
2.369999999999992113e+00
2.379999999999991900e+00
2.389999999999991687e+00
2.399999999999991473e+00
2.409999999999991260e+00
2.419999999999991047e+00
2.429999999999990834e+00
2.439999999999990621e+00
2.449999999999990408e+00
2.459999999999990195e+00
2.469999999999989981e+00
2.479999999999989768e+00
2.489999999999989555e+00
2.499999999999989342e+00
2.509999999999989129e+00
2.519999999999988916e+00
2.529999999999988702e+00
2.539999999999988489e+00
2.549999999999988276e+00
2.559999999999988063e+00
2.569999999999987850e+00
2.579999999999987637e+00
2.589999999999987423e+00
2.599999999999987210e+00
2.609999999999986997e+00
2.619999999999986784e+00
2.629999999999986571e+00
2.639999999999986358e+00
2.649999999999986144e+00
2.659999999999985931e+00
2.669999999999985718e+00
2.679999999999985505e+00
2.689999999999985292e+00
2.699999999999985079e+00
2.709999999999984865e+00
2.719999999999984652e+00
2.729999999999984439e+00
2.739999999999984226e+00
2.749999999999984013e+00
2.759999999999983800e+00
2.769999999999983586e+00
2.779999999999983373e+00
2.789999999999983160e+00
2.799999999999982947e+00
2.809999999999982734e+00
2.819999999999982521e+00
2.829999999999982307e+00
2.839999999999982094e+00
2.849999999999981881e+00
2.859999999999981668e+00
2.869999999999981455e+00
2.879999999999981242e+00
2.889999999999981029e+00
2.899999999999980815e+00
2.909999999999980602e+00
2.919999999999980389e+00
2.929999999999980176e+00
2.939999999999979963e+00
2.949999999999979750e+00
2.959999999999979536e+00
2.969999999999979323e+00
2.979999999999979110e+00
2.989999999999978897e+00
2.999999999999978684e+00
3.009999999999978471e+00
3.019999999999978257e+00
3.029999999999978044e+00
3.039999999999977831e+00
3.049999999999977618e+00
3.059999999999977405e+00
3.069999999999977192e+00
3.079999999999976978e+00
3.089999999999976765e+00
3.099999999999976552e+00
3.109999999999976339e+00
3.119999999999976126e+00
3.129999999999975913e+00
3.139999999999975699e+00
3.149999999999975486e+00
3.159999999999975273e+00
3.169999999999975060e+00
3.179999999999974847e+00
3.189999999999974634e+00
3.199999999999974420e+00
3.209999999999974207e+00
3.219999999999973994e+00
3.229999999999973781e+00
3.239999999999973568e+00
3.249999999999973355e+00
3.259999999999973141e+00
3.269999999999972928e+00
3.279999999999972715e+00
3.289999999999972502e+00
3.299999999999972289e+00
3.309999999999972076e+00
3.319999999999971863e+00
3.329999999999971649e+00
3.339999999999971436e+00
3.349999999999971223e+00
3.359999999999971010e+00
3.369999999999970797e+00
3.379999999999970584e+00
3.389999999999970370e+00
3.399999999999970157e+00
3.409999999999969944e+00
3.419999999999969731e+00
3.429999999999969518e+00
3.439999999999969305e+00
3.449999999999969091e+00
3.459999999999968878e+00
3.469999999999968665e+00
3.479999999999968452e+00
3.489999999999968239e+00
3.499999999999968026e+00
3.509999999999967812e+00
3.519999999999967599e+00
3.529999999999967386e+00
3.539999999999967173e+00
3.549999999999966960e+00
3.559999999999966747e+00
3.569999999999966533e+00
3.579999999999966320e+00
3.589999999999966107e+00
3.599999999999965894e+00
3.609999999999965681e+00
3.619999999999965468e+00
3.629999999999965254e+00
3.639999999999965041e+00
3.649999999999964828e+00
3.659999999999964615e+00
3.669999999999964402e+00
3.679999999999964189e+00
3.689999999999963975e+00
3.699999999999963762e+00
3.709999999999963549e+00
3.719999999999963336e+00
3.729999999999963123e+00
3.739999999999962910e+00
3.749999999999962697e+00
3.759999999999962483e+00
3.769999999999962270e+00
3.779999999999962057e+00
3.789999999999961844e+00
3.799999999999961631e+00
3.809999999999961418e+00
3.819999999999961204e+00
3.829999999999960991e+00
3.839999999999960778e+00
3.849999999999960565e+00
3.859999999999960352e+00
3.869999999999960139e+00
3.879999999999959925e+00
3.889999999999959712e+00
3.899999999999959499e+00
3.909999999999959286e+00
3.919999999999959073e+00
3.929999999999958860e+00
3.939999999999958646e+00
3.949999999999958433e+00
3.959999999999958220e+00
3.969999999999958007e+00
3.979999999999957794e+00
3.989999999999957581e+00
3.999999999999957367e+00
4.009999999999957154e+00
4.019999999999956941e+00
4.029999999999956728e+00
4.039999999999956515e+00
4.049999999999956302e+00
4.059999999999956088e+00
4.069999999999955875e+00
4.079999999999955662e+00
4.089999999999955449e+00
4.099999999999955236e+00
4.109999999999955023e+00
4.119999999999954809e+00
4.129999999999954596e+00
4.139999999999954383e+00
4.149999999999954170e+00
4.159999999999953957e+00
4.169999999999953744e+00
4.179999999999953531e+00
4.189999999999953317e+00
4.199999999999953104e+00
4.209999999999952891e+00
4.219999999999952678e+00
4.229999999999952465e+00
4.239999999999952252e+00
4.249999999999952038e+00
4.259999999999951825e+00
4.269999999999951612e+00
4.279999999999951399e+00
4.289999999999951186e+00
4.299999999999950973e+00
4.309999999999950759e+00
4.319999999999950546e+00
4.329999999999950333e+00
4.339999999999950120e+00
4.349999999999949907e+00
4.359999999999949694e+00
4.369999999999949480e+00
4.379999999999949267e+00
4.389999999999949054e+00
4.399999999999948841e+00
4.409999999999948628e+00
4.419999999999948415e+00
4.429999999999948201e+00
4.439999999999947988e+00
4.449999999999947775e+00
4.459999999999947562e+00
4.469999999999947349e+00
4.479999999999947136e+00
4.489999999999946922e+00
4.499999999999946709e+00
4.509999999999946496e+00
4.519999999999946283e+00
4.529999999999946070e+00
4.539999999999945857e+00
4.549999999999945643e+00
4.559999999999945430e+00
4.569999999999945217e+00
4.579999999999945004e+00
4.589999999999944791e+00
4.599999999999944578e+00
4.609999999999944365e+00
4.619999999999944151e+00
4.629999999999943938e+00
4.639999999999943725e+00
4.649999999999943512e+00
4.659999999999943299e+00
4.669999999999943086e+00
4.679999999999942872e+00
4.689999999999942659e+00
4.699999999999942446e+00
4.709999999999942233e+00
4.719999999999942020e+00
4.729999999999941807e+00
4.739999999999941593e+00
4.749999999999941380e+00
4.759999999999941167e+00
4.769999999999940954e+00
4.779999999999940741e+00
4.789999999999940528e+00
4.799999999999940314e+00
4.809999999999940101e+00
4.819999999999939888e+00
4.829999999999939675e+00
4.839999999999939462e+00
4.849999999999939249e+00
4.859999999999939035e+00
4.869999999999938822e+00
4.879999999999938609e+00
4.889999999999938396e+00
4.899999999999938183e+00
4.909999999999937970e+00
4.919999999999937756e+00
4.929999999999937543e+00
4.939999999999937330e+00
4.949999999999937117e+00
4.959999999999936904e+00
4.969999999999936691e+00
4.979999999999936477e+00
4.989999999999936264e+00
4.999999999999936051e+00
5.009999999999935838e+00
5.019999999999935625e+00
5.029999999999935412e+00
5.039999999999935199e+00
5.049999999999934985e+00
5.059999999999934772e+00
5.069999999999934559e+00
5.079999999999934346e+00
5.089999999999934133e+00
5.099999999999933920e+00
5.109999999999933706e+00
5.119999999999933493e+00
5.129999999999933280e+00
5.139999999999933067e+00
5.149999999999932854e+00
5.159999999999932641e+00
5.169999999999932427e+00
5.179999999999932214e+00
5.189999999999932001e+00
5.199999999999931788e+00
5.209999999999931575e+00
5.219999999999931362e+00
5.229999999999931148e+00
5.239999999999930935e+00
5.249999999999930722e+00
5.259999999999930509e+00
5.269999999999930296e+00
5.279999999999930083e+00
5.289999999999929869e+00
5.299999999999929656e+00
5.309999999999929443e+00
5.319999999999929230e+00
5.329999999999929017e+00
5.339999999999928804e+00
5.349999999999928590e+00
5.359999999999928377e+00
5.369999999999928164e+00
5.379999999999927951e+00
5.389999999999927738e+00
5.399999999999927525e+00
5.409999999999927311e+00
5.419999999999927098e+00
5.429999999999926885e+00
5.439999999999926672e+00
5.449999999999926459e+00
5.459999999999926246e+00
5.469999999999926033e+00
5.479999999999925819e+00
5.489999999999925606e+00
5.499999999999925393e+00
5.509999999999925180e+00
5.519999999999924967e+00
5.529999999999924754e+00
5.539999999999924540e+00
5.549999999999924327e+00
5.559999999999924114e+00
5.569999999999923901e+00
5.579999999999923688e+00
5.589999999999923475e+00
5.599999999999923261e+00
5.609999999999923048e+00
5.619999999999922835e+00
5.629999999999922622e+00
5.639999999999922409e+00
5.649999999999922196e+00
5.659999999999921982e+00
5.669999999999921769e+00
5.679999999999921556e+00
5.689999999999921343e+00
5.699999999999921130e+00
5.709999999999920917e+00
5.719999999999920703e+00
5.729999999999920490e+00
5.739999999999920277e+00
5.749999999999920064e+00
5.759999999999919851e+00
5.769999999999919638e+00
5.779999999999919424e+00
5.789999999999919211e+00
5.799999999999918998e+00
5.809999999999918785e+00
5.819999999999918572e+00
5.829999999999918359e+00
5.839999999999918145e+00
5.849999999999917932e+00
5.859999999999917719e+00
5.869999999999917506e+00
5.879999999999917293e+00
5.889999999999917080e+00
5.899999999999916866e+00
5.909999999999916653e+00
5.919999999999916440e+00
5.929999999999916227e+00
5.939999999999916014e+00
5.949999999999915801e+00
5.959999999999915588e+00
5.969999999999915374e+00
5.979999999999915161e+00
5.989999999999914948e+00
5.999999999999914735e+00
6.009999999999914522e+00
6.019999999999914309e+00
6.029999999999914095e+00
6.039999999999913882e+00
6.049999999999913669e+00
6.059999999999913456e+00
6.069999999999913243e+00
6.079999999999913030e+00
6.089999999999912816e+00
6.099999999999912603e+00
6.109999999999912390e+00
6.119999999999912177e+00
6.129999999999911964e+00
6.139999999999911751e+00
6.149999999999911537e+00
6.159999999999911324e+00
6.169999999999911111e+00
6.179999999999910898e+00
6.189999999999910685e+00
6.199999999999910472e+00
6.209999999999910258e+00
6.219999999999910045e+00
6.229999999999909832e+00
6.239999999999909619e+00
6.249999999999909406e+00
6.259999999999909193e+00
6.269999999999908979e+00
6.279999999999908766e+00
6.289999999999908553e+00
6.299999999999908340e+00
6.309999999999908127e+00
6.319999999999907914e+00
6.329999999999907700e+00
6.339999999999907487e+00
6.349999999999907274e+00
6.359999999999907061e+00
6.369999999999906848e+00
6.379999999999906635e+00
6.389999999999906422e+00
6.399999999999906208e+00
6.409999999999905995e+00
6.419999999999905782e+00
6.429999999999905569e+00
6.439999999999905356e+00
6.449999999999905143e+00
6.459999999999904929e+00
6.469999999999904716e+00
6.479999999999904503e+00
6.489999999999904290e+00
6.499999999999904077e+00
6.509999999999903864e+00
6.519999999999903650e+00
6.529999999999903437e+00
6.539999999999903224e+00
6.549999999999903011e+00
6.559999999999902798e+00
6.569999999999902585e+00
6.579999999999902371e+00
6.589999999999902158e+00
6.599999999999901945e+00
6.609999999999901732e+00
6.619999999999901519e+00
6.629999999999901306e+00
6.639999999999901092e+00
6.649999999999900879e+00
6.659999999999900666e+00
6.669999999999900453e+00
6.679999999999900240e+00
6.689999999999900027e+00
6.699999999999899813e+00
6.709999999999899600e+00
6.719999999999899387e+00
6.729999999999899174e+00
6.739999999999898961e+00
6.749999999999898748e+00
6.759999999999898534e+00
6.769999999999898321e+00
6.779999999999898108e+00
6.789999999999897895e+00
6.799999999999897682e+00
6.809999999999897469e+00
6.819999999999897256e+00
6.829999999999897042e+00
6.839999999999896829e+00
6.849999999999896616e+00
6.859999999999896403e+00
6.869999999999896190e+00
6.879999999999895977e+00
6.889999999999895763e+00
6.899999999999895550e+00
6.909999999999895337e+00
6.919999999999895124e+00
6.929999999999894911e+00
6.939999999999894698e+00
6.949999999999894484e+00
6.959999999999894271e+00
6.969999999999894058e+00
6.979999999999893845e+00
6.989999999999893632e+00
6.999999999999893419e+00
7.009999999999893205e+00
7.019999999999892992e+00
7.029999999999892779e+00
7.039999999999892566e+00
7.049999999999892353e+00
7.059999999999892140e+00
7.069999999999891926e+00
7.079999999999891713e+00
7.089999999999891500e+00
7.099999999999891287e+00
7.109999999999891074e+00
7.119999999999890861e+00
7.129999999999890647e+00
7.139999999999890434e+00
7.149999999999890221e+00
7.159999999999890008e+00
7.169999999999889795e+00
7.179999999999889582e+00
7.189999999999889368e+00
7.199999999999889155e+00
7.209999999999888942e+00
7.219999999999888729e+00
7.229999999999888516e+00
7.239999999999888303e+00
7.249999999999888090e+00
7.259999999999887876e+00
7.269999999999887663e+00
7.279999999999887450e+00
7.289999999999887237e+00
7.299999999999887024e+00
7.309999999999886811e+00
7.319999999999886597e+00
7.329999999999886384e+00
7.339999999999886171e+00
7.349999999999885958e+00
7.359999999999885745e+00
7.369999999999885532e+00
7.379999999999885318e+00
7.389999999999885105e+00
7.399999999999884892e+00
7.409999999999884679e+00
7.419999999999884466e+00
7.429999999999884253e+00
7.439999999999884039e+00
7.449999999999883826e+00
7.459999999999883613e+00
7.469999999999883400e+00
7.479999999999883187e+00
7.489999999999882974e+00
7.499999999999882760e+00
7.509999999999882547e+00
7.519999999999882334e+00
7.529999999999882121e+00
7.539999999999881908e+00
7.549999999999881695e+00
7.559999999999881481e+00
7.569999999999881268e+00
7.579999999999881055e+00
7.589999999999880842e+00
7.599999999999880629e+00
7.609999999999880416e+00
7.619999999999880202e+00
7.629999999999879989e+00
7.639999999999879776e+00
7.649999999999879563e+00
7.659999999999879350e+00
7.669999999999879137e+00
7.679999999999878924e+00
7.689999999999878710e+00
7.699999999999878497e+00
7.709999999999878284e+00
7.719999999999878071e+00
7.729999999999877858e+00
7.739999999999877645e+00
7.749999999999877431e+00
7.759999999999877218e+00
7.769999999999877005e+00
7.779999999999876792e+00
7.789999999999876579e+00
7.799999999999876366e+00
7.809999999999876152e+00
7.819999999999875939e+00
7.829999999999875726e+00
7.839999999999875513e+00
7.849999999999875300e+00
7.859999999999875087e+00
7.869999999999874873e+00
7.879999999999874660e+00
7.889999999999874447e+00
7.899999999999874234e+00
7.909999999999874021e+00
7.919999999999873808e+00
7.929999999999873594e+00
7.939999999999873381e+00
7.949999999999873168e+00
7.959999999999872955e+00
7.969999999999872742e+00
7.979999999999872529e+00
7.989999999999872315e+00
7.999999999999872102e+00
8.009999999999871889e+00
8.019999999999871676e+00
8.029999999999871463e+00
8.039999999999871250e+00
8.049999999999871036e+00
8.054999999999871818e+00
8.059999999999872600e+00
8.064999999999873381e+00
8.074999999999873168e+00
8.080000000000000071e+00
8.085000000000000853e+00
8.095000000000000639e+00
8.100000000000001421e+00
8.105000000000002203e+00
8.115000000000001990e+00
8.120000000000000995e+00
8.129999999999999005e+00
8.139999999999998792e+00
8.149999999999998579e+00
8.159999999999998366e+00
8.169999999999998153e+00
8.179999999999997939e+00
8.189999999999997726e+00
8.199999999999997513e+00
8.209999999999997300e+00
8.219999999999997087e+00
8.229999999999996874e+00
8.239999999999996660e+00
8.249999999999996447e+00
8.259999999999996234e+00
8.269999999999996021e+00
8.279999999999995808e+00
8.289999999999995595e+00
8.299999999999995381e+00
8.304999999999996163e+00
8.309999999999996945e+00
8.314999999999997726e+00
8.320000000000000284e+00
8.325000000000001066e+00
8.330000000000001847e+00
8.335000000000002629e+00
8.345000000000002416e+00
8.350000000000003197e+00
8.355000000000000426e+00
8.359999999999999432e+00
8.369999999999997442e+00
8.379999999999997229e+00
8.384999999999998010e+00
8.394999999999997797e+00
8.400000000000000355e+00
8.410000000000000142e+00
8.419999999999999929e+00
8.429999999999999716e+00
8.439999999999999503e+00
8.449999999999999289e+00
8.459999999999999076e+00
8.469999999999998863e+00
8.479999999999998650e+00
8.489999999999998437e+00
8.499999999999998224e+00
8.509999999999998010e+00
8.519999999999997797e+00
8.529999999999997584e+00
8.539999999999997371e+00
8.549999999999997158e+00
8.559999999999996945e+00
8.569999999999996732e+00
8.574999999999997513e+00
8.579999999999998295e+00
8.584999999999999076e+00
8.587499999999998579e+00
8.592499999999999361e+00
8.596249999999999503e+00
8.599999999999999645e+00
8.603749999999999787e+00
8.607499999999999929e+00
8.611250000000000071e+00
8.615000000000000213e+00
8.618750000000000355e+00
8.622500000000000497e+00
8.630000000000000782e+00
8.635000000000001563e+00
8.640000000000000568e+00
8.644999999999999574e+00
8.649999999999998579e+00
8.654999999999997584e+00
8.659999999999996589e+00
8.669999999999994600e+00
8.679999999999994387e+00
8.689999999999994174e+00
8.699999999999993960e+00
8.709999999999993747e+00
8.719999999999993534e+00
8.729999999999993321e+00
8.739999999999993108e+00
8.749999999999992895e+00
8.759999999999992681e+00
8.769999999999992468e+00
8.779999999999992255e+00
8.789999999999992042e+00
8.799999999999991829e+00
8.804999999999992610e+00
8.809999999999993392e+00
8.814999999999994174e+00
8.819999999999994955e+00
8.824999999999995737e+00
8.829999999999996518e+00
8.834999999999997300e+00
8.839999999999999858e+00
8.842499999999999361e+00
8.844999999999998863e+00
8.849999999999999645e+00
8.852499999999999147e+00
8.854999999999998650e+00
8.859999999999999432e+00
8.862499999999998934e+00
8.864999999999998437e+00
8.869999999999999218e+00
8.872499999999998721e+00
8.874999999999998224e+00
8.877499999999997726e+00
8.880000000000000782e+00
8.882500000000003837e+00
8.885000000000006892e+00
8.887500000000009948e+00
8.890000000000013003e+00
8.895000000000019114e+00
8.897500000000018616e+00
8.902500000000019398e+00
8.907500000000020179e+00
8.917500000000019966e+00
8.919999999999999929e+00
8.924999999999959854e+00
8.934999999999879705e+00
8.944999999999879492e+00
8.954999999999879279e+00
8.960000000000000853e+00
8.970000000000000639e+00
8.980000000000000426e+00
8.990000000000000213e+00
9.000000000000000000e+00
9.009999999999999787e+00
9.019999999999999574e+00
9.029999999999999361e+00
9.039999999999999147e+00
9.049999999999998934e+00
9.059999999999998721e+00
9.064999999999999503e+00
9.070000000000000284e+00
9.074999999999999289e+00
9.077500000000000568e+00
9.080000000000000071e+00
9.084999999999999076e+00
9.087499999999998579e+00
9.089999999999998082e+00
9.094999999999997087e+00
9.099999999999996092e+00
9.102499999999995595e+00
9.104999999999995097e+00
9.107499999999994600e+00
9.109999999999994102e+00
9.112499999999993605e+00
9.114999999999993108e+00
9.117499999999992610e+00
9.120000000000000995e+00
9.122500000000009379e+00
9.127500000000026148e+00
9.130000000000025651e+00
9.132500000000025153e+00
9.137500000000025935e+00
9.140000000000025437e+00
9.145000000000026219e+00
9.150000000000027001e+00
9.155000000000013571e+00
9.160000000000000142e+00
9.164999999999986713e+00
9.169999999999973284e+00
9.179999999999946425e+00
9.184999999999947207e+00
9.194999999999946994e+00
9.200000000000001066e+00
9.210000000000000853e+00
9.220000000000000639e+00
9.230000000000000426e+00
9.240000000000000213e+00
9.250000000000000000e+00
9.259999999999999787e+00
9.269999999999999574e+00
9.279999999999999361e+00
9.289999999999999147e+00
9.299999999999998934e+00
9.309999999999998721e+00
9.314999999999999503e+00
9.320000000000000284e+00
9.325000000000001066e+00
9.330000000000001847e+00
9.335000000000002629e+00
9.337500000000002132e+00
9.342500000000002913e+00
9.345000000000002416e+00
9.347500000000001918e+00
9.350000000000001421e+00
9.352500000000000924e+00
9.357500000000001705e+00
9.359999999999999432e+00
9.364999999999994884e+00
9.367499999999992610e+00
9.369999999999990337e+00
9.374999999999985789e+00
9.384999999999976694e+00
9.389999999999977476e+00
9.392499999999976978e+00
9.394999999999976481e+00
9.397499999999975984e+00
9.400000000000000355e+00
9.402500000000024727e+00
9.405000000000049099e+00
9.407500000000073470e+00
9.410000000000097842e+00
9.415000000000146585e+00
9.417500000000146088e+00
9.420000000000145590e+00
9.425000000000146372e+00
9.427500000000145874e+00
9.432500000000146656e+00
9.436250000000072191e+00
9.439999999999999503e+00
9.447499999999854126e+00
9.457499999999853912e+00
9.462499999999854694e+00
9.472499999999854481e+00
9.480000000000000426e+00
9.490000000000000213e+00
9.500000000000000000e+00
9.509999999999999787e+00
9.519999999999999574e+00
9.529999999999999361e+00
9.539999999999999147e+00
9.549999999999998934e+00
9.559999999999998721e+00
9.569999999999998508e+00
9.579999999999998295e+00
9.584999999999999076e+00
9.589999999999999858e+00
9.594999999999998863e+00
9.597500000000000142e+00
9.599999999999999645e+00
9.604999999999998650e+00
9.607499999999998153e+00
9.609999999999997655e+00
9.612499999999997158e+00
9.614999999999996660e+00
9.619999999999995666e+00
9.622499999999995168e+00
9.624999999999994671e+00
9.627499999999994174e+00
9.629999999999993676e+00
9.632499999999993179e+00
9.634999999999992681e+00
9.637499999999992184e+00
9.640000000000000568e+00
9.642500000000008953e+00
9.645000000000017337e+00
9.647500000000025722e+00
9.650000000000034106e+00
9.652500000000042490e+00
9.657500000000059259e+00
9.660000000000058762e+00
9.665000000000059543e+00
9.667500000000059046e+00
9.670000000000058549e+00
9.672500000000058051e+00
9.677500000000058833e+00
9.679999999999999716e+00
9.684999999999881481e+00
9.687499999999822364e+00
9.692499999999704130e+00
9.697499999999585896e+00
9.707499999999349427e+00
9.712499999999350209e+00
9.720000000000000639e+00
9.730000000000000426e+00
9.740000000000000213e+00
9.750000000000000000e+00
9.759999999999999787e+00
9.769999999999999574e+00
9.775000000000000355e+00
9.785000000000000142e+00
9.794999999999999929e+00
9.800000000000000711e+00
9.810000000000000497e+00
9.820000000000000284e+00
9.830000000000000071e+00
9.839999999999999858e+00
9.845000000000000639e+00
9.850000000000001421e+00
9.852500000000000924e+00
9.855000000000000426e+00
9.857499999999999929e+00
9.862500000000000711e+00
9.865000000000000213e+00
9.867499999999999716e+00
9.872500000000000497e+00
9.874375000000000568e+00
9.876250000000000639e+00
9.880000000000000782e+00
9.883750000000000924e+00
9.891250000000001208e+00
9.893750000000000711e+00
9.896250000000000213e+00
9.897500000000000853e+00
9.900000000000000355e+00
9.901250000000000995e+00
9.903750000000000497e+00
9.905000000000001137e+00
9.907500000000000639e+00
9.910000000000000142e+00
9.912499999999999645e+00
9.914999999999999147e+00
9.917500000000000426e+00
9.919999999999999929e+00
9.922499999999999432e+00
9.924999999999998934e+00
9.929999999999997939e+00
9.932499999999997442e+00
9.934999999999996945e+00
9.937499999999996447e+00
9.942499999999995453e+00
9.947499999999994458e+00
9.952499999999993463e+00
9.956249999999997158e+00
9.960000000000000853e+00
9.967500000000008242e+00
9.977500000000008029e+00
9.987500000000007816e+00
9.997500000000007603e+00
1.000000000000000000e+01
1.000499999999998479e+01
1.001499999999995438e+01
1.002499999999995417e+01
1.003499999999995396e+01
1.004000000000000092e+01
1.005000000000000071e+01
1.006000000000000050e+01
1.007000000000000028e+01
1.008000000000000007e+01
1.008500000000000085e+01
1.009000000000000163e+01
1.009500000000000242e+01
1.010000000000000320e+01
1.010500000000000398e+01
1.011000000000000476e+01
1.011500000000000199e+01
1.012000000000000099e+01
1.012250000000000050e+01
1.012500000000000000e+01
1.012749999999999950e+01
1.012999999999999901e+01
1.013249999999999851e+01
1.013749999999999751e+01
1.013999999999999702e+01
1.014499999999999602e+01
1.014749999999999552e+01
1.014999999999999503e+01
1.015249999999999453e+01
1.015499999999999403e+01
1.015749999999999353e+01
1.016000000000000014e+01
1.016250000000000675e+01
1.016500000000001336e+01
1.016750000000001997e+01
1.017000000000002657e+01
1.017250000000003318e+01
1.017500000000003979e+01
1.017750000000004640e+01
1.018000000000005301e+01
1.018250000000005961e+01
1.018500000000006622e+01
1.019000000000007944e+01
1.019250000000005940e+01
1.019750000000001933e+01
1.020000000000000107e+01
1.020499999999996454e+01
1.020999999999992802e+01
1.021499999999989150e+01
1.021999999999985498e+01
1.022499999999981846e+01
1.022999999999978193e+01
1.023999999999970889e+01
1.024999999999970868e+01
1.025999999999970846e+01
1.026999999999970825e+01
1.027999999999970804e+01
1.028999999999970782e+01
1.029999999999970761e+01
1.030999999999970740e+01
1.031999999999970719e+01
1.032999999999970697e+01
1.033999999999970676e+01
1.034999999999970655e+01
1.035999999999970633e+01
1.036499999999970711e+01
1.036999999999970790e+01
1.037249999999970740e+01
1.037499999999970690e+01
1.037999999999970768e+01
1.038499999999970846e+01
1.038749999999970797e+01
1.038999999999970747e+01
1.039249999999970697e+01
1.039499999999970647e+01
1.039749999999970598e+01
1.040000000000000036e+01
1.040250000000029473e+01
1.040500000000058911e+01
1.040750000000088349e+01
1.041250000000147224e+01
1.041500000000147175e+01
1.041750000000147125e+01
1.042000000000147075e+01
1.042250000000147026e+01
1.042500000000146976e+01
1.042750000000146926e+01
1.043000000000146876e+01
1.043250000000146827e+01
1.043500000000146777e+01
1.043750000000073364e+01
1.043999999999999950e+01
1.044499999999853124e+01
1.045499999999559471e+01
1.046499999999559449e+01
1.047499999999559428e+01
1.048000000000000043e+01
1.049000000000000021e+01
1.049500000000000099e+01
1.050500000000000078e+01
1.051500000000000057e+01
1.051999999999999957e+01
1.052999999999999758e+01
1.053999999999999737e+01
1.054999999999999716e+01
1.055999999999999694e+01
1.056999999999999673e+01
1.057999999999999652e+01
1.058999999999999631e+01
1.059999999999999609e+01
1.060499999999999687e+01
1.061499999999999666e+01
1.061999999999999744e+01
1.062499999999999822e+01
1.062999999999999901e+01
1.063499999999999979e+01
1.064000000000000057e+01
1.064500000000000135e+01
1.064750000000000085e+01
1.065250000000000163e+01
1.065750000000000242e+01
1.066000000000000192e+01
1.066250000000000142e+01
1.066500000000000092e+01
1.067000000000000171e+01
1.067250000000000121e+01
1.067500000000000071e+01
1.067750000000000021e+01
1.067999999999999972e+01
1.068249999999999922e+01
1.068499999999999872e+01
1.068999999999999773e+01
1.069249999999999723e+01
1.069499999999999673e+01
1.069749999999999623e+01
1.069999999999999574e+01
1.070499999999999474e+01
1.070749999999999424e+01
1.070999999999999375e+01
1.071499999999999275e+01
1.071749999999999758e+01
1.072000000000000064e+01
1.072500000000000675e+01
1.072750000000000625e+01
1.073250000000000703e+01
1.074250000000000682e+01
1.074750000000000760e+01
1.075250000000000838e+01
1.075999999999999979e+01
1.076500000000000057e+01
1.077500000000000036e+01
1.078000000000000114e+01
1.079000000000000092e+01
1.080000000000000071e+01
1.081000000000000050e+01
1.082000000000000028e+01
1.083000000000000007e+01
1.083999999999999986e+01
1.084999999999999964e+01
1.085999999999999943e+01
1.086999999999999922e+01
1.087500000000000000e+01
1.088000000000000078e+01
1.088500000000000156e+01
1.089000000000000234e+01
1.089250000000000185e+01
1.089500000000000135e+01
1.089750000000000085e+01
1.089875000000000149e+01
1.090125000000000099e+01
1.090625000000000178e+01
1.091125000000000256e+01
1.091343750000000234e+01
1.091562500000000036e+01
1.091999999999999815e+01
1.092437499999999773e+01
1.092656249999999751e+01
1.092874999999999552e+01
1.093093749999999353e+01
1.093312499999999154e+01
1.093531249999998956e+01
1.093749999999998757e+01
1.093968749999998558e+01
1.094187499999998359e+01
1.094406249999998160e+01
1.094624999999997961e+01
1.094843749999997762e+01
1.095062499999997563e+01
1.095281249999997364e+01
1.095499999999997165e+01
1.095718749999996966e+01
1.096000000000000085e+01
1.096281250000003205e+01
1.096562500000006324e+01
1.096843750000009443e+01
1.097125000000012562e+01
1.097406250000015682e+01
1.097687500000018801e+01
1.097968750000021920e+01
1.098250000000025040e+01
1.098531250000028159e+01
1.098812500000031278e+01
1.099375000000037517e+01
1.100000000000000000e+01
1.100500000000000078e+01
1.101000000000000156e+01
1.102000000000000135e+01
1.103000000000000114e+01
1.104000000000000092e+01
1.105000000000000071e+01
1.106000000000000050e+01
1.107000000000000028e+01
1.108000000000000007e+01
1.108999999999999986e+01
1.109999999999999964e+01
1.110999999999999943e+01
1.112000000000000099e+01
1.113000000000000078e+01
1.114000000000000057e+01
1.114500000000000135e+01
1.115000000000000213e+01
1.115500000000000114e+01
1.115750000000000064e+01
1.116000000000000014e+01
1.116249999999999964e+01
1.116499999999999915e+01
1.116749999999999865e+01
1.116999999999999815e+01
1.117249999999999766e+01
1.117749999999999666e+01
1.118249999999999567e+01
1.118499999999999517e+01
1.118749999999999467e+01
1.118999999999999417e+01
1.119249999999999368e+01
1.119499999999999318e+01
1.119749999999999268e+01
1.120000000000000107e+01
1.120250000000000945e+01
1.120500000000001783e+01
1.120750000000002622e+01
1.121000000000003460e+01
1.121250000000004299e+01
1.121500000000005137e+01
1.121750000000005976e+01
1.122000000000006814e+01
1.122250000000007653e+01
1.122500000000008491e+01
1.122750000000009329e+01
1.123250000000011006e+01
1.123437500000008171e+01
1.123625000000005514e+01
1.124000000000000021e+01
1.124187499999997186e+01
1.124562499999991694e+01
1.124937499999986201e+01
1.125312499999980709e+01
1.125687499999975216e+01
1.126062499999969724e+01
1.126437499999964231e+01
1.126812499999958739e+01
1.127562499999947754e+01
1.127999999999999936e+01
1.128875000000104301e+01
1.129875000000104279e+01
1.130875000000104258e+01
1.131875000000104237e+01
1.132000000000000028e+01
1.132249999999791612e+01
1.132749999999374779e+01
1.133749999998541114e+01
1.134749999998541092e+01
1.135749999998541071e+01
1.135999999999999943e+01
1.136500000002917687e+01
1.137500000002917666e+01
1.138500000002917645e+01
1.139500000002917623e+01
1.140000000000000036e+01
1.140499999997082448e+01
1.140999999994164860e+01
1.141499999991247272e+01
1.141749999989788478e+01
1.142249999986870890e+01
1.142499999985412096e+01
1.142749999983953302e+01
1.143249999981035714e+01
1.143437499985776817e+01
1.143624999990517743e+01
1.143812499995258669e+01
1.143999999999999950e+01
1.144187500004741231e+01
1.144562500014223794e+01
1.144937500023706356e+01
1.145312500033188918e+01
1.145500000037930199e+01
1.145875000047412762e+01
1.146250000056895324e+01
1.146437500061636605e+01
1.146625000066377886e+01
1.146812500071119167e+01
1.147000000075860449e+01
1.147375000085343011e+01
1.147531250064007402e+01
1.147687500042671793e+01
1.147843750021336007e+01
1.148000000000000043e+01
1.148156249978664079e+01
1.148312499957328114e+01
1.148468749935992150e+01
1.148781249893320222e+01
1.149093749850648294e+01
1.149406249807976366e+01
1.150031249722632509e+01
1.150281249722632460e+01
1.150531249722632410e+01
1.151031249722632488e+01
1.151515624861316311e+01
1.151757812430658134e+01
1.151999999999999957e+01
1.152484375138683603e+01
1.153453125416050895e+01
1.153953125416050973e+01
1.154953125416050952e+01
1.155953125416050931e+01
1.156000000000000050e+01
1.156093749167898288e+01
1.156281247503694765e+01
1.156656244175287718e+01
1.157406237518473624e+01
1.158406237518473603e+01
1.159406237518473581e+01
1.159999999999999964e+01
1.160999999999999943e+01
1.161999999999999922e+01
1.162999999999999901e+01
1.163999999999999879e+01
1.164999999999999858e+01
1.165499999999999936e+01
1.166000000000000014e+01
1.166500000000000092e+01
1.167000000000000171e+01
1.167500000000000071e+01
1.167999999999999972e+01
1.168249999999999922e+01
1.168499999999999872e+01
1.168749999999999822e+01
1.168999999999999773e+01
1.169249999999999723e+01
1.169749999999999623e+01
1.169999999999999574e+01
1.170249999999999524e+01
1.170499999999999474e+01
1.170999999999999375e+01
1.171249999999999325e+01
1.171499999999999275e+01
1.171749999999999226e+01
1.172000000000000064e+01
1.172250000000000902e+01
1.172500000000001741e+01
1.172750000000002579e+01
1.173000000000003418e+01
1.173250000000004256e+01
1.173500000000005095e+01
1.173750000000005933e+01
1.174000000000006771e+01
1.174250000000007610e+01
1.174500000000008448e+01
1.174750000000009287e+01
1.175250000000010964e+01
1.175437500000008129e+01
1.175812500000002636e+01
1.175999999999999979e+01
1.176374999999994664e+01
1.177124999999984034e+01
1.177624999999984112e+01
1.178124999999984190e+01
1.179124999999984169e+01
1.180000000000000071e+01
1.181000000000000050e+01
1.182000000000000028e+01
1.183000000000000007e+01
1.183999999999999986e+01
1.184999999999999964e+01
1.185999999999999943e+01
1.186999999999999922e+01
1.187999999999999901e+01
1.188999999999999879e+01
1.189999999999999858e+01
1.190999999999999837e+01
1.191499999999999915e+01
1.191999999999999993e+01
1.192500000000000071e+01
1.193000000000000149e+01
1.193500000000000227e+01
1.194000000000000306e+01
1.194250000000000256e+01
1.194500000000000206e+01
1.195000000000000284e+01
1.195250000000000234e+01
1.195500000000000185e+01
1.196000000000000085e+01
1.196250000000000036e+01
1.196499999999999986e+01
1.196749999999999936e+01
1.196999999999999886e+01
1.197249999999999837e+01
1.197499999999999787e+01
1.197749999999999737e+01
1.197999999999999687e+01
1.198499999999999588e+01
1.198749999999999538e+01
1.198999999999999488e+01
1.199249999999999439e+01
1.199374999999999503e+01
1.199624999999999453e+01
1.200000000000000000e+01
1.200187500000000185e+01
1.200562500000000732e+01
1.200750000000001094e+01
1.200937500000001279e+01
1.201125000000001464e+01
1.201312500000001648e+01
1.201500000000001833e+01
1.201687500000002018e+01
1.202062500000002565e+01
1.202437500000003112e+01
1.202625000000003297e+01
1.203000000000003844e+01
1.203187500000004206e+01
1.203562500000004754e+01
1.204000000000000092e+01
1.204437499999995431e+01
1.204874999999990770e+01
1.205312499999986109e+01
1.206187499999976787e+01
1.207187499999976765e+01
1.208000000000000007e+01
1.208999999999999986e+01
1.209999999999999964e+01
1.210999999999999943e+01
1.212000000000000099e+01
1.213000000000000078e+01
1.214000000000000057e+01
1.215000000000000036e+01
1.216000000000000014e+01
1.216999999999999993e+01
1.217500000000000071e+01
1.218000000000000149e+01
1.218500000000000227e+01
1.219000000000000306e+01
1.220000000000000107e+01
1.220250000000000057e+01
1.220500000000000007e+01
1.221000000000000085e+01
1.221250000000000036e+01
1.221750000000000114e+01
1.222000000000000064e+01
1.222250000000000014e+01
1.222499999999999964e+01
1.223000000000000043e+01
1.223249999999999993e+01
1.223500000000000121e+01
1.224000000000000021e+01
1.224499999999999922e+01
1.224749999999999872e+01
1.224999999999999822e+01
1.225249999999999773e+01
1.225499999999999723e+01
1.225749999999999673e+01
1.225999999999999623e+01
1.226249999999999574e+01
1.226499999999999524e+01
1.226749999999999474e+01
1.226999999999999424e+01
1.227249999999999375e+01
1.227499999999999325e+01
1.227999999999999226e+01
1.228499999999999126e+01
1.229499999999998927e+01
1.229999999999999005e+01
1.230499999999999083e+01
1.230999999999999162e+01
1.231499999999999240e+01
1.232000000000000028e+01
1.233000000000000007e+01
1.233999999999999986e+01
1.234999999999999964e+01
1.235999999999999943e+01
1.236999999999999922e+01
1.237999999999999901e+01
1.238999999999999879e+01
1.239999999999999858e+01
1.240999999999999837e+01
1.241999999999999815e+01
1.242999999999999794e+01
1.243499999999999872e+01
1.243999999999999950e+01
1.244500000000000028e+01
1.245000000000000107e+01
1.245500000000000185e+01
1.246500000000000163e+01
1.247000000000000242e+01
1.247250000000000192e+01
1.247500000000000142e+01
1.248000000000000043e+01
1.248249999999999993e+01
1.248749999999999893e+01
1.248999999999999844e+01
1.249249999999999794e+01
1.249749999999999694e+01
1.249999999999999645e+01
1.250249999999999595e+01
1.250499999999999545e+01
1.250749999999999496e+01
1.250874999999999559e+01
1.251124999999999510e+01
1.251624999999999410e+01
1.251999999999999957e+01
1.252375000000000504e+01
1.252562500000000867e+01
1.252750000000001052e+01
1.252937500000001236e+01
1.253125000000001421e+01
1.253312500000001606e+01
1.253500000000001791e+01
1.253687500000001975e+01
1.253875000000002160e+01
1.254062500000002345e+01
1.254437500000002892e+01
1.254812500000003439e+01
1.255562500000004533e+01
1.256000000000000050e+01
1.256874999999991083e+01
1.257374999999991161e+01
1.257874999999991239e+01
1.258874999999991218e+01
1.259874999999991196e+01
1.259999999999999964e+01
1.260250000000017501e+01
1.260750000000052573e+01
1.261750000000052552e+01
1.262750000000052530e+01
1.263750000000052509e+01
1.264000000000000057e+01
1.264499999999895152e+01
1.265499999999685343e+01
1.266499999999685322e+01
1.267499999999685301e+01
1.267999999999999972e+01
1.268999999999999950e+01
1.269999999999999929e+01
1.270999999999999908e+01
1.271999999999999886e+01
1.272499999999999964e+01
1.272749999999999915e+01
1.273249999999999993e+01
1.273750000000000071e+01
1.274000000000000021e+01
1.274249999999999972e+01
1.274499999999999922e+01
1.274749999999999872e+01
1.274999999999999822e+01
1.275249999999999773e+01
1.275749999999999851e+01
1.275999999999999979e+01
1.276250000000000107e+01
1.276500000000000234e+01
1.276750000000000362e+01
1.277000000000000490e+01
1.277250000000000618e+01
1.277500000000000746e+01
1.277750000000000874e+01
1.278000000000001002e+01
1.278250000000001130e+01
1.278500000000001258e+01
1.278750000000001386e+01
1.279000000000001513e+01
1.279250000000001641e+01
1.279500000000001769e+01
1.279750000000001009e+01
1.280000000000000071e+01
1.280249999999999133e+01
1.280499999999998195e+01
1.280999999999996319e+01
1.281249999999995381e+01
1.281749999999993506e+01
1.282249999999991630e+01
1.282749999999989754e+01
1.283749999999986002e+01
1.283999999999999986e+01
1.284500000000027953e+01
1.285500000000027931e+01
1.286500000000027910e+01
1.287500000000027889e+01
1.288000000000000078e+01
1.288999999999944457e+01
1.289999999999944436e+01
1.290999999999944414e+01
1.291999999999944393e+01
1.292999999999944372e+01
1.293999999999944350e+01
1.294999999999944329e+01
1.295499999999944407e+01
1.296000000000000085e+01
1.297000000000000064e+01
1.297500000000000142e+01
1.298500000000000121e+01
1.299500000000000099e+01
1.299750000000000050e+01
1.300000000000000000e+01
1.300249999999999950e+01
1.300499999999999901e+01
1.300749999999999851e+01
1.301249999999999751e+01
1.301499999999999702e+01
1.301749999999999652e+01
1.301874999999999716e+01
1.302124999999999666e+01
1.302249999999999730e+01
1.302499999999999680e+01
1.302624999999999744e+01
1.302874999999999694e+01
1.303124999999999645e+01
1.303374999999999595e+01
1.303624999999999545e+01
1.303812499999999730e+01
1.304000000000000092e+01
1.304187500000000455e+01
1.304375000000000817e+01
1.304750000000001542e+01
1.305125000000002267e+01
1.305312500000002629e+01
1.305500000000002991e+01
1.305687500000003354e+01
1.305875000000003716e+01
1.306062500000004079e+01
1.306250000000004441e+01
1.306625000000005166e+01
1.306812500000005528e+01
1.307187500000006253e+01
1.307562500000006978e+01
1.308000000000000007e+01
1.308874999999986066e+01
1.309374999999986144e+01
1.310374999999986123e+01
1.311374999999986102e+01
1.312000000000000099e+01
1.313000000000000078e+01
1.314000000000000057e+01
1.315000000000000036e+01
1.316000000000000014e+01
1.316999999999999993e+01
1.317999999999999972e+01
1.318999999999999950e+01
1.320000000000000107e+01
1.321000000000000085e+01
1.321500000000000163e+01
1.322000000000000242e+01
1.323000000000000220e+01
1.324000000000000021e+01
1.324500000000000099e+01
1.324750000000000050e+01
1.325250000000000128e+01
1.325500000000000078e+01
1.325750000000000028e+01
1.325999999999999979e+01
1.326249999999999929e+01
1.326750000000000007e+01
1.327250000000000085e+01
1.327625000000000099e+01
1.328000000000000114e+01
1.328187500000000121e+01
1.328375000000000128e+01
1.328562500000000135e+01
1.328750000000000142e+01
1.328937500000000149e+01
1.329125000000000156e+01
1.329500000000000171e+01
1.329687500000000178e+01
1.330062500000000192e+01
1.330437500000000206e+01
1.330812500000000220e+01
1.331000000000000227e+01
1.331375000000000242e+01
1.331687500000000135e+01
1.332000000000000028e+01
1.332312499999999922e+01
1.332624999999999815e+01
1.332937499999999709e+01
1.333249999999999602e+01
1.333562499999999496e+01
1.334187499999999282e+01
1.334687499999999361e+01
1.335687499999999339e+01
1.335999999999999943e+01
1.336625000000001151e+01
1.337625000000001130e+01
1.338625000000001108e+01
1.339625000000001087e+01
1.340000000000000036e+01
1.340749999999997932e+01
1.341749999999997911e+01
1.342749999999997890e+01
1.343749999999997868e+01
1.343999999999999950e+01
1.344500000000004114e+01
1.345500000000004093e+01
1.346500000000004071e+01
1.347500000000004050e+01
1.348000000000000043e+01
1.348499999999996035e+01
1.349499999999988020e+01
1.349999999999988098e+01
1.350499999999988177e+01
1.350749999999988127e+01
1.350999999999988077e+01
1.351499999999988155e+01
1.351999999999999957e+01
1.352500000000000036e+01
1.352749999999999986e+01
1.352999999999999936e+01
1.353500000000000014e+01
1.353749999999999964e+01
1.353999999999999915e+01
1.354499999999999993e+01
1.354749999999999943e+01
1.354999999999999893e+01
1.355249999999999844e+01
1.355499999999999794e+01
1.355749999999999744e+01
1.356000000000000050e+01
1.356250000000000355e+01
1.356500000000000661e+01
1.356750000000000966e+01
1.357000000000001272e+01
1.357250000000001577e+01
1.357500000000001883e+01
1.358000000000002494e+01
1.358250000000002444e+01
1.358500000000002395e+01
1.359000000000002473e+01
1.359250000000001890e+01
1.359500000000001307e+01
1.359999999999999964e+01
1.360499999999998622e+01
1.360999999999997279e+01
1.361499999999995936e+01
1.362499999999993250e+01
1.362999999999993328e+01
1.363999999999993307e+01
1.364499999999993385e+01
1.365499999999993364e+01
1.366499999999993342e+01
1.367499999999993321e+01
1.367999999999999972e+01
1.368999999999999950e+01
1.369999999999999929e+01
1.370999999999999908e+01
1.371999999999999886e+01
1.372999999999999865e+01
1.373999999999999844e+01
1.374999999999999822e+01
1.375499999999999901e+01
1.375999999999999979e+01
1.376500000000000057e+01
1.377000000000000135e+01
1.377500000000000213e+01
1.377750000000000163e+01
1.378250000000000242e+01
1.378500000000000192e+01
1.379000000000000270e+01
1.379250000000000220e+01
1.379500000000000171e+01
1.379750000000000121e+01
1.380000000000000071e+01
1.380250000000000021e+01
1.380499999999999972e+01
1.380749999999999922e+01
1.380999999999999872e+01
1.381249999999999822e+01
1.381499999999999773e+01
1.381749999999999723e+01
1.381999999999999673e+01
1.382249999999999623e+01
1.382499999999999574e+01
1.382749999999999524e+01
1.383249999999999424e+01
1.383437499999999432e+01
1.383812499999999801e+01
1.383999999999999986e+01
1.384375000000000355e+01
1.384750000000000725e+01
1.384937500000000909e+01
1.385312500000001279e+01
1.385687500000001648e+01
1.386062500000002018e+01
1.386812500000002757e+01
1.387312500000002835e+01
1.388000000000000078e+01
1.388500000000000156e+01
1.389500000000000135e+01
1.390500000000000114e+01
1.391500000000000092e+01
1.391999999999999993e+01
1.392999999999999794e+01
1.393999999999999773e+01
1.394999999999999751e+01
1.395999999999999730e+01
1.396999999999999709e+01
1.397999999999999687e+01
1.398999999999999666e+01
1.399999999999999645e+01
1.400499999999999723e+01
1.401499999999999702e+01
1.401999999999999780e+01
1.402499999999999858e+01
1.402749999999999808e+01
1.402999999999999758e+01
1.403499999999999837e+01
1.404000000000000092e+01
1.404250000000000043e+01
1.404499999999999993e+01
1.404749999999999943e+01
1.404999999999999893e+01
1.405249999999999844e+01
1.405499999999999794e+01
1.405749999999999744e+01
1.405999999999999694e+01
1.406249999999999645e+01
1.406499999999999595e+01
1.406999999999999673e+01
1.407499999999999751e+01
1.407749999999999879e+01
1.407874999999999943e+01
1.408000000000000007e+01
1.408125000000000071e+01
1.408375000000000199e+01
1.408500000000000263e+01
1.408750000000000391e+01
1.409000000000000519e+01
1.409250000000000647e+01
1.409750000000000902e+01
1.410000000000000853e+01
1.410250000000000803e+01
1.410500000000000753e+01
1.410750000000000703e+01
1.411250000000000782e+01
1.411437500000000611e+01
1.411812500000000270e+01
1.412000000000000099e+01
1.412187499999999929e+01
1.412562499999999588e+01
1.412937499999999247e+01
1.413312499999998906e+01
1.414062499999998224e+01
1.415062499999998202e+01
1.415531249999999019e+01
1.416000000000000014e+01
1.416937500000002004e+01
1.417937500000001982e+01
1.418937500000001961e+01
1.419937500000001940e+01
1.420000000000000107e+01
1.420124999999996440e+01
1.420374999999989107e+01
1.420874999999974442e+01
1.421874999999945111e+01
1.422874999999945089e+01
1.423874999999945068e+01
1.424000000000000021e+01
1.424250000000109928e+01
1.424750000000329742e+01
1.425750000000329720e+01
1.426250000000329798e+01
1.426750000000329877e+01
1.427250000000329955e+01
1.427625000000164945e+01
1.428000000000000114e+01
1.428749999999670450e+01
1.429249999999670528e+01
1.429499999999670479e+01
1.429749999999670429e+01
1.429999999999670379e+01
1.430249999999670329e+01
1.430499999999670280e+01
1.430999999999670358e+01
1.431249999999670308e+01
1.431499999999670258e+01
1.431749999999670209e+01
1.432000000000000028e+01
1.432250000000329848e+01
1.432500000000659668e+01
1.432750000000989488e+01
1.433000000001319307e+01
1.433250000001649127e+01
1.433500000001978947e+01
1.433750000002308767e+01
1.434000000002638586e+01
1.434250000002968406e+01
1.434500000003298226e+01
1.434750000003628045e+01
1.435000000003957865e+01
1.435250000004287685e+01
1.435500000004617505e+01
1.435750000002308724e+01
1.435999999999999943e+01
1.436249999997691162e+01
1.436749999993073601e+01
1.437249999988456040e+01
1.437749999983838478e+01
1.437999999981529697e+01
1.438499999976912136e+01
1.438999999972294574e+01
1.439249999969985794e+01
1.439749999965368232e+01
1.440000000000000036e+01
1.440500000069263642e+01
1.441500000069263621e+01
1.442500000069263599e+01
1.443500000069263578e+01
1.443999999999999950e+01
1.444999999861472695e+01
1.445999999861472674e+01
1.446999999861472652e+01
1.447999999861472631e+01
1.448999999861472610e+01
1.449999999861472588e+01
1.450999999861472567e+01
1.451999999861472546e+01
1.452499999861472624e+01
1.453499999861472602e+01
1.453999999861472681e+01
1.454499999861472759e+01
1.455499999861472737e+01
1.456000000000000050e+01
1.456250000000000000e+01
1.456499999999999950e+01
1.456749999999999901e+01
1.456999999999999851e+01
1.457249999999999801e+01
1.457499999999999751e+01
1.457749999999999702e+01
1.457999999999999652e+01
1.458249999999999602e+01
1.458499999999999552e+01
1.458749999999999503e+01
1.458999999999999453e+01
1.459249999999999403e+01
1.459499999999999353e+01
1.459749999999999304e+01
1.459999999999999964e+01
1.460250000000000625e+01
1.460500000000001286e+01
1.460750000000001947e+01
1.461000000000002608e+01
1.461250000000003268e+01
1.461500000000003929e+01
1.461750000000004590e+01
1.462000000000005251e+01
1.462250000000005912e+01
1.462500000000006573e+01
1.462750000000007233e+01
1.463000000000007894e+01
1.463500000000009216e+01
1.463750000000004547e+01
1.464000000000000057e+01
1.464499999999991076e+01
1.464749999999986585e+01
1.465249999999977604e+01
1.465499999999973113e+01
1.465999999999964132e+01
1.466499999999955151e+01
1.467499999999937188e+01
1.467999999999999972e+01
1.468999999999999950e+01
1.469999999999999929e+01
1.470999999999999908e+01
1.471999999999999886e+01
1.472999999999999865e+01
1.473999999999999844e+01
1.474999999999999822e+01
1.475999999999999801e+01
1.476999999999999780e+01
1.477999999999999758e+01
1.478999999999999737e+01
1.479999999999999716e+01
1.480499999999999794e+01
1.480749999999999744e+01
1.481249999999999822e+01
1.481499999999999773e+01
1.481749999999999723e+01
1.482249999999999801e+01
1.482499999999999751e+01
1.482749999999999702e+01
1.483249999999999780e+01
1.483437499999999964e+01
1.483812500000000156e+01
1.483999999999999986e+01
1.484374999999999645e+01
1.484749999999999304e+01
1.484937499999999133e+01
1.485124999999998963e+01
1.485499999999998622e+01
1.485687499999998451e+01
1.485874999999998280e+01
1.486062499999998110e+01
1.486249999999997939e+01
1.486624999999997598e+01
1.486999999999997257e+01
1.487374999999996916e+01
1.487687499999998408e+01
1.488000000000000078e+01
1.488312500000001748e+01
1.488625000000003418e+01
1.488937500000005087e+01
1.489250000000006757e+01
1.489562500000008427e+01
1.489875000000010097e+01
1.490500000000013436e+01
1.491000000000013515e+01
1.491500000000006665e+01
1.491999999999999993e+01
1.492499999999993321e+01
1.492999999999986649e+01
1.493999999999973305e+01
1.494999999999973284e+01
1.495999999999973262e+01
1.496999999999973241e+01
1.497999999999973220e+01
1.498999999999973198e+01
1.499999999999973177e+01
